    16484  37.286137 -121.663289     5.802      326.9     -287.7      901.9      3.7      2.6      6.6 1984  4 24 21 20 23.480  3.57   1
    16527  37.286589 -121.664307     5.759      236.7     -237.5      858.5      2.8      2.3      6.0 1984  4 24 21 23 39.960  3.54   1
    17496  37.291187 -121.666886     6.210        7.9      272.8     1309.9      4.9      3.5      7.3 1984  4 25  0  4 49.440  1.23   1
    16521  37.286686 -121.667163     3.668      -16.6     -226.7    -1232.4      3.6      3.1      8.1 1984  4 25  4 16 53.440  3.00   1
    17842  37.288932 -121.668921     3.777     -172.5       22.6    -1123.3      1.9      1.8      4.4 1984  4 25  4 35 19.170  1.90   1
    16635  37.294291 -121.670093     6.092     -276.4      617.3     1191.8      3.5      3.7      7.2 1984  4 25  7 22 22.290  1.40   1
    16576  37.287292 -121.663672     6.093      293.0     -159.4     1192.7      5.8      4.0      8.2 1984  4 25 14  6 57.560  1.62   1
    17929  37.289665 -121.666756     5.777       19.5      103.9      876.2      2.0      1.8      5.8 1984  4 25 22 14 23.140  1.80   1
    16659  37.289982 -121.665894     6.210       96.0      139.1     1309.7      4.6      3.2      6.7 1984  4 26  8 54 51.420  1.52   1
    16701  37.291431 -121.667122     6.227      -13.0      299.9     1326.4      4.7      3.1      6.6 1984  4 26 17 22 44.280  1.57   1
    18075  37.288542 -121.667505     4.246      -46.9      -20.8     -654.0      3.9      2.0      4.1 1984  4 26 20 11 12.520  1.17   1
    16751  37.291374 -121.670964     3.769     -353.6      293.5    -1131.7      2.8      2.2      6.1 1984  4 27  7 48 23.500  0.97   1
    16766  37.287931 -121.665560     5.733      125.6      -88.5      832.8      2.4      1.9      5.6 1984  4 27 11  8  9.220  1.31   1
    16802  37.287321 -121.663647     6.082      295.2     -156.3     1181.6      6.0      4.0      8.7 1984  4 27 19  3 15.040  1.31   1
    16821  37.285177 -121.662573     5.874      390.4     -394.2      973.3      3.4      2.9      7.1 1984  4 28  0  4 31.210  0.83   1
    16827  37.284875 -121.662305     5.875      414.2     -427.7      975.2      3.3      2.1      7.1 1984  4 28  1 43 47.850  1.21   1
    16838  37.294291 -121.670068     6.096     -274.2      617.3     1195.7      3.4      3.6      6.4 1984  4 28  3 54 12.200  1.39   1
    16841  37.286194 -121.665153     4.472      161.6     -281.3     -428.5      3.1      2.7      6.7 1984  4 28  4 43 26.310  1.47   1
    19159  37.290588 -121.666341     6.197       56.3      206.4     1297.0      4.6      3.0      5.5 1984  4 28 16 12 43.750  2.09   1
    16885  37.289071 -121.665202     6.181      157.3       37.9     1280.6      4.4      2.9      5.8 1984  4 28 18 53 49.960  2.18   1
    16911  37.288265 -121.665861     5.735       98.9      -51.5      834.2      2.7      2.4      5.9 1984  4 29  2 29 16.340  1.27   1
    17074  37.289925 -121.665804     6.191      103.9      132.8     1291.0      4.5      3.2      6.4 1984  4 30 14 46  1.740  1.59   1
    17272  37.289697 -121.666756     5.772       19.5      107.5      871.6      1.9      1.9      5.7 1984  5  2  7 34 17.770  1.65   1
    17294  37.293176 -121.672575     3.743     -496.5      493.6    -1157.2      2.7      2.1      4.7 1984  5  2 14 32 55.730  1.70   1
    17356  37.285417 -121.666707     3.486       23.8     -367.6    -1414.8      3.3      3.0      5.6 1984  5  2 22 58 42.360  1.77   1
    17669  37.287297 -121.663639     6.093      295.9     -159.0     1192.3      6.1      4.0      8.9 1984  5  3 23 10 52.920  1.04   1
    17723  37.286186 -121.663216     5.828      333.4     -282.2      927.5      3.6      2.9      6.3 1984  5  4 18 42 58.080  3.05   1
    17526  37.287663 -121.665438     5.707      136.4     -118.3      807.1      2.4      1.8      5.7 1984  5  5  3 31 54.930  2.45   1
    17779  37.285950 -121.663810     5.736      280.7     -308.4      835.7      2.6      2.0      6.0 1984  5  7 14 27 20.420  2.85   1
    17794  37.284656 -121.662826     5.775      368.0     -452.0      874.6      2.9      2.0      5.8 1984  5  7 16 34 13.860  1.30   1
    17834  37.294283 -121.670085     6.089     -275.7      616.4     1188.8      3.4      3.6      6.5 1984  5  8  6 55  3.840  1.17   1
    18466  37.285181 -121.662573     5.870      390.4     -393.8      969.5      3.3      2.5      7.0 1984  5 15  1 42 21.350  1.18   1
    18608  37.291610 -121.667367     6.196      -34.6      319.7     1295.3      4.4      2.8      5.6 1984  5 16 17  9 28.700  2.32   1
    18708  37.289583 -121.666699     5.768       24.5       94.8      868.9      3.2      2.5      6.2 1984  5 17  8 43  3.370  3.32   1
    18857  37.285266 -121.662630     5.891      385.4     -384.3      990.6      3.6      2.4      7.1 1984  5 19  4 20 31.710  0.74   1
    19686  37.290381 -121.669230     4.334     -199.9      183.3     -566.6      3.0      3.7      9.9 1984  5 29 23 53  6.840  0.99   1
    19720  37.289970 -121.665755     6.105      108.2      137.7     1204.7      4.2      2.9      6.2 1984  5 30 12 38 10.840  3.00   1
    19745  37.291166 -121.666919     6.203        5.1      270.5     1302.7      5.3      4.1      8.8 1984  5 30 17  5  4.160  0.80   1
    19776  37.286967 -121.665739     4.465      109.7     -195.5     -435.4      3.0      2.8      7.1 1984  5 31  1 43 34.410  1.22   1
    19860  37.289677 -121.666764     5.770       18.8      105.2      869.7      1.9      1.9      5.9 1984  6  1  3 27 26.880  1.58   1
    19888  37.294283 -121.670068     6.091     -274.2      616.4     1190.4      3.5      3.7      7.6 1984  6  1  9  7  7.310  1.08   1
    19992  37.286450 -121.664168     5.737      249.0     -252.9      836.3      2.5      2.1      5.8 1984  6  2 17 32  6.480  2.92   1
    20113  37.284656 -121.662826     5.755      368.0     -452.0      854.6      3.1      2.1      6.1 1984  6  4 16 23 29.800  1.15   1
    20328  37.292387 -121.667928     6.232      -84.4      406.0     1331.5      6.2      4.8     11.7 1984  6  5 23 51 14.920  0.93   1
    20622  37.287207 -121.665194     5.691      158.0     -168.9      791.1      2.7      1.9      6.0 1984  6 11  4 58 46.580  1.48   1
    20978  37.286137 -121.663200     5.819      334.8     -287.7      918.5      3.1      2.5      6.2 1984  6 16  3 50 27.150  3.13   1
    21561  37.287516 -121.663721     6.146      288.7     -134.6     1246.1      6.0      5.5     13.4 1984  6 26  7 13 18.280  0.80   1
    21644  37.290751 -121.670426     3.784     -306.0      224.4    -1116.4      2.9      2.1      4.8 1984  6 27 14 50 38.140  1.59   1
    22144  37.286194 -121.665153     4.475      161.6     -281.3     -424.9      3.1      2.7      7.0 1984  7  5 12 49 57.720  1.28   1
    22165  37.288590 -121.667619     4.192      -57.0      -15.4     -708.7      4.4      2.3      4.9 1984  7  5 17  6 28.740  0.96   1
    22271  37.290987 -121.670719     3.718     -331.9      250.6    -1182.4      2.8      2.2      5.4 1984  7  7  0 17  9.970  2.67   1
    22280  37.288586 -121.668872     3.725     -168.1      -15.8    -1175.4      2.4      2.0      4.5 1984  7  7  2 35  4.060  1.53   1
    23190  37.289620 -121.669645     3.744     -236.7       98.9    -1156.4      1.8      1.9      4.0 1984  7 17 16 24 49.440  1.85   1
    23195  37.287659 -121.665535     5.705      127.7     -118.8      804.5      2.3      1.7      5.7 1984  7 17 17 53  4.200  2.33   1
    24519  37.289022 -121.669832     3.549     -253.3       32.5    -1351.0      3.7      2.6      4.7 1984  7 30 14 16 49.060  2.31   1
    24674  37.289665 -121.666781     5.768       17.3      103.9      867.3      1.8      1.9      5.9 1984  8  1 12 29 16.890  1.64   1
    25096  37.290055 -121.670443     3.645     -307.4      147.2    -1255.2      2.6      2.7      5.3 1984  8  7  9  7  6.330  1.17   1
    25305  37.290336 -121.669287     4.322     -204.9      178.4     -578.7      2.9      3.8     10.9 1984  8 10  7  4  4.200  0.95   1
    25937  37.285168 -121.662630     5.874      385.4     -395.1      974.0      3.4      2.4      7.0 1984  8 19 20 27 32.960  0.69   1
    26238  37.290470 -121.669434     4.366     -217.9      193.3     -533.9      2.8      3.6     10.1 1984  8 25  0 19 18.360  0.72   1
    27421  37.285478 -121.662785     5.874      371.6     -360.8      973.6      3.2      2.5      6.7 1984  9  6 16 33 41.640  1.41   1
    27683  37.285848 -121.663908     5.709      272.1     -319.7      808.6      2.1      1.8      5.8 1984  9 10 16 24 47.130  2.39   1
    27684  37.285807 -121.663753     5.739      285.8     -324.2      839.1      2.1      1.8      5.4 1984  9 10 16 33 36.940  1.79   1
    27721  37.285221 -121.662622     5.882      386.1     -389.3      981.9      3.4      2.3      7.0 1984  9 11  8 13 54.330  0.83   1
    27722  37.288005 -121.665682     5.730      114.7      -80.4      830.1      2.2      1.7      5.7 1984  9 11  9 29 23.690  1.78   1
    27724  37.289872 -121.665828     6.185      101.7      126.9     1285.0      4.7      3.4      6.6 1984  9 11 10 26  8.190  1.55   1
    28475  37.291618 -121.671200     3.862     -374.5      320.6    -1038.5      3.4      2.9      5.6 1984  9 23  8 43 14.720  1.07   1
    29752  37.285404 -121.666789     3.480       16.6     -369.0    -1420.4      3.3      2.9      5.2 1984 10 10  7 11 54.160  1.90   1
    29901  37.291512 -121.667163     6.207      -16.6      308.9     1306.7      5.0      3.2      7.0 1984 10 12  7 13 23.200  1.21   1
    30009  37.291146 -121.668156     5.741     -104.6      268.2      841.0      2.9      2.5      6.1 1984 10 13 17 32 47.840  1.83   1
    30159  37.290340 -121.669287     4.355     -204.9      178.8     -545.8      3.8      5.2     14.8 1984 10 17 11 39  4.900  0.89   1
    30929  37.290971 -121.668075     5.707      -97.4      248.8      806.6      2.5      2.1      5.9 1984 10 30  2 49 48.600  1.41   1
    31031  37.286353 -121.664079     5.737      256.9     -263.7      836.6      2.7      2.4      6.0 1984 10 31  3  5 11.660  2.89   1
    31037  37.285140 -121.662646     5.861      383.9     -398.3      960.6      3.4      2.6      6.9 1984 10 31 15 28 48.300  0.79   1
    31068  37.284814 -121.662362     5.861      409.2     -434.4      961.2      3.4      2.2      6.9 1984 11  1  5 22 45.950  0.79   1
    31844  37.286210 -121.665145     4.479      162.4     -279.5     -421.8      3.1      2.8      7.0 1984 11 13 11 59  9.360  1.31   1
    32049  37.288928 -121.669100     3.728     -188.3       22.1    -1172.3      1.8      1.6      4.0 1984 11 18  0 28 55.240  1.69   1
    32676  37.285710 -121.662972     5.801      355.0     -335.1      901.2      3.0      2.5      5.9 1984 11 28 11 54 37.810  2.94   1
    35929  37.287317 -121.665226     5.696      155.2     -156.7      796.0      2.2      1.6      5.8 1984 12  1  8  9 13.540  1.74   1
    33786  37.286975 -121.665715     4.470      111.9     -194.6     -430.2      3.3      2.7      7.0 1984 12 10  7 45 41.770  1.43   1
    34527  37.289697 -121.666781     5.764       17.3      107.5      863.5      1.9      2.0      6.0 1984 12 15 10 28 17.680  1.61   1
    34841  37.284725 -121.662907     5.742      360.8     -444.4      841.9      2.9      2.1      5.6 1984 12 19  8 29 34.630  1.35   1
    35109  37.290751 -121.670426     3.775     -306.0      224.4    -1125.6      3.2      2.1      6.0 1984 12 22  4 43 44.710  1.60   1
    38148  37.287065 -121.667497     3.687      -46.2     -184.7    -1213.1      2.5      2.2      6.6 1985  1 19 11 56 37.340  2.49   1
    39944  37.291500 -121.668506     5.750     -135.7      307.5      850.0      1.8      2.0      5.6 1985  2  5 11 42 49.820  2.05   1
    40913  37.289128 -121.665218     6.178      155.9       44.3     1278.2      4.4      3.1      6.4 1985  2 13 23 52 25.080  1.70   1
    41574  37.290405 -121.669263     4.339     -202.8      186.1     -561.1      3.1      3.7     10.4 1985  2 16 20 53  7.160  1.20   1
    42349  37.288993 -121.668978     3.791     -177.5       29.4    -1109.8      2.1      2.6      5.8 1985  2 28  1  9 58.300  0.84   1
    42555  37.288896 -121.668872     3.770     -168.1       18.5    -1130.7      1.9      1.7      4.3 1985  3  2  6 53 56.010  1.74   1
    42559  37.289620 -121.669621     3.782     -234.5       98.9    -1118.2      3.2      2.5      4.4 1985  3  2  8 55  3.470  1.91   1
    42643  37.289185 -121.669320     3.715     -207.8       50.6    -1184.8      1.7      1.7      4.0 1985  3  2  8 55 29.590  2.08   1
    42560  37.289994 -121.669930     3.699     -262.0      140.4    -1201.0      2.1      1.9      5.4 1985  3  2  8 58  0.480  1.22   1
    43546  37.289408 -121.666821     5.727       13.7       75.4      827.1      3.8      2.9      6.0 1985  3 12  4  3 59.980  3.24   1
    43580  37.289709 -121.666813     5.771       14.4      108.8      871.2      2.0      2.0      6.0 1985  3 12  4  4 51.800  2.04   1
    44335  37.286108 -121.664038     5.730      260.5     -290.8      829.6      2.3      1.9      5.7 1985  3 20  4 57 39.190  2.56   1
    44729  37.287170 -121.665145     5.715      162.4     -173.0      815.1      3.2      2.1      6.1 1985  3 26 11 50 46.600  1.26   1
    45835  37.287866 -121.665039     5.878      171.7      -95.7      977.8      4.8      2.7      9.0 1985  4 10 18 45 20.620  1.07   1
    46041  37.294283 -121.670052     6.086     -272.8      616.4     1185.4      3.6      3.7      8.0 1985  4 13 14  1 53.470  1.16   1
    47288  37.285478 -121.666829     3.458       13.0     -360.8    -1441.8      3.6      4.4      9.0 1985  5  5 16 50  5.800  0.94   1
    49151  37.285518 -121.666903     3.444        6.5     -356.3    -1456.7      3.6      3.9      6.3 1985  6  8  4 58 49.900  0.64   1
    49626  37.291585 -121.671126     3.836     -368.0      317.0    -1064.1      3.2      3.0      5.2 1985  6 15  1 38 57.380  0.94   1
    49633  37.286251 -121.665186     4.473      158.8     -275.0     -427.6      3.1      3.0      7.2 1985  6 16  5 24 54.700  1.29   1
    50591  37.287748 -121.668042     3.724      -94.5     -108.8    -1176.6      3.8      2.7      8.6 1985  7  4  3  6  5.160  1.06   1
    51288  37.285470 -121.666862     3.443       10.1     -361.7    -1457.3      3.6      4.6      8.2 1985  7 17 13 58 38.250  1.02   1
    51325  37.285787 -121.662899     5.860      361.5     -326.5      960.1      2.7      2.4      6.0 1985  7 17 23 39 58.840  1.89   1
    51378  37.285225 -121.662638     5.862      384.6     -388.8      962.2      3.4      2.4      7.0 1985  7 18 23 42  1.800  0.97   1
    51398  37.290377 -121.669295     4.328     -205.7      182.9     -572.2      2.8      3.8     10.4 1985  7 19  9 58 16.960  0.97   1
    52580  37.289709 -121.666846     5.768       11.5      108.8      867.5      1.8      1.8      5.9 1985  8  9 11 45  2.020  1.60   1
    54084  37.289661 -121.669637     3.733     -236.0      103.4    -1167.3      1.8      1.7      4.5 1985  8 28 20 35 10.100  1.58   1
    57271  37.293465 -121.672843     3.770     -520.3      525.7    -1130.5      3.3      2.4      6.3 1985 10 19 16 33 20.030  1.38   1
    57273  37.293229 -121.672713     3.746     -508.7      499.5    -1154.1      2.7      2.1      4.8 1985 10 19 17 35 48.940  1.66   1
    57770  37.290092 -121.670516     3.645     -313.9      151.3    -1254.8      2.8      3.0      5.6 1985 10 28  3 55 38.130  1.31   1
    58027  37.290938 -121.668058     5.731      -96.0      245.2      830.6      2.1      1.8      5.7 1985 10 31 23 53 38.440  1.96   1
    58028  37.291748 -121.668783     5.733     -160.2      335.1      833.0      3.1      2.5      6.6 1985 10 31 23 55 40.960  1.46   1
    58676  37.290243 -121.666154     6.177       72.9      168.0     1276.2      4.5      3.2      5.9 1985 11  9 23 12 11.080  1.88   1
    59070  37.286886 -121.664624     5.755      208.6     -204.6      854.6      2.7      2.7      5.8 1985 11 14  9 21  5.080  0.97   1
    61248  37.284733 -121.662891     5.755      362.3     -443.5      854.2      3.1      2.1      6.1 1985 12 12  7 33 37.950  1.16   1
    61462  37.288619 -121.667651     4.188      -59.9      -12.2     -711.9      4.1      2.0      4.2 1985 12 14 18 25 45.080  1.09   1
    61809  37.290381 -121.669279     4.329     -204.2      183.3     -571.5      3.2      3.6     10.3 1985 12 19  0  2 10.460  0.97   1
    62142  37.290405 -121.669385     4.325     -213.6      186.1     -575.2      3.4      3.7     10.6 1985 12 24 21 18 58.720  0.89   1
    62514  37.288944 -121.669149     3.700     -192.7       23.9    -1199.9      1.9      1.8      4.5 1985 12 31 15 50 52.230  1.74   1
    62520  37.288965 -121.668962     3.757     -176.1       26.2    -1143.3      2.0      1.8      4.3 1985 12 31 18  3  3.480  1.62   1
    65047  37.287052 -121.665755     4.466      108.2     -186.1     -434.3      3.4      2.8      7.3 1986  1 30  3 31 43.810  1.30   1
    65406  37.285242 -121.662614     5.887      386.8     -387.0      987.2      3.4      2.5      7.1 1986  2  2  8 26 42.650  1.18   1
    66346  37.285478 -121.666772     3.463       18.0     -360.8    -1437.4      3.4      3.1      5.4 1986  2 11 10 37 16.920  1.40   1
    66201  37.285547 -121.666772     3.469       18.0     -353.1    -1430.9      3.4      3.0      5.3 1986  2 11 11 50  0.620  1.50   1
    67820  37.290861 -121.670426     3.768     -306.0      236.6    -1132.2      2.9      2.3      5.0 1986  3  8 10 32  4.410  1.63   1
    67803  37.286267 -121.665169     4.478      160.2     -273.2     -422.7      3.2      3.0      7.3 1986  3  9 18 55 22.760  1.42   1
    70356  37.286812 -121.664689     5.747      202.8     -212.7      846.9      3.2      2.4      6.3 1986  4  4 10 16 40.970  3.19   1
    70373  37.287675 -121.665560     5.713      125.6     -117.0      812.9      2.9      2.2      6.1 1986  4  4 10 17 30.150  2.37   1
    70083  37.285238 -121.662646     5.874      383.9     -387.5      973.6      3.4      2.3      7.0 1986  4 12  7 13 35.460  1.00   1
    70826  37.294307 -121.670036     6.080     -271.3      619.1     1179.4      3.4      3.8      8.0 1986  4 21  8 46 14.270  0.99   1
    73536  37.291130 -121.668262     5.741     -114.0      266.4      840.7      3.0      2.8      6.0 1986  5 29  1 41 52.560  1.51   1
    73786  37.289237 -121.669881     3.421     -257.6       56.4    -1479.4      5.2      3.5      5.3 1986  6  1 10 51 31.460  1.21   1
    73850  37.289718 -121.666846     5.766       11.5      109.7      865.5      2.4      2.4      6.0 1986  6  2  5  8 18.340  1.52   1
    76654  37.286133 -121.663379     5.801      319.0     -288.1      900.3      3.1      2.4      6.1 1986  7 16 20 59  3.320  2.98   1
    76560  37.285160 -121.662663     5.855      382.5     -396.0      954.3      3.5      2.3      7.0 1986  7 17  4 26  2.170  0.83   1
    77218  37.289596 -121.669718     3.732     -243.2       96.2    -1168.6      1.8      1.7      4.2 1986  7 25  9 22 50.290  2.26   1
    77283  37.289172 -121.669417     3.727     -216.5       49.2    -1172.9      1.6      1.7      4.8 1986  7 25  9 23  5.480  2.35   1
    77296  37.289937 -121.670020     3.737     -269.9      134.1    -1163.1      2.6      2.2      5.6 1986  7 25 16  1 52.100  1.15   1
    81016  37.291874 -121.671313     3.775     -384.6      349.1    -1125.2      3.5      2.9      7.1 1986  9  2  7 22  7.550  0.52   1
    81017  37.291650 -121.671143     3.779     -369.5      324.2    -1121.2      3.2      2.8      5.7 1986  9  2  7 24 15.870  0.83   1
    81735  37.287948 -121.665649     5.731      117.6      -86.7      830.2      2.4      2.0      6.2 1986  9  8 23  4 33.440  1.55   1
    82606  37.291016 -121.670858     3.757     -344.2      253.8    -1143.2      2.9      2.4      5.3 1986  9 15 20 17 49.920  2.67   1
    83579  37.290442 -121.669425     4.290     -217.2      190.1     -610.5      2.7      3.4     10.7 1986  9 22 19 39 11.020  0.83   1
    83805  37.290869 -121.670557     3.787     -317.5      237.5    -1112.2      3.3      2.1      8.1 1986  9 25 12  1 52.830  1.36   1
    85194  37.286621 -121.667236     3.674      -23.1     -233.9    -1226.8      3.5      3.8      8.5 1986 10  9  2  6 22.720  2.95   1
    85669  37.285372 -121.666813     3.444       14.4     -372.6    -1456.1      3.5      3.1      5.4 1986 10 14 15 13 49.290  1.43   1
    87103  37.288538 -121.667562     4.158      -52.0      -21.2     -741.8      4.0      2.3      5.0 1986 11  3  8 20 28.780  0.94   1
    87964  37.284692 -121.662874     5.738      363.7     -448.0      837.8      3.0      2.3      6.2 1986 11 14 11 55 11.210  0.96   1
    88698  37.291638 -121.671118     3.783     -367.3      322.9    -1117.3      3.2      2.4      5.9 1986 11 25 13  0 35.660  1.01   1
    90036  37.290181 -121.669344     4.307     -210.0      161.2     -593.4      3.5      3.4      9.5 1986 12 12 17 46 44.360  0.64   1
    90485  37.290348 -121.669238     4.293     -200.6      179.7     -607.1      3.0      3.4      9.2 1986 12 18  2  5 30.480  1.09   1
    93248  37.289124 -121.669938     3.522     -262.7       43.8    -1377.8      4.9      4.2      7.2 1987  1 26 13 47 46.830  2.35   1
    95188  37.285181 -121.662533     5.865      394.0     -393.8      964.4      3.3      2.6      7.1 1987  2 21  7 40 45.210  1.18   1
    95317  37.285177 -121.662565     5.850      391.1     -394.2      949.9      3.4      2.7      7.0 1987  2 23 17  5  2.320  0.91   1
    97576  37.290454 -121.669442     4.312     -218.7      191.5     -588.4      4.2      4.2     16.0 1987  3 29 10  2  1.050  0.79   1
    98812  37.288558 -121.667611     4.132      -56.3      -19.0     -768.5      4.0      2.3      3.9 1987  4 17 16 13 47.300  1.18   1
   101361  37.289632 -121.669678     3.732     -239.6      100.3    -1168.4      1.9      1.8      3.9 1987  6  3  6 56  7.740  1.92   1
   101362  37.288920 -121.669181     3.717     -195.6       21.2    -1183.3      2.1      1.8      4.1 1987  6  3  6 58 51.320  1.74   1
   101659  37.287651 -121.665544     5.694      127.0     -119.7      793.6      2.0      1.6      5.6 1987  6  9  2  2 39.460  2.37   1
   102139  37.287533 -121.667920     3.610      -83.7     -132.8    -1290.7      3.6      4.2     11.0 1987  6 20 16 35 35.960  0.82   1
   102776  37.291614 -121.671134     3.775     -368.7      320.2    -1125.5      3.1      2.8      5.6 1987  7  7  1 44 26.990  1.01   1
   103138  37.289237 -121.669458     3.724     -220.1       56.4    -1175.0      2.1      1.8      5.1 1987  7 14 19  2 57.020  1.72   1
   103702  37.289705 -121.666813     5.761       14.4      108.4      860.5      2.0      2.0      5.9 1987  7 28  7  4 28.800  1.51   1
   103833  37.291117 -121.668278     5.734     -115.5      265.1      833.3      2.3      2.3      5.9 1987  8  1  1 40 41.980  1.94   1
   105327  37.287410 -121.667839     3.723      -76.5     -146.3    -1177.6      2.0      1.5      2.7 1987  9  4 10 31 17.310  1.74   1
   105800  37.289071 -121.666398     5.719       51.2       37.9      819.2      2.4      2.2      6.5 1987  9 14 23  7 17.840  0.83   1
   106343  37.290450 -121.669474     4.264     -221.5      191.0     -636.1      2.9      3.5     11.1 1987  9 27  7 19 34.920  0.75   1
   106370  37.290332 -121.669255     4.303     -202.1      177.9     -597.3      2.8      3.4      8.9 1987  9 27  8 23 11.780  0.96   1
   106462  37.288529 -121.667668     4.145      -61.3      -22.1     -755.2      3.8      1.9      4.4 1987  9 29  4 47  3.550  0.92   1
   107299  37.285522 -121.662842     5.903      366.6     -355.9     1003.1      2.7      2.1      6.3 1987 10 17  9 43 42.990  1.55   1
   107927  37.289412 -121.667000     5.739       -2.2       75.9      839.1      3.2      2.5      5.9 1987 11  1 22 11 13.060  3.15   1
   107902  37.289722 -121.666895     5.764        7.2      110.2      863.5      2.2      1.9      5.9 1987 11  1 22 13 47.560  1.56   1
   107906  37.287968 -121.665666     5.726      116.2      -84.4      826.1      2.1      1.7      5.7 1987 11  2  3  6 28.290  1.52   1
   108512  37.285376 -121.666772     3.443       18.0     -372.1    -1457.5      3.3      2.9      4.8 1987 11 16 23 19  9.000  1.98   1
   109132  37.290295 -121.669295     4.302     -205.7      173.9     -598.3      3.1      4.1     12.1 1987 11 27  4  7 50.420  0.67   1
   110939  37.290007 -121.670386     3.583     -302.4      141.8    -1317.2      2.1      3.2      5.7 1988  1 15  1 56 42.310  1.39   1
   112178  37.285368 -121.662476     5.839      399.1     -373.0      939.0      3.5      2.4      7.2 1988  2 10 20 13  1.200  0.94   1
   112230  37.286100 -121.665137     4.423      163.1     -291.7     -477.3      3.4      2.7      6.7 1988  2 13  4 54 35.870  1.36   1
   112868  37.291663 -121.671159     3.784     -370.9      325.6    -1116.5      3.1      2.6      5.9 1988  2 25 10  0 17.780  0.92   1
   113569  37.291496 -121.667261     6.185      -25.3      307.1     1285.0      4.7      3.2      6.8 1988  3  9  2  8 11.840  1.40   1
   114006  37.285909 -121.663737     5.745      287.2     -313.0      844.9      2.3      1.9      6.0 1988  3 16 23 10  6.640  2.45   1
   115994  37.290946 -121.668075     5.724      -97.4      246.1      823.9      1.9      1.8      6.3 1988  4 21  4 42 14.550  1.94   1
   115996  37.291760 -121.668734     5.716     -155.9      336.4      815.8      3.1      2.4      7.2 1988  4 21  4 48 47.890  0.84   1
   116401  37.289095 -121.665243     6.174      153.7       40.6     1273.8      4.4      3.1      5.8 1988  4 29  7 29 57.200  1.68   1
   116406  37.289347 -121.665413     6.179      138.6       68.6     1278.5      4.4      3.0      5.9 1988  4 29  7 47 21.590  1.99   1
   117175  37.289701 -121.666813     5.751       14.4      107.9      850.4      2.3      2.0      6.1 1988  5 13 17 17 30.760  1.52   1
   119615  37.290112 -121.666089     6.170       78.7      153.5     1270.0      4.4      3.0      5.9 1988  6 27  4 18 37.320  2.52   1
   119610  37.290063 -121.665999     6.164       86.6      148.1     1263.7      4.4      2.9      5.6 1988  6 27  4 18 52.410  2.72   1
   119763  37.290389 -121.669238     4.288     -200.6      184.2     -611.2      3.8      3.5     11.4 1988  6 30 23 52 27.360  0.97   1
   119888  37.285221 -121.662581     5.853      389.7     -389.3      953.0      3.4      2.2      7.1 1988  7  5  5  2 33.820  0.83   1
   120788  37.290759 -121.670500     3.779     -312.5      225.3    -1121.6      2.6      2.0      5.0 1988  7 23 10 42 21.740  1.53   1
   120974  37.290474 -121.669377     4.280     -212.9      193.7     -620.3      2.7      3.5     10.8 1988  7 26 18  9 59.220  0.80   1
   126189  37.289575 -121.669727     3.740     -243.9       93.9    -1160.5      1.9      1.8      4.7 1988 11  2  3  9 12.610  1.93   1
   126292  37.288875 -121.669198     3.721     -197.0       16.3    -1179.0      1.7      1.8      4.2 1988 11  3  1 30  4.280  1.71   1
   126389  37.288904 -121.669059     3.789     -184.7       19.4    -1111.4      1.8      1.7      4.3 1988 11  4 13 34 34.720  1.87   1
   126560  37.284713 -121.662939     5.743      357.9     -445.7      843.0      3.0      2.1      6.4 1988 11  7 17 51 17.980  1.24   1
   126901  37.285518 -121.666854     3.479       10.8     -356.3    -1421.3      3.5      3.3      5.4 1988 11 12 18 11 57.680  1.07   1
   129454  37.286096 -121.662671     6.336      381.7     -292.2     1435.3      4.6      4.2      9.0 1988 12 30 23 53 29.880  1.74   1
   129428  37.287008 -121.660433     5.863      580.2     -191.0      962.8     13.5     11.1     18.7 1988 12 30 23 54 24.000  4.30   1
   129887  37.290450 -121.669442     4.306     -218.7      191.0     -594.3      3.9      3.9     11.1 1989  1 13 10  9  6.070  0.94   1
   131766  37.289111 -121.665226     6.171      155.2       42.4     1271.0      4.3      2.9      5.7 1989  2 22 14 10 28.230  1.79   1
   132424  37.287170 -121.667741     3.687      -67.8     -173.0    -1213.0      3.3      2.6      6.8 1989  3  7 15  3 21.870  2.62   1
   132469  37.285579 -121.662760     5.844      373.8     -349.5      943.3      3.0      2.3      6.3 1989  3  8 14 47  1.080  1.40   1
   132715  37.285335 -121.662410     5.907      404.8     -376.6     1006.9      4.6      3.0      8.6 1989  3 12  7 15 43.550  0.81   1
   139260  37.290417 -121.669165     4.384     -194.1      187.4     -515.9      2.9      3.5      9.7 1989  7  1  1 11 28.510  0.96   1
   140151  37.287309 -121.663436     6.160      313.9     -157.6     1260.1      4.4      3.5      6.4 1989  7 16 21 54  2.440  1.65   1
   140303  37.285518 -121.666691     3.669       25.3     -356.3    -1231.5      3.4      3.3      5.2 1989  7 19  8 51 59.540  1.28   1
   142196  37.288578 -121.667480     4.197      -44.7      -16.7     -703.4      3.9      2.1      5.6 1989  8 14  4  7  9.360  1.25   1
   144026  37.285217 -121.662565     5.902      391.1     -389.7     1001.5      3.4      2.2      6.9 1989  9 14 10 35 38.140  0.87   1
   144648  37.287545 -121.665299     5.677      148.7     -131.4      777.1      3.2      2.2      5.8 1989  9 26 17  2  0.820  0.92   1
   144843  37.291113 -121.668221     5.730     -110.4      264.6      829.4      2.2      2.0      5.6 1989 10  1 18 21 45.920  1.78   1
   148939  37.289014 -121.669084     3.716     -186.9       31.6    -1184.2      1.7      1.6      4.9 1989 12 13  5 33 46.080  1.60   1
   149804  37.293241 -121.672534     3.714     -492.9      500.8    -1186.7      3.0      2.2      4.8 1989 12 30  6 19 29.350  1.59   1
   150901  37.287081 -121.665698     4.488      113.3     -182.9     -412.5      3.4      3.0      7.2 1990  1 19  9 24  8.400  1.24   1
   151583  37.285478 -121.666683     3.492       26.0     -360.8    -1408.7      3.4      3.2      6.5 1990  1 31  5  8 47.310  1.38   1
   153849  37.285388 -121.662630     5.888      385.4     -370.8      987.3      3.5      2.3      7.3 1990  3  6 23  9 12.960  0.83   1
   154124  37.287740 -121.665413     5.673      138.6     -109.7      772.6      2.1      1.7      5.6 1990  3 11 11 52 34.830  2.34   1
   155780  37.285437 -121.666626     3.479       31.0     -365.3    -1421.8      3.3      3.2      5.5 1990  4 11  5 35 19.420  1.33   1
   157462  37.286426 -121.664054     5.757      259.1     -255.6      856.8      3.4      2.9      7.7 1990  5 10 16 43 48.520  3.18   1
   157486  37.284741 -121.662606     5.710      387.5     -442.6      809.6      3.2      2.6      6.3 1990  5 11 22 59 22.960  0.97   1
   157494  37.290332 -121.668986     4.289     -178.2      177.9     -611.2      3.5      3.6     11.0 1990  5 12  2 57 13.600  0.81   1
   157758  37.289779 -121.666740     5.771       20.9      116.5      871.0      2.3      2.1      6.2 1990  5 16  4 10 37.430  1.59   1
   158154  37.291642 -121.671021     3.830     -358.6      323.3    -1070.0      2.7      2.5      5.6 1990  5 23 11 11 37.580  1.03   1
   158290  37.291899 -121.671289     3.852     -382.5      351.8    -1048.3      3.2      3.1      7.2 1990  5 23 16 30 36.550  0.82   1
 20091514  37.285950 -121.663167     5.871      337.7     -308.4      970.6      3.5      2.7      6.1 1990  6 11  1 38 14.370  3.10   1
   159156  37.287964 -121.665007     5.923      174.6      -84.9     1023.0      3.5      3.1      7.3 1990  6 11  2 45 19.820  1.25   1
   160503  37.289681 -121.669588     3.823     -231.6      105.7    -1077.7      3.7      2.3      4.7 1990  7  5 20  4 42.800  1.71   1
   161358  37.290462 -121.669035     4.359     -182.6      192.4     -541.4      5.6      4.2     14.1 1990  7 20  5 51 45.700  0.96   1
 20092038  37.292623 -121.667114     6.011      -12.3      432.2     1110.9      7.0      4.4      9.5 1990  8 17  2 26 16.740  3.68   1
   163527  37.291215 -121.666886     6.253        7.9      275.9     1352.4      5.3      3.7     11.5 1990  9  1 17 25 25.320  0.96   1
   165437  37.290401 -121.667537     5.698      -49.8      185.6      797.7      1.9      2.1      5.7 1990 10 17  6 15 15.710  1.80   1
   204801  37.290511 -121.669165     4.387     -194.1      197.8     -513.6      5.6      4.5     14.7 1991  1 15 17 29 20.200  0.94   1
   205031  37.290088 -121.670361     3.608     -300.2      150.8    -1292.7      3.7      3.2      5.4 1991  1 20  5  0 30.930  1.17   1
   205737  37.287577 -121.667830     3.687      -75.8     -127.8    -1213.2      3.4      3.4      8.9 1991  2  2  5 39  6.910  0.83   1
   206508  37.287720 -121.667961     3.720      -87.3     -112.0    -1179.1      2.8      2.8      6.8 1991  2 13 19 31  5.060  1.22   1
   207043  37.289038 -121.669816     3.520     -251.8       34.3    -1380.5      3.3      2.7      4.6 1991  2 22 15 51 34.750  2.28   1
   208364  37.291614 -121.671077     3.830     -363.7      320.2    -1070.7      2.7      2.8      5.7 1991  3 22 11 23 27.560  1.05   1
   208389  37.291886 -121.671216     3.837     -376.0      350.4    -1063.4      2.8      2.9      6.7 1991  3 22 11 34  4.350  0.81   1
   211885  37.285234 -121.662467     5.897      399.8     -387.9      996.4      3.5      2.6      7.1 1991  5  4  6 30 12.620  0.94   1
   212119  37.285217 -121.662492     5.904      397.6     -389.7     1003.2      3.4      2.5      6.9 1991  5  9  0 14 24.910  1.22   1
   215747  37.288993 -121.669043     3.704     -183.3       29.4    -1195.9      1.8      1.8      4.0 1991  5 29  9 45 22.620  1.83   1
   220702  37.284672 -121.662581     5.683      389.7     -450.2      782.7      3.2      2.6      5.9 1991  6 22 16 36 38.560  1.21   1
   227435  37.290059 -121.670321     3.576     -296.6      147.7    -1323.8      2.2      2.9      5.7 1991  8 10 17  6  5.760  1.23   1
   227542  37.285347 -121.666715     3.442       23.1     -375.3    -1458.6      3.3      3.2      5.1 1991  8 12  9 56  3.630  1.43   1
   228484  37.287622 -121.665381     5.655      141.4     -122.8      754.4      2.3      2.3      6.1 1991  8 21 17  7 40.400  2.27   1
   229053  37.290820 -121.667969     5.698      -88.0      232.1      797.6      1.8      1.8      5.6 1991  8 28 14  4 22.080  2.05   1
   229871  37.290548 -121.669043     4.397     -183.3      201.9     -502.9      4.3      5.6     12.9 1991  9  6 16 39 27.620  0.93   1
   234881  37.285392 -121.666732     3.449       21.6     -370.3    -1451.8      3.4      3.1      5.4 1991 10 22 17  4 17.460  1.46   1
   238704  37.289661 -121.669637     3.722     -236.0      103.4    -1177.9      2.2      1.7      4.0 1991 12  3  5 24 24.980  2.01   1
   238790  37.289225 -121.669320     3.713     -207.8       55.1    -1187.7      1.9      1.9      4.0 1991 12  4  0  8 49.550  1.89   1
   238816  37.285555 -121.662728     5.923      376.7     -352.2     1022.7      3.3      2.3      7.1 1991 12  4 13 45 39.520  0.99   1
   241590  37.288350 -121.665837     5.691      101.0      -42.0      790.8      2.5      2.2      5.8 1991 12 23 12 33 19.250  1.22   1
   249781  37.289746 -121.666740     5.766       20.9      112.9      865.2      2.7      2.3      6.4 1992  2 10 12 31  5.020  1.61   1
   253921  37.285396 -121.666683     3.424       26.0     -369.9    -1475.8      3.4      3.2      5.1 1992  3  4 13 13  6.220  1.23   1
   261841  37.291557 -121.671045     3.818     -360.8      313.9    -1082.1      3.6      2.8      8.4 1992  4  6  9 39 49.410  0.92   1
   292015  37.286698 -121.667277     3.707      -26.7     -225.3    -1192.9      3.2      3.4      8.6 1992  6  9 12 59 24.230  2.86   1
   303099  37.286235 -121.665055     4.553      170.3     -276.8     -347.1      4.4      3.3      7.8 1992  7  7  2 47 24.660  1.35   1
   304374  37.285518 -121.666724     3.459       22.4     -356.3    -1441.2      3.5      3.3      5.7 1992  7 17  9 51 49.510  1.02   1
   312743  37.290849 -121.670500     3.811     -312.5      235.3    -1089.8      3.0      2.5      5.9 1992  8 29 17  4 29.020  1.64   1
   314921  37.288940 -121.668937     3.830     -173.9       23.5    -1070.5      2.2      2.3      5.6 1992  9 11  1 22 13.650  1.06   1
   322432  37.287056 -121.665731     4.465      110.4     -185.6     -435.5      3.7      3.6      7.2 1992 11  5 12 35  5.470  1.26   1
   327300  37.291553 -121.668571     5.725     -141.4      313.4      825.1      1.6      2.1      6.5 1992 11 29  5  3  2.720  1.73   1
   330647  37.290470 -121.669157     4.411     -193.4      193.3     -489.6      2.4      3.6      9.6 1993  1  2 11 32 10.020  1.10   1
   331552  37.291597 -121.671102     3.840     -365.9      318.4    -1059.9      3.2      2.9      6.7 1993  1  9 17 48 38.720  1.01   1
   331635  37.291337 -121.671053     3.786     -361.5      289.5    -1114.1      2.7      2.6      5.5 1993  1 10 22 13  9.440  1.20   1
   339439  37.285262 -121.662541     5.917      393.3     -384.8     1016.7      3.3      2.6      7.1 1993  3  7  1 47 38.410  1.22   1
   339511  37.285295 -121.662630     5.908      385.4     -381.1     1007.3      3.9      3.6      8.0 1993  3  8  9 25 39.610  1.01   1
   352620  37.289286 -121.669149     3.740     -192.7       61.9    -1159.9      2.7      2.5      7.0 1993  6  8  9 15  1.380  0.83   1
 30036393  37.291618 -121.671102     3.848     -365.9      320.6    -1052.7      3.2      3.1      6.5 1993 12  1  0 25 49.530  0.98   1
   389286  37.288859 -121.669084     3.737     -186.9       14.5    -1163.1      2.0      1.8      4.5 1993 12 20 22 35  7.800  1.77   1
   391772  37.290332 -121.669157     4.277     -193.4      177.9     -623.6      2.5      3.6     10.9 1994  1 19  7 46 39.590  0.96   1
   391983  37.290356 -121.669214     4.424     -198.4      180.6     -475.8      2.8      3.7      9.9 1994  1 20  7 20 41.680  0.90   1
   399980  37.290072 -121.670272     3.585     -292.3      149.0    -1315.1      2.8      3.1      6.6 1994  4  6  4 11 34.960  1.38   1
   400563  37.285400 -121.666659     3.470       28.1     -369.4    -1430.4      3.3      2.9      5.1 1994  4 16 13 10 52.340  2.00   1
   401879  37.289758 -121.666732     5.784       21.6      114.3      883.4      2.3      2.1      6.7 1994  5  8 23  4 53.240  1.61   1
 30049085  37.287988 -121.665479     5.734      132.8      -82.2      834.0      2.7      2.1      6.2 1994  5 13 11 15 14.850  1.56   1
 30051942  37.290975 -121.668018     5.723      -92.4      249.3      823.0      2.2      2.7      6.2 1994  6 30 14 25 51.030  1.83   1
 30051943  37.291813 -121.668677     5.748     -150.8      342.3      847.4      3.0      3.2      6.5 1994  6 30 14 29 15.060  1.38   1
 30054274  37.293424 -121.672738     3.838     -510.9      521.1    -1062.2      3.2      2.4      5.7 1994  8  4 17 19  8.160  1.37   1
 30057908  37.285726 -121.663615     5.741      298.0     -333.3      841.1      2.3      1.8      5.6 1994  9 17 17 57  1.520  2.38   1
 30058785  37.285872 -121.663892     5.727      273.5     -317.0      827.0      2.0      1.9      5.5 1994  9 25 23  4 28.000  2.36   1
 30062741  37.289673 -121.669613     3.779     -233.8      104.8    -1121.7      4.7      2.8      6.3 1994 11 16 16 50 58.150  2.01   1
 30062748  37.289950 -121.669775     3.683     -248.2      135.5    -1217.3      2.7      2.3      7.2 1994 11 16 18  3 42.360  1.27   1
 30069218  37.288969 -121.668766     3.835     -158.8       26.6    -1065.6      2.8      2.2      5.8 1995  3  3  9 38 49.200  1.20   1
 30069222  37.288920 -121.668848     3.781     -166.0       21.2    -1119.5      2.4      2.2      4.7 1995  3  3 12 30 15.850  1.75   1
 30069457  37.288757 -121.668807     3.725     -162.4        3.2    -1175.8      2.2      2.2      5.8 1995  3  7 13 19 41.960  1.26   1
 30071053  37.285840 -121.663070     5.788      346.4     -320.6      887.4      3.1      2.6      6.2 1995  4  5  7 55 21.350  2.80   1
 30072363  37.284688 -121.662598     5.741      388.2     -448.4      840.3      3.5      2.8      7.1 1995  4 26 17 54  9.660  1.14   1
 30073191  37.291630 -121.671021     3.864     -358.6      322.0    -1035.8      3.3      2.6      6.6 1995  5 14 11 18 47.000  1.02   1
 30074975  37.290544 -121.669116     4.485     -189.8      201.4     -415.1      3.4      4.0     10.2 1995  6 15 22 23  1.320  1.34   1
 30076454  37.290914 -121.670728     3.756     -332.7      242.5    -1143.8      2.8      2.4      5.1 1995  7  4 11 20 49.790  2.65   1
 30077970  37.288277 -121.665739     5.682      109.7      -50.1      781.7      4.8      2.6      7.6 1995  7 24  8 37 43.620  1.26   1
 30090632  37.287036 -121.667603     3.703      -55.6     -187.9    -1197.2      3.3      2.5      6.6 1995 11 25 19 22  6.180  2.56   1
 30091051  37.287264 -121.665137     5.675      163.1     -162.6      775.0      3.7      2.6      7.7 1995 12  2  1 12 15.750  1.40   1
 30092060  37.289042 -121.669149     3.705     -192.7       34.8    -1195.1      3.8      2.5      8.1 1995 12 15 18 53 39.820  1.82   1
 30107700  37.293518 -121.672632     3.778     -501.5      531.5    -1122.5      4.2      2.5      6.1 1996  5 30 18 47 12.480  1.35   1
   478138  37.289547 -121.669621     3.705     -234.5       90.8    -1195.4      2.5      1.7      4.4 1996  9  2 20 27  0.360  1.99   1
   478141  37.289880 -121.669849     3.653     -254.7      127.8    -1247.5      3.3      2.8      7.4 1996  9  2 20 36  3.960  1.38   1
   478159  37.288765 -121.668774     3.706     -159.5        4.1    -1194.7      3.5      2.7      9.3 1996  9  3  0  2  4.940  1.17   1
   482382  37.285132 -121.662451     5.914      401.2     -399.2     1014.0      3.3      2.3      7.0 1996 10 19  4 32 38.790  1.30   1
   483500  37.287675 -121.665479     5.659      132.8     -117.0      758.8      2.4      1.6      5.5 1996 11  2 12 22 52.340  2.29   1
   485145  37.285286 -121.666691     3.451       25.3     -382.0    -1449.7      3.3      3.1      4.8 1996 11 20 12 25 42.190  1.93   1
   502047  37.289954 -121.665894     6.182       96.0      135.9     1281.7      4.7      2.8      6.2 1997  4 20 17  8  1.560  1.79   1
   522670  37.286165 -121.664014     5.695      262.7     -284.5      794.2      2.7      2.2      5.8 1997  9 26 19 58  2.480  3.09   1
   523141  37.289665 -121.666732     5.760       21.6      103.9      859.2      2.4      2.1      6.1 1997  9 29  3  7 46.980  1.55   1
   529274  37.289001 -121.669198     3.692     -197.0       30.3    -1208.4      2.3      1.6      4.5 1997 10 28 12  1 44.750  1.61   1
