    16484  37.286149 -121.663298     5.797      326.2     -286.3      896.5      1.9      1.3      4.1 1984  4 24 21 20 23.480  3.57   1
    16527  37.286597 -121.664323     5.757      235.3     -236.6      856.4      1.6      1.3      4.1 1984  4 24 21 23 39.960  3.54   1
    17496  37.291142 -121.666992     6.198       -1.4      267.8     1297.9      1.8      1.5      3.2 1984  4 25  0  4 49.440  1.23   1
    16521  37.286682 -121.667310     3.694      -29.6     -227.2    -1206.0      3.8      2.8      4.3 1984  4 25  4 16 53.440  3.00   1
    17842  37.288936 -121.668921     3.766     -172.5       23.0    -1133.9      1.3      1.3      3.1 1984  4 25  4 35 19.170  1.90   1
    16635  37.294307 -121.670085     6.103     -275.7      619.1     1202.7      1.1      1.2      2.6 1984  4 25  7 22 22.290  1.40   1
    16576  37.287268 -121.663623     6.082      297.3     -162.1     1182.0      5.1      2.4      3.7 1984  4 25 14  6 57.560  1.62   1
    17929  37.289673 -121.666740     5.774       20.9      104.8      874.0      2.0      1.5      4.7 1984  4 25 22 14 23.140  1.80   1
    16659  37.289966 -121.665991     6.192       87.3      137.3     1291.6      1.8      1.7      3.9 1984  4 26  8 54 51.420  1.52   1
    16701  37.291366 -121.667187     6.204      -18.8      292.6     1304.2      1.7      1.6      3.1 1984  4 26 17 22 44.280  1.57   1
    18075  37.288578 -121.667554     4.149      -51.2      -16.7     -751.2      2.9      1.9     13.2 1984  4 26 20 11 12.520  1.17   1
    16751  37.291309 -121.670988     3.763     -355.8      286.3    -1137.4      2.7      2.8      4.9 1984  4 27  7 48 23.500  0.97   1
    16766  37.287939 -121.665535     5.729      127.7      -87.6      829.2      1.5      1.5      4.8 1984  4 27 11  8  9.220  1.31   1
    16802  37.287301 -121.663631     6.083      296.6     -158.5     1183.0      5.1      2.3      3.9 1984  4 27 19  3 15.040  1.31   1
    16821  37.285185 -121.662565     5.866      391.1     -393.3      965.5      2.2      1.7      3.9 1984  4 28  0  4 31.210  0.83   1
    16827  37.284896 -121.662321     5.863      412.8     -425.4      963.2      2.3      1.5      3.8 1984  4 28  1 43 47.850  1.21   1
    16838  37.294312 -121.670060     6.104     -273.5      619.6     1203.3      1.3      1.1      2.3 1984  4 28  3 54 12.200  1.39   1
    16841  37.286182 -121.665096     4.476      166.7     -282.7     -424.6      1.7      1.5      7.3 1984  4 28  4 43 26.310  1.47   1
    19159  37.290548 -121.666431     6.197       48.3      201.9     1297.2      1.4      1.4      2.4 1984  4 28 16 12 43.750  2.09   1
    16885  37.289067 -121.665275     6.171      150.8       37.5     1270.7      1.5      1.1      2.8 1984  4 28 18 53 49.960  2.18   1
    16911  37.288281 -121.665828     5.734      101.8      -49.7      833.8      1.7      1.7      4.8 1984  4 29  2 29 16.340  1.27   1
    17074  37.289909 -121.665926     6.182       93.1      131.0     1281.5      1.4      1.4      3.0 1984  4 30 14 46  1.740  1.59   1
    17272  37.289709 -121.666756     5.770       19.5      108.8      869.6      2.0      1.5      4.7 1984  5  2  7 34 17.770  1.65   1
    17294  37.293168 -121.672599     3.726     -498.6      492.7    -1174.3      1.5      1.1      3.4 1984  5  2 14 32 55.730  1.70   1
    17356  37.285429 -121.666748     3.480       20.2     -366.2    -1420.2      1.4      1.3      4.5 1984  5  2 22 58 42.360  1.77   1
    17669  37.287272 -121.663615     6.097      298.0     -161.7     1197.1      5.1      2.2      3.9 1984  5  3 23 10 52.920  1.04   1
    17723  37.286202 -121.663167     5.820      337.7     -280.4      919.3      1.9      1.3      4.5 1984  5  4 18 42 58.080  3.05   1
    17526  37.287638 -121.665430     5.701      137.1     -121.0      800.3      1.5      1.5      4.6 1984  5  5  3 31 54.930  2.45   1
    17779  37.285954 -121.663843     5.730      277.8     -308.0      829.6      1.7      1.3      4.3 1984  5  7 14 27 20.420  2.85   1
    17794  37.284656 -121.662809     5.755      369.5     -452.0      854.9      1.8      1.7      4.7 1984  5  7 16 34 13.860  1.30   1
    17834  37.294299 -121.670068     6.103     -274.2      618.2     1202.6      1.1      1.2      2.4 1984  5  8  6 55  3.840  1.17   1
    18466  37.285193 -121.662581     5.866      389.7     -392.4      966.0      2.4      2.1      4.7 1984  5 15  1 42 21.350  1.18   1
    18608  37.291541 -121.667342     6.196      -32.5      312.1     1295.4      1.5      1.5      2.7 1984  5 16 17  9 28.700  2.32   1
    18708  37.289526 -121.666699     5.748       24.5       88.5      848.7      3.9      2.4      5.9 1984  5 17  8 43  3.370  3.32   1
    18857  37.285278 -121.662622     5.884      386.1     -382.9      983.6      2.2      1.5      3.9 1984  5 19  4 20 31.710  0.74   1
    19686  37.290413 -121.669238     4.345     -200.6      187.0     -555.4      1.9      1.8      7.4 1984  5 29 23 53  6.840  0.99   1
    19720  37.289803 -121.665771     6.186      106.8      119.2     1286.0      3.3      3.6      7.3 1984  5 30 12 38 10.840  3.00   1
    19745  37.291109 -121.667000     6.191       -2.2      264.2     1291.0      1.9      1.9      4.1 1984  5 30 17  5  4.160  0.80   1
    19776  37.286955 -121.665666     4.463      116.2     -196.9     -436.9      1.7      0.9      7.4 1984  5 31  1 43 34.410  1.22   1
    19860  37.289693 -121.666756     5.767       19.5      107.0      867.0      2.1      1.6      4.8 1984  6  1  3 27 26.880  1.58   1
    19888  37.294299 -121.670060     6.102     -273.5      618.2     1201.6      1.1      1.2      2.1 1984  6  1  9  7  7.310  1.08   1
    19992  37.286430 -121.664168     5.734      249.0     -255.1      834.1      1.7      1.5      4.2 1984  6  2 17 32  6.480  2.92   1
    20113  37.284652 -121.662809     5.747      369.5     -452.5      846.4      1.8      1.7      4.8 1984  6  4 16 23 29.800  1.15   1
    20328  37.292330 -121.667993     6.222      -90.2      399.7     1321.7      2.0      2.1      4.3 1984  6  5 23 51 14.920  0.93   1
    20622  37.287219 -121.665169     5.691      160.2     -167.5      790.6      1.6      1.4      4.6 1984  6 11  4 58 46.580  1.48   1
    20978  37.286129 -121.663208     5.807      334.1     -288.6      906.3      2.0      1.3      4.3 1984  6 16  3 50 27.150  3.13   1
    21561  37.287508 -121.664209     6.207      245.4     -135.5     1306.4      6.7      3.0     10.8 1984  6 26  7 13 18.280  0.80   1
    21644  37.290715 -121.670443     3.782     -307.4      220.4    -1118.7      2.4      2.0      4.6 1984  6 27 14 50 38.140  1.59   1
    22144  37.286190 -121.665112     4.477      165.3     -281.8     -423.1      1.5      0.9      7.3 1984  7  5 12 49 57.720  1.28   1
    22165  37.288586 -121.667586     4.152      -54.1      -15.8     -747.9      3.1      2.4     11.8 1984  7  5 17  6 28.740  0.96   1
    22271  37.290946 -121.670728     3.742     -332.7      246.1    -1158.0      2.1      2.2      5.0 1984  7  7  0 17  9.970  2.67   1
    22280  37.288586 -121.668872     3.708     -168.1      -15.8    -1191.8      1.6      1.4      4.3 1984  7  7  2 35  4.060  1.53   1
    23190  37.289600 -121.669637     3.736     -236.0       96.6    -1164.3      1.3      1.3      3.2 1984  7 17 16 24 49.440  1.85   1
    23195  37.287630 -121.665446     5.700      135.7     -121.9      800.0      1.6      1.4      4.5 1984  7 17 17 53  4.200  2.33   1
    24519  37.289010 -121.669808     3.546     -251.1       31.2    -1354.1      2.4      2.0      4.9 1984  7 30 14 16 49.060  2.31   1
    24674  37.289681 -121.666781     5.769       17.3      105.7      868.3      2.0      1.7      4.8 1984  8  1 12 29 16.890  1.64   1
    25096  37.290027 -121.670410     3.630     -304.5      144.1    -1270.8      1.7      1.7      3.7 1984  8  7  9  7  6.330  1.17   1
    25305  37.290356 -121.669295     4.322     -205.7      180.6     -578.8      1.8      1.8      7.6 1984  8 10  7  4  4.200  0.95   1
    25937  37.285177 -121.662622     5.869      386.1     -394.2      968.3      2.1      1.5      3.8 1984  8 19 20 27 32.960  0.69   1
    26238  37.290491 -121.669442     4.366     -218.7      195.5     -534.3      2.0      1.7      7.2 1984  8 25  0 19 18.360  0.72   1
    27421  37.285465 -121.662777     5.876      372.4     -362.2      975.7      2.2      1.6      3.8 1984  9  6 16 33 41.640  1.41   1
    27683  37.285848 -121.663908     5.714      272.1     -319.7      813.4      1.7      1.1      4.1 1984  9 10 16 24 47.130  2.39   1
    27684  37.285815 -121.663761     5.741      285.1     -323.3      840.4      1.8      1.2      4.2 1984  9 10 16 33 36.940  1.79   1
    27721  37.285221 -121.662606     5.876      387.5     -389.3      975.8      2.1      1.5      3.8 1984  9 11  8 13 54.330  0.83   1
    27722  37.287988 -121.665641     5.727      118.3      -82.2      827.1      1.5      1.3      4.6 1984  9 11  9 29 23.690  1.78   1
    27724  37.289840 -121.665918     6.177       93.8      123.3     1276.2      1.8      1.7      2.9 1984  9 11 10 26  8.190  1.55   1
    28475  37.291565 -121.671183     3.852     -373.1      314.8    -1048.0      2.3      3.5      4.9 1984  9 23  8 43 14.720  1.07   1
    29752  37.285400 -121.666805     3.473       15.2     -369.4    -1427.4      1.9      1.4      4.4 1984 10 10  7 11 54.160  1.90   1
    29901  37.291447 -121.667253     6.202      -24.5      301.7     1301.3      1.7      1.5      3.1 1984 10 12  7 13 23.200  1.21   1
    30009  37.291113 -121.668099     5.725      -99.6      264.6      825.1      2.5      2.3      4.8 1984 10 13 17 32 47.840  1.83   1
    30159  37.290340 -121.669279     4.317     -204.2      178.8     -583.5      2.8      2.9      8.6 1984 10 17 11 39  4.900  0.89   1
    30929  37.290926 -121.668058     5.695      -96.0      243.9      794.4      2.2      1.9      4.8 1984 10 30  2 49 48.600  1.41   1
    31031  37.286332 -121.664062     5.731      258.3     -266.0      830.6      1.7      1.3      4.3 1984 10 31  3  5 11.660  2.89   1
    31037  37.285156 -121.662638     5.858      384.6     -396.5      957.7      2.2      1.6      3.9 1984 10 31 15 28 48.300  0.79   1
    31068  37.284827 -121.662345     5.857      410.6     -433.1      956.4      2.2      1.6      3.8 1984 11  1  5 22 45.950  0.79   1
    31844  37.286198 -121.665088     4.479      167.4     -280.9     -421.7      1.3      1.1      7.3 1984 11 13 11 59  9.360  1.31   1
    32049  37.288924 -121.669100     3.714     -188.3       21.7    -1186.2      1.3      1.2      3.1 1984 11 18  0 28 55.240  1.69   1
    32676  37.285722 -121.662988     5.797      353.6     -333.7      896.7      1.9      1.4      4.0 1984 11 28 11 54 37.810  2.94   1
    35929  37.287313 -121.665210     5.692      156.6     -157.2      791.9      1.5      1.2      4.5 1984 12  1  8  9 13.540  1.74   1
    33786  37.286975 -121.665674     4.468      115.5     -194.6     -432.4      1.4      1.2      7.4 1984 12 10  7 45 41.770  1.43   1
    34527  37.289709 -121.666764     5.765       18.8      108.8      864.2      2.0      1.5      4.7 1984 12 15 10 28 17.680  1.61   1
    34841  37.284709 -121.662874     5.732      363.7     -446.2      831.9      1.7      1.7      4.7 1984 12 19  8 29 34.630  1.35   1
    35109  37.290715 -121.670426     3.776     -306.0      220.4    -1124.0      1.8      2.1      4.2 1984 12 22  4 43 44.710  1.60   1
    38148  37.287036 -121.667603     3.712      -55.6     -187.9    -1188.5      3.8      2.7      5.2 1985  1 19 11 56 37.340  2.49   1
    39944  37.291484 -121.668400     5.714     -126.3      305.7      813.7      2.5      2.0      5.3 1985  2  5 11 42 49.820  2.05   1
    40913  37.289111 -121.665299     6.170      148.7       42.4     1269.7      1.7      1.3      2.9 1985  2 13 23 52 25.080  1.70   1
    41574  37.290422 -121.669271     4.340     -203.5      187.9     -560.7      2.0      1.6      7.4 1985  2 16 20 53  7.160  1.20   1
    42349  37.288997 -121.668962     3.784     -176.1       29.8    -1116.5      1.9      1.7      3.5 1985  2 28  1  9 58.300  0.84   1
    42555  37.288892 -121.668880     3.765     -168.9       18.1    -1134.9      1.3      1.4      3.0 1985  3  2  6 53 56.010  1.74   1
    42559  37.289604 -121.669621     3.774     -234.5       97.1    -1126.5      1.6      1.4      4.4 1985  3  2  8 55  3.470  1.91   1
    42643  37.289181 -121.669312     3.705     -207.1       50.1    -1195.1      1.3      1.3      3.1 1985  3  2  8 55 29.590  2.08   1
    42560  37.289970 -121.669938     3.698     -262.7      137.7    -1201.9      1.5      1.3      3.5 1985  3  2  8 58  0.480  1.22   1
    43546  37.289490 -121.666789     5.740       16.6       84.4      839.5      3.9      2.2      5.7 1985  3 12  4  3 59.980  3.24   1
    43580  37.289714 -121.666789     5.770       16.6      109.3      869.6      2.0      1.5      4.7 1985  3 12  4  4 51.800  2.04   1
    44335  37.286104 -121.664038     5.729      260.5     -291.3      829.0      1.6      1.0      4.1 1985  3 20  4 57 39.190  2.56   1
    44729  37.287154 -121.665137     5.716      163.1     -174.8      815.9      2.0      1.4      4.7 1985  3 26 11 50 46.600  1.26   1
    45835  37.287838 -121.664901     5.896      184.0      -98.9      995.7      6.2      5.4     14.9 1985  4 10 18 45 20.620  1.07   1
    46041  37.294299 -121.670044     6.097     -272.0      618.2     1197.1      1.4      1.3      2.7 1985  4 13 14  1 53.470  1.16   1
    47288  37.285498 -121.666862     3.465       10.1     -358.6    -1435.3      1.9      1.3      4.3 1985  5  5 16 50  5.800  0.94   1
    49151  37.285543 -121.666935     3.459        3.6     -353.6    -1441.8      1.0      1.6      4.5 1985  6  8  4 58 49.900  0.64   1
    49626  37.291520 -121.671094     3.788     -365.1      309.8    -1112.6      2.7      3.2      5.5 1985  6 15  1 38 57.380  0.94   1
    49633  37.286243 -121.665120     4.470      164.5     -275.9     -430.3      1.9      1.2      7.4 1985  6 16  5 24 54.700  1.29   1
    50591  37.287732 -121.668075     3.723      -97.4     -110.6    -1176.8      3.0      1.9      5.3 1985  7  4  3  6  5.160  1.06   1
    51288  37.285490 -121.666903     3.451        6.5     -359.5    -1449.1      1.1      1.7      4.7 1985  7 17 13 58 38.250  1.02   1
    51325  37.285775 -121.662923     5.857      359.4     -327.9      956.4      1.9      1.5      3.8 1985  7 17 23 39 58.840  1.89   1
    51378  37.285242 -121.662630     5.858      385.4     -387.0      957.3      2.3      1.6      3.9 1985  7 18 23 42  1.800  0.97   1
    51398  37.290389 -121.669287     4.325     -204.9      184.2     -574.9      2.1      2.0      7.5 1985  7 19  9 58 16.960  0.97   1
    52580  37.289726 -121.666838     5.766       12.3      110.6      865.4      2.0      1.6      4.7 1985  8  9 11 45  2.020  1.60   1
    54084  37.289644 -121.669637     3.728     -236.0      101.6    -1172.7      1.3      1.6      3.1 1985  8 28 20 35 10.100  1.58   1
    57271  37.293461 -121.672795     3.747     -516.0      525.2    -1152.9      1.8      1.4      3.8 1985 10 19 16 33 20.030  1.38   1
    57273  37.293217 -121.672681     3.722     -505.8      498.1    -1177.9      1.5      1.2      3.6 1985 10 19 17 35 48.940  1.66   1
    57770  37.290059 -121.670492     3.633     -311.7      147.7    -1267.4      1.7      1.9      3.7 1985 10 28  3 55 38.130  1.31   1
    58027  37.290914 -121.668026     5.713      -93.1      242.5      812.6      2.1      1.6      4.9 1985 10 31 23 53 38.440  1.96   1
    58028  37.291703 -121.668709     5.714     -153.7      330.1      814.2      2.7      2.3      5.3 1985 10 31 23 55 40.960  1.46   1
    58676  37.290210 -121.666252     6.175       64.2      164.4     1275.2      1.6      1.4      2.7 1985 11  9 23 12 11.080  1.88   1
    59070  37.286849 -121.664632     5.747      207.8     -208.6      847.0      1.7      1.5      4.8 1985 11 14  9 21  5.080  0.97   1
    61248  37.284721 -121.662874     5.744      363.7     -444.8      844.1      1.7      1.7      4.9 1985 12 12  7 33 37.950  1.16   1
    61462  37.288607 -121.667643     4.147      -59.2      -13.5     -753.3      2.8      1.8     10.5 1985 12 14 18 25 45.080  1.09   1
    61809  37.290405 -121.669279     4.331     -204.2      186.1     -569.4      2.4      1.6      7.5 1985 12 19  0  2 10.460  0.97   1
    62142  37.290426 -121.669393     4.326     -214.3      188.3     -574.3      2.2      2.1      7.5 1985 12 24 21 18 58.720  0.89   1
    62514  37.288936 -121.669141     3.696     -192.0       23.0    -1204.6      1.4      1.4      3.0 1985 12 31 15 50 52.230  1.74   1
    62520  37.288961 -121.668970     3.752     -176.8       25.7    -1148.2      1.6      1.5      3.1 1985 12 31 18  3  3.480  1.62   1
    65047  37.287036 -121.665706     4.460      112.6     -187.9     -440.6      1.6      1.4      7.3 1986  1 30  3 31 43.810  1.30   1
    65406  37.285254 -121.662606     5.882      387.5     -385.7      982.2      2.3      1.5      3.9 1986  2  2  8 26 42.650  1.18   1
    66346  37.285465 -121.666829     3.461       13.0     -362.2    -1439.1      1.2      1.1      4.2 1986  2 11 10 37 16.920  1.40   1
    66201  37.285535 -121.666829     3.469       13.0     -354.5    -1431.6      1.3      1.1      4.2 1986  2 11 11 50  0.620  1.50   1
    67820  37.290804 -121.670443     3.765     -307.4      230.3    -1135.8      1.8      2.1      4.5 1986  3  8 10 32  4.410  1.63   1
    67803  37.286251 -121.665112     4.475      165.3     -275.0     -425.4      2.0      1.1      7.4 1986  3  9 18 55 22.760  1.42   1
    70356  37.286837 -121.664730     5.757      199.2     -210.0      856.6      1.9      1.3      4.2 1986  4  4 10 16 40.970  3.19   1
    70373  37.287634 -121.665527     5.703      128.5     -121.5      803.2      2.5      2.3      4.7 1986  4  4 10 17 30.150  2.37   1
    70083  37.285254 -121.662630     5.869      385.4     -385.7      968.8      2.2      1.5      3.7 1986  4 12  7 13 35.460  1.00   1
    70826  37.294324 -121.670028     6.091     -270.6      620.9     1190.9      1.4      1.3      3.0 1986  4 21  8 46 14.270  0.99   1
    73536  37.291105 -121.668245     5.729     -112.6      263.7      828.6      2.6      2.3      4.8 1986  5 29  1 41 52.560  1.51   1
    73786  37.289115 -121.669686     3.425     -240.3       42.9    -1475.0      4.5      3.2      5.6 1986  6  1 10 51 31.460  1.21   1
    73850  37.289730 -121.666813     5.762       14.4      111.1      862.0      2.0      1.7      4.8 1986  6  2  5  8 18.340  1.52   1
    76654  37.286137 -121.663395     5.799      317.5     -287.7      899.1      1.8      1.2      4.0 1986  7 16 20 59  3.320  2.98   1
    76560  37.285181 -121.662655     5.850      383.2     -393.8      949.7      2.1      1.4      3.8 1986  7 17  4 26  2.170  0.83   1
    77218  37.289587 -121.669718     3.724     -243.2       95.3    -1176.5      1.4      1.3      3.2 1986  7 25  9 22 50.290  2.26   1
    77283  37.289172 -121.669409     3.714     -215.8       49.2    -1186.8      1.9      1.3      3.3 1986  7 25  9 23  5.480  2.35   1
    77296  37.289925 -121.670028     3.727     -270.6      132.8    -1173.0      1.8      1.6      3.8 1986  7 25 16  1 52.100  1.15   1
    81016  37.291801 -121.671289     3.736     -382.5      341.0    -1164.0      2.9      4.0     10.0 1986  9  2  7 22  7.550  0.52   1
    81017  37.291593 -121.671118     3.754     -367.3      317.9    -1146.0      2.4      3.1      6.0 1986  9  2  7 24 15.870  0.83   1
    81735  37.287948 -121.665625     5.728      119.8      -86.7      827.3      1.7      1.4      4.7 1986  9  8 23  4 33.440  1.55   1
    82606  37.290995 -121.670858     3.763     -344.2      251.5    -1137.5      2.0      2.4      4.8 1986  9 15 20 17 49.920  2.67   1
    83579  37.290462 -121.669425     4.293     -217.2      192.4     -607.6      2.9      2.4      8.1 1986  9 22 19 39 11.020  0.83   1
    83805  37.290824 -121.670540     3.775     -316.1      232.6    -1124.0      1.7      2.2      3.8 1986  9 25 12  1 52.830  1.36   1
    85194  37.286625 -121.667342     3.708      -32.5     -233.5    -1192.3      3.9      3.1      4.4 1986 10  9  2  6 22.720  2.95   1
    85669  37.285396 -121.666854     3.445       10.8     -369.9    -1455.1      1.3      1.1      4.2 1986 10 14 15 13 49.290  1.43   1
    87103  37.288542 -121.667570     4.128      -52.7      -20.8     -772.4      2.7      1.9     10.8 1986 11  3  8 20 28.780  0.94   1
    87964  37.284676 -121.662866     5.731      364.4     -449.8      830.6      1.7      1.8      4.8 1986 11 14 11 55 11.210  0.96   1
    88698  37.291565 -121.671094     3.756     -365.1      314.8    -1144.4      2.0      3.0      5.0 1986 11 25 13  0 35.660  1.01   1
    90036  37.290198 -121.669344     4.309     -210.0      163.0     -591.1      2.2      1.7      6.4 1986 12 12 17 46 44.360  0.64   1
    90485  37.290361 -121.669246     4.293     -201.3      181.1     -607.3      2.4      2.0      7.5 1986 12 18  2  5 30.480  1.09   1
    93248  37.289091 -121.669873     3.538     -256.9       40.2    -1362.3      3.7      3.1      6.3 1987  1 26 13 47 46.830  2.35   1
    95188  37.285201 -121.662524     5.861      394.7     -391.5      961.1      2.2      1.4      3.7 1987  2 21  7 40 45.210  1.18   1
    95317  37.285193 -121.662557     5.844      391.9     -392.4      943.8      2.1      1.5      3.8 1987  2 23 17  5  2.320  0.91   1
    97576  37.290470 -121.669442     4.306     -218.7      193.3     -594.5      3.1      2.8     11.7 1987  3 29 10  2  1.050  0.79   1
    98812  37.288554 -121.667619     4.101      -57.0      -19.4     -799.0      2.5      1.5     10.3 1987  4 17 16 13 47.300  1.18   1
   101361  37.289620 -121.669678     3.725     -239.6       98.9    -1175.8      1.3      1.4      3.1 1987  6  3  6 56  7.740  1.92   1
   101362  37.288916 -121.669173     3.706     -194.8       20.8    -1194.6      1.5      1.4      3.1 1987  6  3  6 58 51.320  1.74   1
   101659  37.287638 -121.665511     5.694      129.9     -121.0      794.1      1.7      1.3      4.6 1987  6  9  2  2 39.460  2.37   1
   102139  37.287528 -121.668009     3.638      -91.6     -133.2    -1262.2      3.5      3.1      8.4 1987  6 20 16 35 35.960  0.82   1
   102776  37.291561 -121.671110     3.749     -366.6      314.3    -1151.1      2.6      3.1      5.9 1987  7  7  1 44 26.990  1.01   1
   103138  37.289221 -121.669458     3.714     -220.1       54.6    -1185.7      1.2      1.3      3.3 1987  7 14 19  2 57.020  1.72   1
   103702  37.289701 -121.666797     5.759       15.9      107.9      858.7      2.0      1.5      4.8 1987  7 28  7  4 28.800  1.51   1
   103833  37.291089 -121.668245     5.723     -112.6      261.9      822.8      2.3      2.1      4.9 1987  8  1  1 40 41.980  1.94   1
   105327  37.287378 -121.667863     3.721      -78.7     -149.9    -1179.5      3.2      2.4      5.1 1987  9  4 10 31 17.310  1.74   1
   105800  37.289079 -121.666349     5.716       55.6       38.8      815.6      3.4      2.3      7.0 1987  9 14 23  7 17.840  0.83   1
   106343  37.290466 -121.669474     4.258     -221.5      192.8     -642.2      3.0      2.1      8.9 1987  9 27  7 19 34.920  0.75   1
   106370  37.290356 -121.669263     4.315     -202.8      180.6     -585.1      1.6      1.7      7.5 1987  9 27  8 23 11.780  0.96   1
   106462  37.288542 -121.667643     4.120      -59.2      -20.8     -780.7      1.8      1.8      9.1 1987  9 29  4 47  3.550  0.92   1
   107299  37.285527 -121.662882     5.910      363.0     -355.4     1009.4      2.2      1.5      4.2 1987 10 17  9 43 42.990  1.55   1
   107927  37.289482 -121.666870     5.749        9.4       83.5      848.6      3.5      2.2      5.5 1987 11  1 22 11 13.060  3.15   1
   107902  37.289722 -121.666878     5.760        8.7      110.2      859.8      2.0      1.5      4.8 1987 11  1 22 13 47.560  1.56   1
   107906  37.287952 -121.665609     5.728      121.2      -86.3      827.4      1.7      1.5      4.8 1987 11  2  3  6 28.290  1.52   1
   108512  37.285388 -121.666805     3.452       15.2     -370.8    -1448.0      2.1      1.7      4.4 1987 11 16 23 19  9.000  1.98   1
   109132  37.290312 -121.669295     4.297     -205.7      175.7     -603.4      3.5      3.6     10.9 1987 11 27  4  7 50.420  0.67   1
   110939  37.289978 -121.670345     3.553     -298.8      138.6    -1347.1      2.1      2.0      4.6 1988  1 15  1 56 42.310  1.39   1
   112178  37.285380 -121.662484     5.844      398.3     -371.7      944.1      2.4      1.5      4.1 1988  2 10 20 13  1.200  0.94   1
   112230  37.286072 -121.665137     4.432      163.1     -294.9     -468.2      2.1      1.3      7.4 1988  2 13  4 54 35.870  1.36   1
   112868  37.291589 -121.671118     3.748     -367.3      317.5    -1152.3      2.6      3.1      6.5 1988  2 25 10  0 17.780  0.92   1
   113569  37.291447 -121.667310     6.174      -29.6      301.7     1273.5      1.6      1.5      3.0 1988  3  9  2  8 11.840  1.40   1
   114006  37.285913 -121.663753     5.742      285.8     -312.5      841.3      2.0      1.3      4.4 1988  3 16 23 10  6.640  2.45   1
   115994  37.290938 -121.668042     5.707      -94.5      245.2      806.9      2.2      1.8      4.8 1988  4 21  4 42 14.550  1.94   1
   115996  37.291724 -121.668685     5.695     -151.5      332.4      794.9      2.6      2.3      5.2 1988  4 21  4 48 47.890  0.84   1
   116401  37.289103 -121.665332     6.159      145.8       41.5     1258.5      1.5      1.4      3.0 1988  4 29  7 29 57.200  1.68   1
   116406  37.289355 -121.665487     6.168      132.1       69.5     1267.7      1.5      1.4      2.5 1988  4 29  7 47 21.590  1.99   1
   117175  37.289705 -121.666797     5.747       15.9      108.4      846.5      2.0      1.5      4.7 1988  5 13 17 17 30.760  1.52   1
   119615  37.290108 -121.666170     6.165       71.4      153.1     1265.2      1.6      1.3      2.1 1988  6 27  4 18 37.320  2.52   1
   119610  37.290047 -121.666081     6.168       79.4      146.3     1267.3      1.6      1.6      2.9 1988  6 27  4 18 52.410  2.72   1
   119763  37.290405 -121.669238     4.288     -200.6      186.1     -611.7      2.9      1.8      8.3 1988  6 30 23 52 27.360  0.97   1
   119888  37.285238 -121.662573     5.848      390.4     -387.5      948.2      2.3      1.6      3.8 1988  7  5  5  2 33.820  0.83   1
   120788  37.290727 -121.670516     3.777     -313.9      221.7    -1123.6      1.9      2.1      3.9 1988  7 23 10 42 21.740  1.53   1
   120974  37.290491 -121.669385     4.276     -213.6      195.5     -624.4      2.4      1.9      7.8 1988  7 26 18  9 59.220  0.80   1
   126189  37.289575 -121.669718     3.732     -243.2       93.9    -1168.5      1.3      1.2      3.3 1988 11  2  3  9 12.610  1.93   1
   126292  37.288879 -121.669189     3.712     -196.3       16.7    -1188.1      1.3      1.3      3.3 1988 11  3  1 30  4.280  1.71   1
   126389  37.288912 -121.669059     3.782     -184.7       20.3    -1118.6      1.5      1.3      3.2 1988 11  4 13 34 34.720  1.87   1
   126560  37.284701 -121.662931     5.735      358.7     -447.1      834.3      1.8      1.9      4.9 1988 11  7 17 51 17.980  1.24   1
   126901  37.285535 -121.666927     3.503        4.3     -354.5    -1397.0      2.0      1.0      5.3 1988 11 12 18 11 57.680  1.07   1
   129454  37.286161 -121.662899     6.388      361.5     -285.0     1487.7      7.1      4.2      9.8 1988 12 30 23 53 29.880  1.74   1
   129428  37.286678 -121.662915     6.212      360.1     -227.6     1311.4     18.4     14.9     28.3 1988 12 30 23 54 24.000  4.30   1
   129887  37.290462 -121.669458     4.303     -220.1      192.4     -597.1      3.3      2.5      9.1 1989  1 13 10  9  6.070  0.94   1
   131766  37.289124 -121.665324     6.154      146.5       43.8     1253.3      1.4      1.5      3.4 1989  2 22 14 10 28.230  1.79   1
   132424  37.287142 -121.667733     3.698      -67.1     -176.1    -1202.4      3.7      2.8      4.8 1989  3  7 15  3 21.870  2.62   1
   132469  37.285567 -121.662752     5.855      374.5     -350.9      954.8      2.3      1.5      4.0 1989  3  8 14 47  1.080  1.40   1
   132715  37.285335 -121.662394     5.899      406.3     -376.6      998.5      2.2      1.6      3.8 1989  3 12  7 15 43.550  0.81   1
   139260  37.290446 -121.669181     4.395     -195.6      190.6     -505.6      2.0      1.6      7.2 1989  7  1  1 11 28.510  0.96   1
   140151  37.287244 -121.663932     6.205      269.9     -164.8     1305.0      6.4      2.8      7.8 1989  7 16 21 54  2.440  1.65   1
   140303  37.285535 -121.666732     3.656       21.6     -354.5    -1244.1      1.4      1.2      4.5 1989  7 19  8 51 59.540  1.28   1
   142196  37.288558 -121.667440     4.148      -41.1      -19.0     -752.0      3.0      2.2     12.5 1989  8 14  4  7  9.360  1.25   1
   144026  37.285234 -121.662565     5.894      391.1     -387.9      993.2      2.1      1.7      3.7 1989  9 14 10 35 38.140  0.87   1
   144648  37.287533 -121.665308     5.681      147.9     -132.8      780.3      1.8      1.4      4.8 1989  9 26 17  2  0.820  0.92   1
   144843  37.291105 -121.668172     5.742     -106.1      263.7      841.5      2.4      2.2      4.9 1989 10  1 18 21 45.920  1.78   1
   148939  37.289022 -121.669076     3.711     -186.2       32.5    -1188.9      1.2      1.3      3.0 1989 12 13  5 33 46.080  1.60   1
   149804  37.293201 -121.672567     3.727     -495.7      496.3    -1173.0      1.7      1.5      4.6 1989 12 30  6 19 29.350  1.59   1
   150901  37.287052 -121.665658     4.460      116.9     -186.1     -440.6      1.6      1.2      7.4 1990  1 19  9 24  8.400  1.24   1
   151583  37.285490 -121.666724     3.485       22.4     -359.5    -1415.3      1.1      1.0      4.4 1990  1 31  5  8 47.310  1.38   1
   153849  37.285404 -121.662638     5.880      384.6     -369.0      979.4      2.2      1.6      3.9 1990  3  6 23  9 12.960  0.83   1
   154124  37.287732 -121.665365     5.691      142.9     -110.6      790.7      1.4      1.4      4.7 1990  3 11 11 52 34.830  2.34   1
   155780  37.285470 -121.666642     3.478       29.6     -361.7    -1422.3      1.3      1.3      4.3 1990  4 11  5 35 19.420  1.33   1
   157462  37.286422 -121.664054     5.765      259.1     -256.1      865.0      1.6      1.2      4.1 1990  5 10 16 43 48.520  3.18   1
   157486  37.284745 -121.662598     5.701      388.2     -442.1      800.4      1.7      2.0      5.2 1990  5 11 22 59 22.960  0.97   1
   157494  37.290356 -121.668953     4.278     -175.4      180.6     -622.7      2.6      1.6      7.9 1990  5 12  2 57 13.600  0.81   1
   157758  37.289791 -121.666732     5.784       21.6      117.9      883.4      2.0      1.5      4.8 1990  5 16  4 10 37.430  1.59   1
   158154  37.291593 -121.671037     3.830     -360.1      317.9    -1070.1      3.2      3.2      6.7 1990  5 23 11 11 37.580  1.03   1
   158290  37.291850 -121.671281     3.846     -381.7      346.4    -1053.9      4.2      3.6      7.3 1990  5 23 16 30 36.550  0.82   1
 20091514  37.285974 -121.663208     5.876      334.1     -305.7      975.6      1.8      1.2      4.1 1990  6 11  1 38 14.370  3.10   1
   159156  37.288017 -121.664909     5.953      183.3      -79.0     1052.6      6.1      6.2     15.5 1990  6 11  2 45 19.820  1.25   1
   160503  37.289677 -121.669572     3.816     -230.2      105.2    -1084.2      1.2      1.3      3.5 1990  7  5 20  4 42.800  1.71   1
   161358  37.290483 -121.669010     4.354     -180.4      194.6     -546.2      2.9      2.0      8.6 1990  7 20  5 51 45.700  0.96   1
 20092038  37.292411 -121.667863     6.141      -78.7      408.7     1240.5     17.1     14.7     30.3 1990  8 17  2 26 16.740  3.68   1
   163527  37.291154 -121.666935     6.241        3.6      269.1     1340.7      1.7      1.5      3.2 1990  9  1 17 25 25.320  0.96   1
   165437  37.290426 -121.667505     5.713      -46.9      188.3      812.3      2.2      2.0      4.9 1990 10 17  6 15 15.710  1.80   1
   204801  37.290540 -121.669157     4.390     -193.4      201.0     -510.5      3.0      2.1      8.7 1991  1 15 17 29 20.200  0.94   1
   205031  37.290088 -121.670280     3.586     -293.0      150.8    -1314.4      1.5      1.6      4.6 1991  1 20  5  0 30.930  1.17   1
   205737  37.287618 -121.667806     3.695      -73.6     -123.3    -1205.5      3.9      3.6      8.9 1991  2  2  5 39  6.910  0.83   1
   206508  37.287756 -121.667944     3.724      -85.9     -107.9    -1175.7      2.6      2.2      5.4 1991  2 13 19 31  5.060  1.22   1
   207043  37.289054 -121.669751     3.529     -246.1       36.1    -1371.2      2.4      2.2      4.6 1991  2 22 15 51 34.750  2.28   1
   208364  37.291573 -121.671069     3.825     -363.0      315.7    -1075.2      2.8      3.2      5.7 1991  3 22 11 23 27.560  1.05   1
   208389  37.291838 -121.671216     3.840     -376.0      345.0    -1060.7      2.8      3.4      6.1 1991  3 22 11 34  4.350  0.81   1
   211885  37.285266 -121.662459     5.891      400.5     -384.3      990.4      2.2      1.5      3.8 1991  5  4  6 30 12.620  0.94   1
   212119  37.285254 -121.662492     5.896      397.6     -385.7      995.4      2.1      1.6      3.8 1991  5  9  0 14 24.910  1.22   1
   215747  37.289014 -121.669035     3.702     -182.6       31.6    -1198.7      1.3      1.4      3.0 1991  5 29  9 45 22.620  1.83   1
   220702  37.284672 -121.662573     5.676      390.4     -450.2      775.9      1.8      2.0      5.1 1991  6 22 16 36 38.560  1.21   1
   227435  37.290088 -121.670288     3.581     -293.7      150.8    -1319.7      2.1      2.3      4.2 1991  8 10 17  6  5.760  1.23   1
   227542  37.285388 -121.666740     3.441       20.9     -370.8    -1458.9      1.5      1.5      4.3 1991  8 12  9 56  3.630  1.43   1
   228484  37.287646 -121.665381     5.688      141.4     -120.1      787.3      1.6      1.9      5.4 1991  8 21 17  7 40.400  2.27   1
   229053  37.290873 -121.667920     5.718      -83.7      238.0      818.1      2.6      2.2      5.3 1991  8 28 14  4 22.080  2.05   1
   229871  37.290592 -121.669019     4.400     -181.1      206.8     -499.9      2.7      1.9      8.2 1991  9  6 16 39 27.620  0.93   1
   234881  37.285433 -121.666740     3.451       20.9     -365.8    -1449.2      1.5      1.5      4.3 1991 10 22 17  4 17.460  1.46   1
   238704  37.289677 -121.669621     3.721     -234.5      105.2    -1179.5      1.5      1.3      3.2 1991 12  3  5 24 24.980  2.01   1
   238790  37.289242 -121.669303     3.709     -206.4       56.9    -1191.1      1.2      1.3      3.0 1991 12  4  0  8 49.550  1.89   1
   238816  37.285592 -121.662720     5.913      377.4     -348.2     1013.0      2.1      1.8      3.9 1991 12  4 13 45 39.520  0.99   1
   241590  37.288383 -121.665812     5.700      103.2      -38.4      799.5      1.6      1.7      4.8 1991 12 23 12 33 19.250  1.22   1
   249781  37.289795 -121.666732     5.788       21.6      118.3      887.6      2.1      1.9      4.9 1992  2 10 12 31  5.020  1.61   1
   253921  37.285425 -121.666699     3.423       24.5     -366.7    -1477.7      1.7      1.5      4.0 1992  3  4 13 13  6.220  1.23   1
   261841  37.291524 -121.671045     3.831     -360.8      310.2    -1069.2      3.6      3.2      8.5 1992  4  6  9 39 49.410  0.92   1
   292015  37.286698 -121.667334     3.739      -31.8     -225.3    -1161.7      3.7      2.9      4.3 1992  6  9 12 59 24.230  2.86   1
   303099  37.286251 -121.664982     4.564      176.8     -275.0     -336.1      1.9      1.4      6.9 1992  7  7  2 47 24.660  1.35   1
   304374  37.285543 -121.666764     3.460       18.8     -353.6    -1440.3      1.8      1.5      4.3 1992  7 17  9 51 49.510  1.02   1
   312743  37.290816 -121.670492     3.819     -311.7      231.7    -1081.8      2.1      2.4      4.7 1992  8 29 17  4 29.020  1.64   1
   314921  37.288957 -121.668945     3.821     -174.6       25.3    -1079.7      1.3      1.5      3.3 1992  9 11  1 22 13.650  1.06   1
   322432  37.287056 -121.665658     4.459      116.9     -185.6     -441.2      1.5      1.5      7.4 1992 11  5 12 35  5.470  1.26   1
   327300  37.291512 -121.668465     5.723     -132.1      308.9      822.7      2.2      1.9      5.0 1992 11 29  5  3  2.720  1.73   1
   330647  37.290495 -121.669157     4.414     -193.4      196.0     -486.7      1.9      1.7      7.3 1993  1  2 11 32 10.020  1.10   1
   331552  37.291557 -121.671086     3.834     -364.4      313.9    -1066.1      1.7      3.1      6.0 1993  1  9 17 48 38.720  1.01   1
   331635  37.291317 -121.671053     3.794     -361.5      287.2    -1106.4      2.0      2.9      4.8 1993  1 10 22 13  9.440  1.20   1
   339439  37.285291 -121.662549     5.909      392.6     -381.6     1009.2      2.3      1.7      3.7 1993  3  7  1 47 38.410  1.22   1
   339511  37.285335 -121.662630     5.903      385.4     -376.6     1002.4      2.2      1.6      3.8 1993  3  8  9 25 39.610  1.01   1
   352620  37.289299 -121.669141     3.742     -192.0       63.2    -1158.0      2.4      1.9      5.2 1993  6  8  9 15  1.380  0.83   1
 30036393  37.291602 -121.671094     3.857     -365.1      318.8    -1042.9      2.9      3.2      6.9 1993 12  1  0 25 49.530  0.98   1
   389286  37.288888 -121.669067     3.726     -185.5       17.6    -1174.0      1.3      1.5      3.1 1993 12 20 22 35  7.800  1.77   1
   391772  37.290348 -121.669165     4.274     -194.1      179.7     -626.0      1.9      2.1      8.3 1994  1 19  7 46 39.590  0.96   1
   391983  37.290389 -121.669214     4.431     -198.4      184.2     -468.8      1.9      1.6      7.1 1994  1 20  7 20 41.680  0.90   1
   399980  37.290100 -121.670256     3.581     -290.8      152.2    -1319.0      1.6      1.9      4.6 1994  4  6  4 11 34.960  1.38   1
   400563  37.285425 -121.666675     3.473       26.7     -366.7    -1427.6      1.0      1.0      4.3 1994  4 16 13 10 52.340  2.00   1
   401879  37.289807 -121.666724     5.810       22.4      119.7      910.2      2.1      1.7      4.9 1994  5  8 23  4 53.240  1.61   1
 30049085  37.288021 -121.665454     5.745      134.9      -78.6      844.9      1.6      1.5      4.8 1994  5 13 11 15 14.850  1.56   1
 30051942  37.290999 -121.667961     5.737      -87.3      252.0      836.4      2.3      1.9      5.1 1994  6 30 14 25 51.030  1.83   1
 30051943  37.291793 -121.668587     5.757     -142.9      340.0      856.4      2.6      2.2      5.6 1994  6 30 14 29 15.060  1.38   1
 30054274  37.293441 -121.672664     3.813     -504.4      522.9    -1087.5      1.3      1.8      3.6 1994  8  4 17 19  8.160  1.37   1
 30057908  37.285742 -121.663631     5.758      296.6     -331.5      857.5      1.7      1.2      4.2 1994  9 17 17 57  1.520  2.38   1
 30058785  37.285885 -121.663908     5.740      272.1     -315.7      839.2      1.7      1.1      4.1 1994  9 25 23  4 28.000  2.36   1
 30062741  37.289661 -121.669556     3.754     -228.8      103.4    -1146.4      1.5      1.5      3.1 1994 11 16 16 50 58.150  2.01   1
 30062748  37.289962 -121.669743     3.666     -245.4      136.8    -1234.7      1.3      1.9      4.5 1994 11 16 18  3 42.360  1.27   1
 30069218  37.288993 -121.668766     3.827     -158.8       29.4    -1073.4      1.7      1.5      3.5 1995  3  3  9 38 49.200  1.20   1
 30069222  37.288936 -121.668831     3.777     -164.5       23.0    -1123.1      1.2      1.3      3.3 1995  3  3 12 30 15.850  1.75   1
 30069457  37.288765 -121.668815     3.718     -163.1        4.1    -1182.2      1.8      1.5      3.6 1995  3  7 13 19 41.960  1.26   1
 30071053  37.285860 -121.663094     5.796      344.2     -318.4      895.9      1.7      1.1      4.1 1995  4  5  7 55 21.350  2.80   1
 30072363  37.284696 -121.662590     5.729      389.0     -447.5      828.6      1.8      1.9      5.2 1995  4 26 17 54  9.660  1.14   1
 30073191  37.291610 -121.671004     3.874     -357.2      319.7    -1026.8      2.2      3.0      5.5 1995  5 14 11 18 47.000  1.02   1
 30074975  37.290564 -121.669116     4.481     -189.8      203.7     -419.3      2.5      2.3      7.5 1995  6 15 22 23  1.320  1.34   1
 30076454  37.290898 -121.670728     3.764     -332.7      240.7    -1136.1      2.0      2.2      4.8 1995  7  4 11 20 49.790  2.65   1
 30077970  37.288314 -121.665698     5.693      113.3      -46.1      792.6      2.2      2.1      5.9 1995  7 24  8 37 43.620  1.26   1
 30090632  37.287056 -121.667611     3.721      -56.3     -185.6    -1178.9      3.7      2.7      4.1 1995 11 25 19 22  6.180  2.56   1
 30091051  37.287325 -121.665161     5.716      160.9     -155.8      815.6      2.0      2.1      5.6 1995 12  2  1 12 15.750  1.40   1
 30092060  37.289054 -121.669149     3.713     -192.7       36.1    -1187.7      1.5      1.4      3.2 1995 12 15 18 53 39.820  1.82   1
 30107700  37.293522 -121.672583     3.784     -497.2      532.0    -1116.3      1.8      1.5      3.6 1996  5 30 18 47 12.480  1.35   1
   478138  37.289551 -121.669604     3.707     -233.1       91.2    -1193.0      1.8      1.2      3.5 1996  9  2 20 27  0.360  1.99   1
   478141  37.289876 -121.669792     3.627     -249.7      127.3    -1272.9      1.7      1.6      4.7 1996  9  2 20 36  3.960  1.38   1
   478159  37.288765 -121.668766     3.699     -158.8        4.1    -1201.7      1.6      1.6      4.1 1996  9  3  0  2  4.940  1.17   1
   482382  37.285152 -121.662435     5.911      402.7     -396.9     1011.0      2.2      1.7      4.0 1996 10 19  4 32 38.790  1.30   1
   483500  37.287667 -121.665454     5.676      134.9     -117.9      775.8      1.7      1.3      4.7 1996 11  2 12 22 52.340  2.29   1
   485145  37.285307 -121.666732     3.450       21.6     -379.8    -1450.1      1.5      1.3      4.2 1996 11 20 12 25 42.190  1.93   1
   502047  37.289937 -121.665959     6.192       90.2      134.1     1291.6      1.6      1.3      2.4 1997  4 20 17  8  1.560  1.79   1
   522670  37.286165 -121.664030     5.703      261.2     -284.5      802.4      2.2      1.7      4.2 1997  9 26 19 58  2.480  3.09   1
   523141  37.289693 -121.666715     5.780       23.1      107.0      879.2      2.2      1.9      4.9 1997  9 29  3  7 46.980  1.55   1
   529274  37.289010 -121.669173     3.692     -194.8       31.2    -1208.7      1.2      1.2      2.9 1997 10 28 12  1 44.750  1.61   1
