    16484  37.286149 -121.663273     5.798      328.3     -286.3      897.7      2.6      2.0      5.2 1984  4 24 21 20 23.480  3.57   1
    16527  37.286597 -121.664299     5.757      237.4     -236.6      856.7      2.8      2.1      5.1 1984  4 24 21 23 39.960  3.54   1
    17496  37.291166 -121.666951     6.209        2.2      270.5     1308.7      4.6      3.1      5.3 1984  4 25  0  4 49.440  1.23   1
    16521  37.286678 -121.667171     3.679      -17.3     -227.6    -1221.5      3.3      2.9      7.5 1984  4 25  4 16 53.440  3.00   1
    17842  37.288928 -121.668921     3.773     -172.5       22.1    -1126.8      1.5      1.8      3.7 1984  4 25  4 35 19.170  1.90   1
    16635  37.294303 -121.670085     6.100     -275.7      618.7     1200.2      3.3      3.6      5.5 1984  4 25  7 22 22.290  1.40   1
    16576  37.287268 -121.663753     6.096      285.8     -162.1     1196.1      5.1      3.7      7.4 1984  4 25 14  6 57.560  1.62   1
    17929  37.289661 -121.666740     5.773       20.9      103.4      873.1      1.5      1.5      4.8 1984  4 25 22 14 23.140  1.80   1
    16659  37.289966 -121.665959     6.209       90.2      137.3     1309.1      4.4      2.9      4.9 1984  4 26  8 54 51.420  1.52   1
    16701  37.291414 -121.667187     6.225      -18.8      298.1     1324.5      4.4      3.0      5.3 1984  4 26 17 22 44.280  1.57   1
    18075  37.288538 -121.667497     4.245      -46.2      -21.2     -654.8      4.2      2.8      5.0 1984  4 26 20 11 12.520  1.17   1
    16751  37.291361 -121.670955     3.766     -352.9      292.2    -1134.4      2.7      2.0      5.2 1984  4 27  7 48 23.500  0.97   1
    16766  37.287931 -121.665552     5.730      126.3      -88.5      829.8      2.1      1.7      4.7 1984  4 27 11  8  9.220  1.31   1
    16802  37.287301 -121.663729     6.086      287.9     -158.5     1185.9      5.2      3.7      7.9 1984  4 27 19  3 15.040  1.31   1
    16821  37.285181 -121.662549     5.864      392.6     -393.8      963.5      3.0      1.9      5.1 1984  4 28  0  4 31.210  0.83   1
    16827  37.284880 -121.662288     5.865      415.7     -427.2      964.3      3.0      2.1      5.0 1984  4 28  1 43 47.850  1.21   1
    16838  37.294303 -121.670060     6.104     -273.5      618.7     1203.6      3.4      3.6      5.4 1984  4 28  3 54 12.200  1.39   1
    16841  37.286186 -121.665129     4.456      163.8     -282.2     -443.9      4.9      3.9      9.5 1984  4 28  4 43 26.310  1.47   1
    19159  37.290572 -121.666414     6.196       49.8      204.6     1295.3      4.4      2.9      4.5 1984  4 28 16 12 43.750  2.09   1
    16885  37.289054 -121.665259     6.179      152.3       36.1     1278.5      4.3      2.7      4.8 1984  4 28 18 53 49.960  2.18   1
    16911  37.288269 -121.665861     5.732       98.9      -51.0      831.5      2.2      2.2      4.9 1984  4 29  2 29 16.340  1.27   1
    17074  37.289905 -121.665869     6.190       98.1      130.5     1289.8      4.4      2.9      4.7 1984  4 30 14 46  1.740  1.59   1
    17272  37.289697 -121.666756     5.769       19.5      107.5      868.3      1.6      1.7      5.0 1984  5  2  7 34 17.770  1.65   1
    17294  37.293160 -121.672559     3.738     -495.0      491.8    -1162.6      2.2      2.0      4.1 1984  5  2 14 32 55.730  1.70   1
    17356  37.285433 -121.666732     3.491       21.6     -365.8    -1409.7      2.6      2.7      6.0 1984  5  2 22 58 42.360  1.77   1
    17669  37.287276 -121.663729     6.097      287.9     -161.2     1196.7      5.4      3.8      8.4 1984  5  3 23 10 52.920  1.04   1
    17723  37.286198 -121.663175     5.822      337.0     -280.9      921.4      3.6      2.8      5.5 1984  5  4 18 42 58.080  3.05   1
    17526  37.287663 -121.665438     5.705      136.4     -118.3      804.6      2.1      1.6      4.9 1984  5  5  3 31 54.930  2.45   1
    17779  37.285954 -121.663810     5.733      280.7     -308.0      832.6      2.4      1.9      4.9 1984  5  7 14 27 20.420  2.85   1
    17794  37.284656 -121.662817     5.769      368.8     -452.0      869.2      2.9      1.8      5.1 1984  5  7 16 34 13.860  1.30   1
    17834  37.294291 -121.670076     6.097     -274.9      617.3     1196.4      3.4      3.5      5.4 1984  5  8  6 55  3.840  1.17   1
    18466  37.285189 -121.662557     5.859      391.9     -392.9      959.2      3.0      1.6      5.0 1984  5 15  1 42 21.350  1.18   1
    18608  37.291593 -121.667424     6.193      -39.7      317.9     1292.3      4.3      2.7      4.4 1984  5 16 17  9 28.700  2.32   1
    18708  37.289591 -121.666699     5.769       24.5       95.7      869.3      2.8      2.3      5.1 1984  5 17  8 43  3.370  3.32   1
    18857  37.285270 -121.662606     5.881      387.5     -383.9      980.9      3.0      2.0      5.2 1984  5 19  4 20 31.710  0.74   1
    19686  37.290393 -121.669230     4.332     -199.9      184.7     -568.8      3.0      4.0     11.1 1984  5 29 23 53  6.840  0.99   1
    19720  37.289966 -121.665796     6.102      104.6      137.3     1201.8      3.9      2.7      4.6 1984  5 30 12 38 10.840  3.00   1
    19745  37.291150 -121.666984     6.203       -0.7      268.7     1302.3      4.8      3.3      6.4 1984  5 30 17  5  4.160  0.80   1
    19776  37.286963 -121.665706     4.447      112.6     -196.0     -453.0      4.8      3.9     10.0 1984  5 31  1 43 34.410  1.22   1
    19860  37.289677 -121.666756     5.767       19.5      105.2      866.3      1.9      1.7      5.0 1984  6  1  3 27 26.880  1.58   1
    19888  37.294291 -121.670060     6.099     -273.5      617.3     1198.8      3.5      3.6      5.9 1984  6  1  9  7  7.310  1.08   1
    19992  37.286454 -121.664160     5.735      249.7     -252.4      834.4      1.9      2.1      4.9 1984  6  2 17 32  6.480  2.92   1
    20113  37.284652 -121.662817     5.749      368.8     -452.5      849.2      3.0      1.7      5.3 1984  6  4 16 23 29.800  1.15   1
    20328  37.292367 -121.667985     6.231      -89.5      403.7     1331.0      4.9      3.2      7.3 1984  6  5 23 51 14.920  0.93   1
    20622  37.287211 -121.665194     5.690      158.0     -168.4      789.7      2.0      1.7      5.1 1984  6 11  4 58 46.580  1.48   1
    20978  37.286149 -121.663175     5.815      337.0     -286.3      914.8      2.3      2.0      5.0 1984  6 16  3 50 27.150  3.13   1
    21561  37.287516 -121.663761     6.142      285.0     -134.6     1241.8      5.5      3.8      9.1 1984  6 26  7 13 18.280  0.80   1
    21644  37.290743 -121.670418     3.781     -305.2      223.5    -1119.1      2.4      2.0      5.6 1984  6 27 14 50 38.140  1.59   1
    22144  37.286182 -121.665120     4.460      164.5     -282.7     -440.2      4.9      3.7      9.1 1984  7  5 12 49 57.720  1.28   1
    22165  37.288595 -121.667611     4.190      -56.3      -14.9     -710.0      4.5      2.9      5.1 1984  7  5 17  6 28.740  0.96   1
    22271  37.290983 -121.670711     3.718     -331.2      250.2    -1182.1      2.1      1.9      4.8 1984  7  7  0 17  9.970  2.67   1
    22280  37.288582 -121.668872     3.719     -168.1      -16.3    -1181.2      2.2      2.0      5.5 1984  7  7  2 35  4.060  1.53   1
    23190  37.289608 -121.669637     3.741     -236.0       97.5    -1159.6      1.8      1.7      3.5 1984  7 17 16 24 49.440  1.85   1
    23195  37.287659 -121.665527     5.702      128.5     -118.8      802.1      2.0      1.9      4.7 1984  7 17 17 53  4.200  2.33   1
    24519  37.289026 -121.669832     3.546     -253.3       33.0    -1354.0      2.3      1.9      3.6 1984  7 30 14 16 49.060  2.31   1
    24674  37.289661 -121.666781     5.764       17.3      103.4      864.1      1.4      1.4      4.9 1984  8  1 12 29 16.890  1.64   1
    25096  37.290047 -121.670435     3.641     -306.7      146.3    -1259.6      2.2      2.1      5.0 1984  8  7  9  7  6.330  1.17   1
    25305  37.290365 -121.669295     4.341     -205.7      181.5     -559.6      4.2      5.5     14.9 1984  8 10  7  4  4.200  0.95   1
    25937  37.285173 -121.662614     5.865      386.8     -394.7      965.0      3.0      2.0      5.4 1984  8 19 20 27 32.960  0.69   1
    26238  37.290483 -121.669442     4.364     -218.7      194.6     -536.1      3.6      4.3     11.7 1984  8 25  0 19 18.360  0.72   1
    27421  37.285478 -121.662769     5.865      373.1     -360.8      964.8      2.9      2.0      5.0 1984  9  6 16 33 41.640  1.41   1
    27683  37.285852 -121.663900     5.706      272.8     -319.3      805.5      2.0      1.8      5.0 1984  9 10 16 24 47.130  2.39   1
    27684  37.285807 -121.663753     5.734      285.8     -324.2      833.7      2.1      1.7      5.7 1984  9 10 16 33 36.940  1.79   1
    27721  37.285225 -121.662590     5.873      389.0     -388.8      972.8      2.9      1.7      5.0 1984  9 11  8 13 54.330  0.83   1
    27722  37.288000 -121.665674     5.728      115.5      -80.8      827.4      1.8      1.6      4.7 1984  9 11  9 29 23.690  1.78   1
    27724  37.289852 -121.665885     6.184       96.7      124.6     1283.7      4.4      2.9      5.0 1984  9 11 10 26  8.190  1.55   1
    28475  37.291606 -121.671183     3.859     -373.1      319.3    -1041.7      2.7      2.7      5.7 1984  9 23  8 43 14.720  1.07   1
    29752  37.285421 -121.666813     3.484       14.4     -367.1    -1415.9      2.6      2.8      5.7 1984 10 10  7 11 54.160  1.90   1
    29901  37.291492 -121.667228     6.205      -22.4      306.6     1305.0      4.6      3.0      5.2 1984 10 12  7 13 23.200  1.21   1
    30009  37.291142 -121.668156     5.738     -104.6      267.8      838.2      2.8      2.6      5.3 1984 10 13 17 32 47.840  1.83   1
    30159  37.290336 -121.669279     4.314     -204.2      178.4     -586.0      4.8      5.6     15.3 1984 10 17 11 39  4.900  0.89   1
    30929  37.290971 -121.668066     5.704      -96.7      248.8      803.7      1.7      1.5      4.9 1984 10 30  2 49 48.600  1.41   1
    31031  37.286357 -121.664071     5.734      257.6     -263.3      833.5      2.4      2.2      5.0 1984 10 31  3  5 11.660  2.89   1
    31037  37.285148 -121.662630     5.854      385.4     -397.4      953.5      3.1      2.0      5.3 1984 10 31 15 28 48.300  0.79   1
    31068  37.284823 -121.662337     5.853      411.3     -433.5      952.4      3.0      2.1      5.2 1984 11  1  5 22 45.950  0.79   1
    31844  37.286202 -121.665112     4.463      165.3     -280.4     -437.5      4.8      3.8      9.2 1984 11 13 11 59  9.360  1.31   1
    32049  37.288924 -121.669100     3.725     -188.3       21.7    -1175.2      2.2      1.9      3.4 1984 11 18  0 28 55.240  1.69   1
    32676  37.285718 -121.662956     5.798      356.5     -334.2      897.7      2.5      2.1      4.9 1984 11 28 11 54 37.810  2.94   1
    35929  37.287321 -121.665226     5.694      155.2     -156.3      794.2      1.7      1.5      4.7 1984 12  1  8  9 13.540  1.74   1
    33786  37.286967 -121.665682     4.453      114.7     -195.5     -447.0      4.9      4.2     11.5 1984 12 10  7 45 41.770  1.43   1
    34527  37.289693 -121.666772     5.761       18.0      107.0      860.2      1.5      1.5      5.0 1984 12 15 10 28 17.680  1.61   1
    34841  37.284725 -121.662899     5.737      361.5     -444.4      836.4      2.8      1.6      4.9 1984 12 19  8 29 34.630  1.35   1
    35109  37.290743 -121.670426     3.779     -306.0      223.5    -1120.9      2.4      1.9      5.3 1984 12 22  4 43 44.710  1.60   1
    38148  37.287065 -121.667497     3.695      -46.2     -184.7    -1205.6      2.5      2.4      6.2 1985  1 19 11 56 37.340  2.49   1
    39944  37.291504 -121.668506     5.748     -135.7      308.0      848.0      1.9      1.7      4.8 1985  2  5 11 42 49.820  2.05   1
    40913  37.289107 -121.665283     6.178      150.1       42.0     1277.6      4.3      2.8      4.8 1985  2 13 23 52 25.080  1.70   1
    41574  37.290417 -121.669263     4.337     -202.8      187.4     -563.6      3.6      4.1     12.0 1985  2 16 20 53  7.160  1.20   1
    42349  37.288989 -121.668978     3.787     -177.5       28.9    -1112.8      2.8      1.9      4.1 1985  2 28  1  9 58.300  0.84   1
    42555  37.288888 -121.668872     3.767     -168.1       17.6    -1133.5      2.0      1.8      3.7 1985  3  2  6 53 56.010  1.74   1
    42559  37.289612 -121.669621     3.778     -234.5       98.0    -1122.7      1.9      1.8      3.7 1985  3  2  8 55  3.470  1.91   1
    42643  37.289176 -121.669320     3.712     -207.8       49.7    -1188.7      2.5      2.2      3.4 1985  3  2  8 55 29.590  2.08   1
    42560  37.289986 -121.669930     3.697     -262.0      139.5    -1203.7      2.1      1.9      4.2 1985  3  2  8 58  0.480  1.22   1
    43546  37.289408 -121.666838     5.728       12.3       75.4      827.4      2.7      2.2      5.1 1985  3 12  4  3 59.980  3.24   1
    43580  37.289709 -121.666813     5.768       14.4      108.8      867.4      1.6      1.6      5.0 1985  3 12  4  4 51.800  2.04   1
    44335  37.286112 -121.664030     5.728      261.2     -290.4      827.4      2.1      1.8      4.8 1985  3 20  4 57 39.190  2.56   1
    44729  37.287174 -121.665153     5.713      161.6     -172.5      813.2      2.1      1.8      5.0 1985  3 26 11 50 46.600  1.26   1
    45835  37.287866 -121.665047     5.874      171.0      -95.7      973.9      4.8      2.5      8.5 1985  4 10 18 45 20.620  1.07   1
    46041  37.294291 -121.670052     6.094     -272.8      617.3     1194.0      3.4      3.6      6.0 1985  4 13 14  1 53.470  1.16   1
    47288  37.285494 -121.666854     3.463       10.8     -359.0    -1436.9      3.2      3.2      7.6 1985  5  5 16 50  5.800  0.94   1
    49151  37.285535 -121.666927     3.453        4.3     -354.5    -1446.9      2.9      3.4      7.0 1985  6  8  4 58 49.900  0.64   1
    49626  37.291573 -121.671110     3.834     -366.6      315.7    -1066.6      2.4      2.5      5.0 1985  6 15  1 38 57.380  0.94   1
    49633  37.286243 -121.665153     4.456      161.6     -275.9     -443.9      5.0      4.0      9.3 1985  6 16  5 24 54.700  1.29   1
    50591  37.287744 -121.668042     3.719      -94.5     -109.3    -1181.0      2.7      1.7      7.2 1985  7  4  3  6  5.160  1.06   1
    51288  37.285482 -121.666895     3.449        7.2     -360.4    -1451.3      3.1      4.1      9.3 1985  7 17 13 58 38.250  1.02   1
    51325  37.285791 -121.662891     5.855      362.3     -326.0      954.6      2.5      2.0      4.6 1985  7 17 23 39 58.840  1.89   1
    51378  37.285234 -121.662614     5.853      386.8     -387.9      953.1      3.1      2.0      5.3 1985  7 18 23 42  1.800  0.97   1
    51398  37.290389 -121.669295     4.327     -205.7      184.2     -573.4      3.2      4.0     11.6 1985  7 19  9 58 16.960  0.97   1
    52580  37.289709 -121.666829     5.765       13.0      108.8      864.5      1.5      1.5      5.0 1985  8  9 11 45  2.020  1.60   1
    54084  37.289657 -121.669637     3.731     -236.0      103.0    -1169.6      1.8      1.6      3.6 1985  8 28 20 35 10.100  1.58   1
    57271  37.293457 -121.672827     3.764     -518.8      524.7    -1135.9      2.5      2.3      4.6 1985 10 19 16 33 20.030  1.38   1
    57273  37.293221 -121.672705     3.741     -508.0      498.6    -1159.1      2.2      1.9      3.9 1985 10 19 17 35 48.940  1.66   1
    57770  37.290088 -121.670508     3.641     -313.2      150.8    -1258.8      2.6      2.5      5.2 1985 10 28  3 55 38.130  1.31   1
    58027  37.290938 -121.668058     5.729      -96.0      245.2      828.3      1.9      1.9      4.8 1985 10 31 23 53 38.440  1.96   1
    58028  37.291752 -121.668774     5.730     -159.5      335.5      829.9      2.1      1.7      5.6 1985 10 31 23 55 40.960  1.46   1
    58676  37.290226 -121.666219     6.176       67.1      166.2     1276.0      4.3      2.9      5.0 1985 11  9 23 12 11.080  1.88   1
    59070  37.286882 -121.664624     5.751      208.6     -205.0      850.8      2.0      2.8      4.8 1985 11 14  9 21  5.080  0.97   1
    61248  37.284733 -121.662882     5.749      363.0     -443.5      848.8      2.9      1.7      5.4 1985 12 12  7 33 37.950  1.16   1
    61462  37.288623 -121.667643     4.188      -59.2      -11.7     -712.4      4.5      2.7      5.3 1985 12 14 18 25 45.080  1.09   1
    61809  37.290397 -121.669287     4.327     -204.9      185.2     -572.9      3.8      4.1     11.9 1985 12 19  0  2 10.460  0.97   1
    62142  37.290417 -121.669385     4.324     -213.6      187.4     -576.4      3.9      4.2     12.1 1985 12 24 21 18 58.720  0.89   1
    62514  37.288936 -121.669141     3.698     -192.0       23.0    -1202.3      1.7      1.6      3.5 1985 12 31 15 50 52.230  1.74   1
    62520  37.288961 -121.668962     3.754     -176.1       25.7    -1145.8      1.6      1.9      3.6 1985 12 31 18  3  3.480  1.62   1
    65047  37.287044 -121.665723     4.446      111.1     -187.0     -454.6      5.2      4.1     10.5 1986  1 30  3 31 43.810  1.30   1
    65406  37.285250 -121.662590     5.879      389.0     -386.1      978.2      2.9      1.9      5.0 1986  2  2  8 26 42.650  1.18   1
    66346  37.285490 -121.666805     3.468       15.2     -359.5    -1432.2      2.8      2.8      6.1 1986  2 11 10 37 16.920  1.40   1
    66201  37.285559 -121.666797     3.475       15.9     -351.8    -1425.8      2.9      2.9      6.0 1986  2 11 11 50  0.620  1.50   1
    67820  37.290845 -121.670426     3.766     -306.0      234.8    -1134.5      3.0      2.2      6.3 1986  3  8 10 32  4.410  1.63   1
    67803  37.286255 -121.665145     4.461      162.4     -274.6     -439.5      5.2      4.1      9.3 1986  3  9 18 55 22.760  1.42   1
    70356  37.286820 -121.664705     5.749      201.3     -211.8      849.0      3.0      2.3      5.3 1986  4  4 10 16 40.970  3.19   1
    70373  37.287679 -121.665568     5.711      124.8     -116.5      810.3      2.9      2.4      5.8 1986  4  4 10 17 30.150  2.37   1
    70083  37.285246 -121.662622     5.865      386.1     -386.6      964.7      3.0      2.6      5.4 1986  4 12  7 13 35.460  1.00   1
    70826  37.294320 -121.670036     6.088     -271.3      620.5     1187.9      3.4      3.6      5.9 1986  4 21  8 46 14.270  0.99   1
    73536  37.291138 -121.668278     5.738     -115.5      267.3      838.2      3.3      3.0      5.3 1986  5 29  1 41 52.560  1.51   1
    73786  37.289237 -121.669881     3.416     -257.6       56.4    -1484.7      3.6      2.6      5.0 1986  6  1 10 51 31.460  1.21   1
    73850  37.289714 -121.666838     5.762       12.3      109.3      861.4      1.8      1.9      5.0 1986  6  2  5  8 18.340  1.52   1
    76654  37.286141 -121.663363     5.799      320.4     -287.2      898.9      2.4      2.0      5.0 1986  7 16 20 59  3.320  2.98   1
    76560  37.285168 -121.662638     5.846      384.6     -395.1      945.4      3.0      2.2      5.3 1986  7 17  4 26  2.170  0.83   1
    77218  37.289591 -121.669718     3.729     -243.2       95.7    -1171.4      1.7      1.8      3.6 1986  7 25  9 22 50.290  2.26   1
    77283  37.289168 -121.669417     3.723     -216.5       48.8    -1177.2      2.3      1.7      3.8 1986  7 25  9 23  5.480  2.35   1
    77296  37.289929 -121.670020     3.731     -269.9      133.2    -1168.8      2.0      1.8      3.9 1986  7 25 16  1 52.100  1.15   1
    81016  37.291866 -121.671297     3.772     -383.2      348.2    -1128.3      2.8      2.6      6.4 1986  9  2  7 22  7.550  0.52   1
    81017  37.291638 -121.671126     3.777     -368.0      322.9    -1123.4      2.5      2.5      4.7 1986  9  2  7 24 15.870  0.83   1
    81735  37.287948 -121.665649     5.727      117.6      -86.7      826.9      1.9      1.9      5.1 1986  9  8 23  4 33.440  1.55   1
    82606  37.291012 -121.670858     3.756     -344.2      253.3    -1143.9      1.7      2.1      4.7 1986  9 15 20 17 49.920  2.67   1
    83579  37.290458 -121.669434     4.289     -217.9      191.9     -610.8      3.3      3.9     12.8 1986  9 22 19 39 11.020  0.83   1
    83805  37.290857 -121.670549     3.785     -316.8      236.2    -1114.1      3.2      2.2      8.5 1986  9 25 12  1 52.830  1.36   1
    85194  37.286625 -121.667244     3.689      -23.8     -233.5    -1210.9      3.3      3.6      7.8 1986 10  9  2  6 22.720  2.95   1
    85669  37.285384 -121.666838     3.449       12.3     -371.2    -1451.7      2.7      2.9      6.1 1986 10 14 15 13 49.290  1.43   1
    87103  37.288538 -121.667562     4.159      -52.0      -21.2     -741.4      4.3      2.8      4.6 1986 11  3  8 20 28.780  0.94   1
    87964  37.284688 -121.662866     5.734      364.4     -448.4      833.6      2.8      1.7      5.5 1986 11 14 11 55 11.210  0.96   1
    88698  37.291630 -121.671102     3.783     -365.9      322.0    -1116.9      2.4      2.2      5.0 1986 11 25 13  0 35.660  1.01   1
    90036  37.290194 -121.669352     4.309     -210.7      162.6     -591.2      3.9      3.9     11.0 1986 12 12 17 46 44.360  0.64   1
    90485  37.290361 -121.669246     4.291     -201.3      181.1     -608.8      3.2      3.6     10.3 1986 12 18  2  5 30.480  1.09   1
    93248  37.289128 -121.669930     3.523     -262.0       44.3    -1377.7      4.0      3.6      6.1 1987  1 26 13 47 46.830  2.35   1
    95188  37.285185 -121.662516     5.858      395.5     -393.3      957.6      3.0      2.3      5.5 1987  2 21  7 40 45.210  1.18   1
    95317  37.285181 -121.662541     5.841      393.3     -393.8      940.3      3.1      2.1      5.5 1987  2 23 17  5  2.320  0.91   1
    97576  37.290470 -121.669450     4.311     -219.4      193.3     -589.5      5.1      5.0     18.3 1987  3 29 10  2  1.050  0.79   1
    98812  37.288558 -121.667603     4.132      -55.6      -19.0     -767.9      4.2      2.8      4.4 1987  4 17 16 13 47.300  1.18   1
   101361  37.289624 -121.669678     3.728     -239.6       99.4    -1172.0      1.8      1.7      3.4 1987  6  3  6 56  7.740  1.92   1
   101362  37.288912 -121.669173     3.713     -194.8       20.3    -1186.8      1.9      1.9      3.5 1987  6  3  6 58 51.320  1.74   1
   101659  37.287655 -121.665535     5.692      127.7     -119.2      792.0      1.7      1.7      4.8 1987  6  9  2  2 39.460  2.37   1
   102139  37.287528 -121.667944     3.620      -85.9     -133.2    -1279.8      4.0      3.0     10.4 1987  6 20 16 35 35.960  0.82   1
   102776  37.291602 -121.671118     3.773     -367.3      318.8    -1127.5      2.7      2.3      6.3 1987  7  7  1 44 26.990  1.01   1
   103138  37.289229 -121.669458     3.721     -220.1       55.5    -1178.7      2.1      1.8      5.4 1987  7 14 19  2 57.020  1.72   1
   103702  37.289701 -121.666813     5.757       14.4      107.9      856.9      1.7      1.4      5.0 1987  7 28  7  4 28.800  1.51   1
   103833  37.291113 -121.668270     5.730     -114.7      264.6      829.9      2.3      2.2      5.0 1987  8  1  1 40 41.980  1.94   1
   105327  37.287406 -121.667847     3.725      -77.2     -146.8    -1175.5      2.1      2.0      3.8 1987  9  4 10 31 17.310  1.74   1
   105800  37.289071 -121.666382     5.716       52.7       37.9      815.9      2.3      2.2      5.5 1987  9 14 23  7 17.840  0.83   1
   106343  37.290462 -121.669482     4.261     -222.3      192.4     -639.0      4.3      3.8     12.0 1987  9 27  7 19 34.920  0.75   1
   106370  37.290348 -121.669263     4.302     -202.8      179.7     -598.2      3.7      3.7     11.1 1987  9 27  8 23 11.780  0.96   1
   106462  37.288529 -121.667660     4.146      -60.6      -22.1     -754.2      4.0      2.7      4.6 1987  9 29  4 47  3.550  0.92   1
   107299  37.285522 -121.662826     5.895      368.0     -355.9      994.9      2.6      2.0      4.6 1987 10 17  9 43 42.990  1.55   1
   107927  37.289417 -121.667000     5.738       -2.2       76.3      837.6      2.3      2.1      4.9 1987 11  1 22 11 13.060  3.15   1
   107902  37.289722 -121.666886     5.760        7.9      110.2      860.2      2.2      1.6      5.1 1987 11  1 22 13 47.560  1.56   1
   107906  37.287968 -121.665658     5.723      116.9      -84.4      823.2      1.9      1.7      4.9 1987 11  2  3  6 28.290  1.52   1
   108512  37.285388 -121.666805     3.452       15.2     -370.8    -1448.3      2.7      2.8      5.8 1987 11 16 23 19  9.000  1.98   1
   109132  37.290312 -121.669295     4.300     -205.7      175.7     -600.2      3.5      4.4     13.2 1987 11 27  4  7 50.420  0.67   1
   110939  37.290002 -121.670378     3.572     -301.6      141.3    -1328.7      2.5      2.5      7.2 1988  1 15  1 56 42.310  1.39   1
   112178  37.285372 -121.662467     5.839      399.8     -372.6      938.4      3.5      2.0      5.9 1988  2 10 20 13  1.200  0.94   1
   112230  37.286096 -121.665112     4.409      165.3     -292.2     -491.0      4.8      3.7      9.0 1988  2 13  4 54 35.870  1.36   1
   112868  37.291650 -121.671143     3.782     -369.5      324.2    -1118.6      2.4      2.1      4.5 1988  2 25 10  0 17.780  0.92   1
   113569  37.291484 -121.667326     6.186      -31.0      305.7     1285.7      4.5      3.0      5.1 1988  3  9  2  8 11.840  1.40   1
   114006  37.285913 -121.663729     5.742      287.9     -312.5      841.7      2.1      1.8      5.0 1988  3 16 23 10  6.640  2.45   1
   115994  37.290946 -121.668075     5.722      -97.4      246.1      821.2      1.9      1.7      5.1 1988  4 21  4 42 14.550  1.94   1
   115996  37.291760 -121.668734     5.713     -155.9      336.4      812.3      2.5      2.3      5.9 1988  4 21  4 48 47.890  0.84   1
   116401  37.289083 -121.665299     6.174      148.7       39.3     1273.5      4.2      2.8      4.6 1988  4 29  7 29 57.200  1.68   1
   116406  37.289331 -121.665470     6.179      133.5       66.8     1278.5      4.2      2.8      4.7 1988  4 29  7 47 21.590  1.99   1
   117175  37.289701 -121.666813     5.748       14.4      107.9      847.6      1.6      1.5      5.1 1988  5 13 17 17 30.760  1.52   1
   119615  37.290100 -121.666146     6.171       73.6      152.2     1270.3      4.3      2.7      4.7 1988  6 27  4 18 37.320  2.52   1
   119610  37.290047 -121.666048     6.164       82.3      146.3     1263.5      4.3      2.6      4.6 1988  6 27  4 18 52.410  2.72   1
   119763  37.290401 -121.669238     4.287     -200.6      185.6     -612.4      4.1      3.9     12.8 1988  6 30 23 52 27.360  0.97   1
   119888  37.285234 -121.662565     5.844      391.1     -387.9      943.8      3.1      1.8      5.2 1988  7  5  5  2 33.820  0.83   1
   120788  37.290751 -121.670500     3.778     -312.5      224.4    -1122.6      2.0      2.1      4.8 1988  7 23 10 42 21.740  1.53   1
   120974  37.290491 -121.669385     4.279     -213.6      195.5     -621.7      2.9      3.9     12.1 1988  7 26 18  9 59.220  0.80   1
   126189  37.289571 -121.669718     3.736     -243.2       93.5    -1164.4      1.9      1.8      3.5 1988 11  2  3  9 12.610  1.93   1
   126292  37.288875 -121.669198     3.718     -197.0       16.3    -1181.8      2.1      2.0      3.5 1988 11  3  1 30  4.280  1.71   1
   126389  37.288904 -121.669059     3.786     -184.7       19.4    -1114.7      1.5      1.8      3.7 1988 11  4 13 34 34.720  1.87   1
   126560  37.284713 -121.662939     5.739      357.9     -445.7      838.5      2.9      1.7      5.5 1988 11  7 17 51 17.980  1.24   1
   126901  37.285531 -121.666878     3.485        8.7     -355.0    -1415.4      2.8      3.0      6.1 1988 11 12 18 11 57.680  1.07   1
   129454  37.286112 -121.662695     6.343      379.6     -290.4     1442.4      4.5      3.7      7.4 1988 12 30 23 53 29.880  1.74   1
   129428  37.286877 -121.660360     5.831      586.7     -205.5      930.3     10.5      9.3     14.4 1988 12 30 23 54 24.000  4.30   1
   129887  37.290462 -121.669458     4.306     -220.1      192.4     -594.6      5.2      4.7     13.8 1989  1 13 10  9  6.070  0.94   1
   131766  37.289095 -121.665283     6.171      150.1       40.6     1270.5      4.2      2.8      4.8 1989  2 22 14 10 28.230  1.79   1
   132424  37.287170 -121.667749     3.693      -68.6     -173.0    -1206.8      2.6      1.9      6.1 1989  3  7 15  3 21.870  2.62   1
   132469  37.285579 -121.662752     5.842      374.5     -349.5      941.7      3.2      2.2      5.7 1989  3  8 14 47  1.080  1.40   1
   132715  37.285327 -121.662386     5.894      407.0     -377.5      993.4      2.9      2.5      5.2 1989  3 12  7 15 43.550  0.81   1
   139260  37.290438 -121.669181     4.384     -195.6      189.7     -516.3      3.2      3.9     11.0 1989  7  1  1 11 28.510  0.96   1
   140151  37.287305 -121.663477     6.157      310.3     -158.1     1256.3      4.2      2.9      5.2 1989  7 16 21 54  2.440  1.65   1
   140303  37.285531 -121.666724     3.673       22.4     -355.0    -1227.0      2.8      3.1      5.9 1989  7 19  8 51 59.540  1.28   1
   142196  37.288590 -121.667472     4.197      -44.0      -15.4     -703.5      4.0      2.5      4.5 1989  8 14  4  7  9.360  1.25   1
   144026  37.285225 -121.662549     5.892      392.6     -388.8      991.5      3.0      2.0      5.1 1989  9 14 10 35 38.140  0.87   1
   144648  37.287549 -121.665299     5.674      148.7     -131.0      774.2      2.0      1.8      5.3 1989  9 26 17  2  0.820  0.92   1
   144843  37.291117 -121.668205     5.726     -109.0      265.1      825.8      2.1      2.0      4.7 1989 10  1 18 21 45.920  1.78   1
   148939  37.289010 -121.669076     3.710     -186.2       31.2    -1190.0      1.7      1.6      3.5 1989 12 13  5 33 46.080  1.60   1
   149804  37.293229 -121.672518     3.706     -491.4      499.5    -1194.6      2.1      1.9      4.1 1989 12 30  6 19 29.350  1.59   1
   150901  37.287073 -121.665658     4.448      116.9     -183.8     -452.3      5.3      4.1     12.1 1990  1 19  9 24  8.400  1.24   1
   151583  37.285494 -121.666707     3.493       23.8     -359.0    -1407.5      2.8      3.0      6.8 1990  1 31  5  8 47.310  1.38   1
   153849  37.285396 -121.662622     5.878      386.1     -369.9      977.3      3.0      2.4      5.1 1990  3  6 23  9 12.960  0.83   1
   154124  37.287744 -121.665405     5.670      139.3     -109.3      770.1      2.2      1.7      4.8 1990  3 11 11 52 34.830  2.34   1
   155780  37.285453 -121.666650     3.482       28.9     -363.5    -1418.4      2.7      3.0      6.3 1990  4 11  5 35 19.420  1.33   1
   157462  37.286426 -121.664046     5.760      259.8     -255.6      859.7      2.8      2.8      6.5 1990  5 10 16 43 48.520  3.18   1
   157486  37.284745 -121.662590     5.702      389.0     -442.1      801.4      3.0      2.2      5.8 1990  5 11 22 59 22.960  0.97   1
   157494  37.290348 -121.668978     4.286     -177.5      179.7     -614.0      3.6      3.9     12.3 1990  5 12  2 57 13.600  0.81   1
   157758  37.289783 -121.666732     5.767       21.6      117.0      867.1      1.6      1.4      5.1 1990  5 16  4 10 37.430  1.59   1
   158154  37.291638 -121.671004     3.828     -357.2      322.9    -1072.3      2.6      2.1      5.0 1990  5 23 11 11 37.580  1.03   1
   158290  37.291890 -121.671273     3.850     -381.0      350.9    -1050.6      3.4      2.8      6.4 1990  5 23 16 30 36.550  0.82   1
 20091514  37.285954 -121.663151     5.867      339.2     -308.0      966.3      2.1      1.9      5.1 1990  6 11  1 38 14.370  3.10   1
   159156  37.287972 -121.665007     5.918      174.6      -84.0     1018.1      3.4      3.2      6.6 1990  6 11  2 45 19.820  1.25   1
   160503  37.289681 -121.669580     3.816     -230.9      105.7    -1083.9      2.2      1.8      4.0 1990  7  5 20  4 42.800  1.71   1
   161358  37.290479 -121.669027     4.355     -181.8      194.2     -545.4      6.0      4.7     15.2 1990  7 20  5 51 45.700  0.96   1
 20092038  37.292655 -121.667074     5.988       -8.7      435.8     1087.5      5.8      3.9     10.1 1990  8 17  2 26 16.740  3.68   1
   163527  37.291199 -121.666951     6.253        2.2      274.1     1352.7      4.6      3.2      6.2 1990  9  1 17 25 25.320  0.96   1
   165437  37.290405 -121.667529     5.695      -49.1      186.1      794.5      1.8      1.9      4.6 1990 10 17  6 15 15.710  1.80   1
   204801  37.290531 -121.669165     4.387     -194.1      200.1     -513.5      5.6      4.7     15.6 1991  1 15 17 29 20.200  0.94   1
   205031  37.290092 -121.670345     3.601     -298.8      151.3    -1299.4      3.2      2.4      5.2 1991  1 20  5  0 30.930  1.17   1
   205737  37.287581 -121.667830     3.688      -75.8     -127.3    -1212.7      4.2      3.1     10.6 1991  2  2  5 39  6.910  0.83   1
   206508  37.287724 -121.667961     3.718      -87.3     -111.5    -1181.7      2.2      2.0      4.8 1991  2 13 19 31  5.060  1.22   1
   207043  37.289042 -121.669800     3.518     -250.4       34.8    -1382.7      2.0      2.0      3.7 1991  2 22 15 51 34.750  2.28   1
   208364  37.291606 -121.671061     3.827     -362.3      319.3    -1073.2      2.4      2.6      4.9 1991  3 22 11 23 27.560  1.05   1
   208389  37.291878 -121.671191     3.834     -373.8      349.5    -1065.9      2.8      2.7      5.7 1991  3 22 11 34  4.350  0.81   1
   211885  37.285242 -121.662443     5.888      402.0     -387.0      987.3      3.0      1.6      5.0 1991  5  4  6 30 12.620  0.94   1
   212119  37.285234 -121.662476     5.894      399.1     -387.9      993.3      2.9      1.9      4.9 1991  5  9  0 14 24.910  1.22   1
   215747  37.288993 -121.669043     3.701     -183.3       29.4    -1199.7      2.1      1.9      3.4 1991  5 29  9 45 22.620  1.83   1
   220702  37.284676 -121.662573     5.677      390.4     -449.8      776.2      2.9      2.4      5.5 1991  6 22 16 36 38.560  1.21   1
   227435  37.290068 -121.670321     3.575     -296.6      148.6    -1325.4      2.5      2.1      7.7 1991  8 10 17  6  5.760  1.23   1
   227542  37.285364 -121.666740     3.445       20.9     -373.5    -1455.3      2.7      2.9      6.1 1991  8 12  9 56  3.630  1.43   1
   228484  37.287622 -121.665381     5.655      141.4     -122.8      755.1      2.1      2.0      5.2 1991  8 21 17  7 40.400  2.27   1
   229053  37.290824 -121.667961     5.696      -87.3      232.6      796.1      1.5      1.5      4.8 1991  8 28 14  4 22.080  2.05   1
   229871  37.290576 -121.669035     4.398     -182.6      205.0     -502.8      4.6      5.9     13.9 1991  9  6 16 39 27.620  0.93   1
   234881  37.285404 -121.666756     3.452       19.5     -369.0    -1448.5      2.7      2.8      6.2 1991 10 22 17  4 17.460  1.46   1
   238704  37.289657 -121.669629     3.717     -235.3      103.0    -1182.8      1.8      1.5      3.8 1991 12  3  5 24 24.980  2.01   1
   238790  37.289225 -121.669320     3.709     -207.8       55.1    -1191.8      1.8      1.7      3.4 1991 12  4  0  8 49.550  1.89   1
   238816  37.285571 -121.662703     5.913      378.9     -350.4     1013.1      2.9      2.1      5.1 1991 12  4 13 45 39.520  0.99   1
   241590  37.288359 -121.665828     5.689      101.8      -41.1      788.6      2.4      2.2      4.9 1991 12 23 12 33 19.250  1.22   1
   249781  37.289754 -121.666732     5.763       21.6      113.8      863.1      2.3      1.9      5.2 1992  2 10 12 31  5.020  1.61   1
   253921  37.285409 -121.666707     3.427       23.8     -368.5    -1473.5      2.8      3.0      5.8 1992  3  4 13 13  6.220  1.23   1
   261841  37.291549 -121.671029     3.817     -359.4      313.0    -1082.9      3.9      3.0     10.3 1992  4  6  9 39 49.410  0.92   1
   292015  37.286690 -121.667293     3.724      -28.1     -226.2    -1176.4      2.9      3.2      7.7 1992  6  9 12 59 24.230  2.86   1
   303099  37.286255 -121.665007     4.547      174.6     -274.6     -352.8      5.4      4.1      9.4 1992  7  7  2 47 24.660  1.35   1
   304374  37.285531 -121.666748     3.462       20.2     -355.0    -1438.5      3.1      3.1      7.0 1992  7 17  9 51 49.510  1.02   1
   312743  37.290849 -121.670492     3.809     -311.7      235.3    -1091.6      2.3      2.1      5.3 1992  8 29 17  4 29.020  1.64   1
   314921  37.288940 -121.668945     3.825     -174.6       23.5    -1075.2      1.8      2.0      3.9 1992  9 11  1 22 13.650  1.06   1
   322432  37.287056 -121.665690     4.445      114.0     -185.6     -455.5      5.7      4.8     12.6 1992 11  5 12 35  5.470  1.26   1
   327300  37.291561 -121.668571     5.725     -141.4      314.3      824.6      1.9      1.8      5.0 1992 11 29  5  3  2.720  1.73   1
   330647  37.290487 -121.669157     4.410     -193.4      195.1     -490.2      2.7      4.0     10.9 1993  1  2 11 32 10.020  1.10   1
   331552  37.291589 -121.671086     3.837     -364.4      317.5    -1063.0      2.8      2.5      6.9 1993  1  9 17 48 38.720  1.01   1
   331635  37.291333 -121.671045     3.782     -360.8      289.0    -1118.3      2.5      2.5      4.6 1993  1 10 22 13  9.440  1.20   1
   339439  37.285274 -121.662524     5.907      394.7     -383.4     1007.2      3.0      2.0      5.1 1993  3  7  1 47 38.410  1.22   1
   339511  37.285311 -121.662606     5.898      387.5     -379.3      998.0      3.2      2.7      5.6 1993  3  8  9 25 39.610  1.01   1
   352620  37.289286 -121.669149     3.741     -192.7       61.9    -1159.6      3.3      2.5      7.5 1993  6  8  9 15  1.380  0.83   1
 30036393  37.291622 -121.671094     3.850     -365.1      321.1    -1050.3      2.6      3.0      6.8 1993 12  1  0 25 49.530  0.98   1
   389286  37.288855 -121.669076     3.733     -186.2       14.0    -1167.3      2.0      1.8      3.7 1993 12 20 22 35  7.800  1.77   1
   391772  37.290352 -121.669157     4.277     -193.4      180.2     -622.9      2.8      4.2     12.8 1994  1 19  7 46 39.590  0.96   1
   391983  37.290377 -121.669222     4.425     -199.2      182.9     -475.1      3.1      4.3     11.8 1994  1 20  7 20 41.680  0.90   1
   399980  37.290080 -121.670272     3.574     -292.3      149.9    -1326.1      2.1      2.3      6.1 1994  4  6  4 11 34.960  1.38   1
   400563  37.285413 -121.666683     3.473       26.0     -368.0    -1427.3      2.7      2.7      6.0 1994  4 16 13 10 52.340  2.00   1
   401879  37.289762 -121.666715     5.782       23.1      114.7      881.5      1.7      1.5      5.1 1994  5  8 23  4 53.240  1.61   1
 30049085  37.288000 -121.665470     5.734      133.5      -80.8      833.5      2.3      1.8      5.0 1994  5 13 11 15 14.850  1.56   1
 30051942  37.290987 -121.668018     5.722      -92.4      250.6      821.8      2.1      2.2      5.3 1994  6 30 14 25 51.030  1.83   1
 30051943  37.291833 -121.668677     5.749     -150.8      344.6      848.2      2.3      2.5      5.4 1994  6 30 14 29 15.060  1.38   1
 30054274  37.293416 -121.672721     3.832     -509.5      520.2    -1068.2      2.5      2.3      4.9 1994  8  4 17 19  8.160  1.37   1
 30057908  37.285734 -121.663607     5.740      298.8     -332.4      840.1      2.0      1.7      4.7 1994  9 17 17 57  1.520  2.38   1
 30058785  37.285876 -121.663883     5.725      274.2     -316.6      825.0      1.8      1.8      4.7 1994  9 25 23  4 28.000  2.36   1
 30062741  37.289665 -121.669588     3.770     -231.6      103.9    -1130.5      2.8      2.5      4.2 1994 11 16 16 50 58.150  2.01   1
 30062748  37.289950 -121.669767     3.675     -247.5      135.5    -1225.0      2.4      2.4      6.9 1994 11 16 18  3 42.360  1.27   1
 30069218  37.288973 -121.668766     3.831     -158.8       27.1    -1069.5      2.2      2.0      4.6 1995  3  3  9 38 49.200  1.20   1
 30069222  37.288924 -121.668840     3.778     -165.3       21.7    -1122.5      1.5      1.7      3.8 1995  3  3 12 30 15.850  1.75   1
 30069457  37.288757 -121.668815     3.719     -163.1        3.2    -1181.2      2.2      2.0      4.8 1995  3  7 13 19 41.960  1.26   1
 30071053  37.285844 -121.663053     5.786      347.8     -320.2      886.1      2.1      1.9      5.1 1995  4  5  7 55 21.350  2.80   1
 30072363  37.284692 -121.662590     5.733      389.0     -448.0      833.1      3.1      2.1      5.9 1995  4 26 17 54  9.660  1.14   1
 30073191  37.291630 -121.670996     3.865     -356.5      322.0    -1035.4      2.7      2.3      6.2 1995  5 14 11 18 47.000  1.02   1
 30074975  37.290556 -121.669116     4.483     -189.8      202.8     -417.2      4.0      4.6     12.4 1995  6 15 22 23  1.320  1.34   1
 30076454  37.290910 -121.670711     3.756     -331.2      242.1    -1144.0      1.7      2.3      5.1 1995  7  4 11 20 49.790  2.65   1
 30077970  37.288285 -121.665723     5.680      111.1      -49.2      779.4      3.1      1.9      6.0 1995  7 24  8 37 43.620  1.26   1
 30090632  37.287036 -121.667603     3.712      -55.6     -187.9    -1187.9      2.4      2.4      6.1 1995 11 25 19 22  6.180  2.56   1
 30091051  37.287288 -121.665129     5.681      163.8     -159.9      780.9      2.9      2.3      6.5 1995 12  2  1 12 15.750  1.40   1
 30092060  37.289038 -121.669157     3.707     -193.4       34.3    -1193.4      1.8      1.8      5.0 1995 12 15 18 53 39.820  1.82   1
 30107700  37.293514 -121.672607     3.776     -499.4      531.1    -1123.9      2.8      2.5      6.4 1996  5 30 18 47 12.480  1.35   1
   478138  37.289543 -121.669604     3.701     -233.1       90.3    -1199.3      1.6      1.6      3.4 1996  9  2 20 27  0.360  1.99   1
   478141  37.289872 -121.669824     3.636     -252.6      126.9    -1263.9      2.9      2.7      7.4 1996  9  2 20 36  3.960  1.38   1
   478159  37.288757 -121.668774     3.697     -159.5        3.2    -1203.1      2.0      1.7      4.8 1996  9  3  0  2  4.940  1.17   1
   482382  37.285140 -121.662419     5.906      404.1     -398.3     1005.6      2.9      1.9      4.9 1996 10 19  4 32 38.790  1.30   1
   483500  37.287679 -121.665479     5.658      132.8     -116.5      757.4      2.3      1.8      4.7 1996 11  2 12 22 52.340  2.29   1
   485145  37.285299 -121.666715     3.455       23.1     -380.7    -1445.7      2.8      2.8      5.6 1996 11 20 12 25 42.190  1.93   1
   502047  37.289929 -121.665967     6.182       89.5      133.2     1282.1      4.6      2.8      5.3 1997  4 20 17  8  1.560  1.79   1
   522670  37.286161 -121.664006     5.694      263.4     -285.0      793.6      2.0      1.9      5.0 1997  9 26 19 58  2.480  3.09   1
   523141  37.289669 -121.666724     5.757       22.4      104.3      857.0      2.5      1.6      5.2 1997  9 29  3  7 46.980  1.55   1
   529274  37.288993 -121.669189     3.689     -196.3       29.4    -1211.7      1.8      1.6      3.5 1997 10 28 12  1 44.750  1.61   1
