    16484  37.286112 -121.663314     5.808      324.7     -290.4      908.1      8.5      6.1     23.8 1984  4 24 21 20 23.480  3.57   1
    16527  37.286568 -121.664282     5.760      238.9     -239.8      859.6      7.3      6.4     23.3 1984  4 24 21 23 39.960  3.54   1
    17496  37.291215 -121.666813     6.208       14.4      275.9     1307.7     13.3     10.0     25.9 1984  4 25  0  4 49.440  1.23   1
    16521  37.286694 -121.667155     3.654      -15.9     -225.8    -1246.5     12.1     10.9     28.8 1984  4 25  4 16 53.440  3.00   1
    17842  37.288953 -121.668913     3.783     -171.7       24.8    -1117.6      7.1      5.7     16.0 1984  4 25  4 35 19.170  1.90   1
    16635  37.294291 -121.670101     6.068     -277.1      617.3     1167.9     11.6     12.3     26.8 1984  4 25  7 22 22.290  1.40   1
    16576  37.287333 -121.663525     6.089      306.0     -154.9     1188.5     15.8     13.0     25.7 1984  4 25 14  6 57.560  1.62   1
    17929  37.289677 -121.666772     5.783       18.0      105.2      882.4      6.7      6.1     20.4 1984  4 25 22 14 23.140  1.80   1
    16659  37.290007 -121.665812     6.203      103.2      141.8     1302.5     12.7      8.7     25.1 1984  4 26  8 54 51.420  1.52   1
    16701  37.291459 -121.667041     6.229       -5.8      303.0     1328.5     12.6     10.0     26.5 1984  4 26 17 22 44.280  1.57   1
    18075  37.288546 -121.667513     4.247      -47.6      -20.3     -653.3     13.2      8.3     20.5 1984  4 26 20 11 12.520  1.17   1
    16751  37.291402 -121.671004     3.775     -357.2      296.7    -1125.7     12.0      7.9     24.3 1984  4 27  7 48 23.500  0.97   1
    16766  37.287944 -121.665544     5.738      127.0      -87.2      837.9      7.4      7.0     20.2 1984  4 27 11  8  9.220  1.31   1
    16802  37.287354 -121.663509     6.078      307.4     -152.6     1177.9     16.4     13.0     27.4 1984  4 27 19  3 15.040  1.31   1
    16821  37.285173 -121.662590     5.891      389.0     -394.7      990.7     15.0     16.0     32.1 1984  4 28  0  4 31.210  0.83   1
    16827  37.284875 -121.662313     5.894      413.5     -427.7      993.8     12.6      9.5     25.6 1984  4 28  1 43 47.850  1.21   1
    16838  37.294291 -121.670076     6.077     -274.9      617.3     1176.5     11.5     12.0     26.3 1984  4 28  3 54 12.200  1.39   1
    16841  37.286210 -121.665177     4.473      159.5     -279.5     -427.3     12.0      7.5     22.0 1984  4 28  4 43 26.310  1.47   1
    19159  37.290588 -121.666252     6.184       64.2      206.4     1283.8     12.9      9.5     27.1 1984  4 28 16 12 43.750  2.09   1
    16885  37.289099 -121.665088     6.175      167.4       41.1     1275.0     11.9      8.3     23.6 1984  4 28 18 53 49.960  2.18   1
    16911  37.288273 -121.665853     5.741       99.6      -50.6      840.6      7.9      6.9     20.9 1984  4 29  2 29 16.340  1.27   1
    17074  37.289941 -121.665706     6.186      112.6      134.6     1285.8     12.3      8.7     24.9 1984  4 30 14 46  1.740  1.59   1
    17272  37.289714 -121.666764     5.778       18.8      109.3      877.5      8.0      7.0     20.7 1984  5  2  7 34 17.770  1.65   1
    17294  37.293217 -121.672624     3.755     -500.8      498.1    -1145.5      8.1      6.9     16.8 1984  5  2 14 32 55.730  1.70   1
    17356  37.285380 -121.666650     3.485       28.9     -371.7    -1415.3      7.5      5.8     18.4 1984  5  2 22 58 42.360  1.77   1
    17669  37.287333 -121.663509     6.090      307.4     -154.9     1190.2     16.5     13.0     27.7 1984  5  3 23 10 52.920  1.04   1
    17723  37.286157 -121.663306     5.831      325.5     -285.4      931.0      7.5      6.6     25.0 1984  5  4 18 42 58.080  3.05   1
    17526  37.287659 -121.665413     5.711      138.6     -118.8      811.2      6.8      6.0     20.2 1984  5  5  3 31 54.930  2.45   1
    17779  37.285938 -121.663794     5.741      282.2     -309.8      840.8      6.1      5.8     22.6 1984  5  7 14 27 20.420  2.85   1
    17794  37.284664 -121.662817     5.777      368.8     -451.1      876.5      9.2      8.8     18.8 1984  5  7 16 34 13.860  1.30   1
    17834  37.294283 -121.670093     6.074     -276.4      616.4     1173.6     11.9     11.9     26.6 1984  5  8  6 55  3.840  1.17   1
    18466  37.285181 -121.662590     5.887      389.0     -393.8      986.4     12.1      9.5     27.2 1984  5 15  1 42 21.350  1.18   1
    18608  37.291663 -121.667285     6.201      -27.4      325.6     1301.1     12.3      8.3     29.1 1984  5 16 17  9 28.700  2.32   1
    18708  37.289559 -121.666683     5.764       26.0       92.1      864.8      8.4      7.1     23.7 1984  5 17  8 43  3.370  3.32   1
    18857  37.285254 -121.662655     5.908      383.2     -385.7     1008.1     18.3     13.6     33.0 1984  5 19  4 20 31.710  0.74   1
    19686  37.290365 -121.669214     4.339     -198.4      181.5     -560.9     12.2     11.9     38.0 1984  5 29 23 53  6.840  0.99   1
    19720  37.289958 -121.665690     6.110      114.0      136.4     1209.3     11.2      8.3     21.6 1984  5 30 12 38 10.840  3.00   1
    19745  37.291195 -121.666846     6.201       11.5      273.7     1300.7     14.7     12.0     28.4 1984  5 30 17  5  4.160  0.80   1
    19776  37.286983 -121.665763     4.469      107.5     -193.7     -431.2     13.4      7.8     22.5 1984  5 31  1 43 34.410  1.22   1
    19860  37.289693 -121.666789     5.776       16.6      107.0      875.8      8.2      6.8     20.9 1984  6  1  3 27 26.880  1.58   1
    19888  37.294283 -121.670068     6.073     -274.2      616.4     1172.6     11.9     12.2     28.0 1984  6  1  9  7  7.310  1.08   1
    19992  37.286446 -121.664160     5.738      249.7     -253.3      838.0      7.8      7.8     23.0 1984  6  2 17 32  6.480  2.92   1
    20113  37.284660 -121.662817     5.761      368.8     -451.6      860.8      8.9      9.2     19.2 1984  6  4 16 23 29.800  1.15   1
    20328  37.292419 -121.667847     6.228      -77.2      409.6     1328.0     15.1     10.4     29.8 1984  6  5 23 51 14.920  0.93   1
    20622  37.287203 -121.665169     5.686      160.2     -169.3      785.8      6.7      6.5     20.2 1984  6 11  4 58 46.580  1.48   1
    20978  37.286117 -121.663249     5.821      330.5     -289.9      921.1      7.1      6.2     24.1 1984  6 16  3 50 27.150  3.13   1
    21561  37.287488 -121.663656     6.152      294.4     -137.7     1252.0     15.1     13.4     35.3 1984  6 26  7 13 18.280  0.80   1
    21644  37.290780 -121.670451     3.788     -308.1      227.6    -1111.9      7.6      5.4     16.7 1984  6 27 14 50 38.140  1.59   1
    22144  37.286214 -121.665202     4.471      157.3     -279.1     -429.2     12.0      6.3     19.0 1984  7  5 12 49 57.720  1.28   1
    22165  37.288590 -121.667619     4.193      -57.0      -15.4     -707.1     15.8     10.9     20.7 1984  7  5 17  6 28.740  0.96   1
    22271  37.291003 -121.670752     3.716     -334.8      252.4    -1184.6      6.7      6.3     16.1 1984  7  7  0 17  9.970  2.67   1
    22280  37.288603 -121.668896     3.731     -170.3      -14.0    -1168.9      6.9      5.5     14.5 1984  7  7  2 35  4.060  1.53   1
    23190  37.289632 -121.669661     3.747     -238.1      100.3    -1153.3      6.2      6.1     15.7 1984  7 17 16 24 49.440  1.85   1
    23195  37.287659 -121.665519     5.709      129.2     -118.8      808.8      6.2      6.1     20.2 1984  7 17 17 53  4.200  2.33   1
    24519  37.289014 -121.669849     3.556     -254.7       31.6    -1344.2      7.8      6.4     18.3 1984  7 30 14 16 49.060  2.31   1
    24674  37.289677 -121.666805     5.774       15.2      105.2      873.7      7.4      6.4     20.5 1984  8  1 12 29 16.890  1.64   1
    25096  37.290072 -121.670451     3.652     -308.1      149.0    -1248.1      6.2      6.0     18.2 1984  8  7  9  7  6.330  1.17   1
    25305  37.290320 -121.669279     4.330     -204.2      176.6     -570.0     12.5     12.5     41.4 1984  8 10  7  4  4.200  0.95   1
    25937  37.285164 -121.662671     5.890      381.8     -395.6      989.4     13.6     15.8     29.7 1984  8 19 20 27 32.960  0.69   1
    26238  37.290450 -121.669434     4.373     -217.9      191.0     -527.5     12.1     11.8     38.1 1984  8 25  0 19 18.360  0.72   1
    27421  37.285494 -121.662793     5.885      370.9     -359.0      985.2     11.6     10.0     23.7 1984  9  6 16 33 41.640  1.41   1
    27683  37.285848 -121.663916     5.714      271.3     -319.7      813.9      6.2      6.6     21.4 1984  9 10 16 24 47.130  2.39   1
    27684  37.285807 -121.663753     5.747      285.8     -324.2      846.9      7.6      6.9     20.1 1984  9 10 16 33 36.940  1.79   1
    27721  37.285213 -121.662646     5.897      383.9     -390.2      996.7     13.0     11.6     28.0 1984  9 11  8 13 54.330  0.83   1
    27722  37.288013 -121.665674     5.733      115.5      -79.5      833.0      6.9      6.4     20.3 1984  9 11  9 29 23.690  1.78   1
    27724  37.289909 -121.665731     6.179      110.4      131.0     1278.8     12.6      8.7     25.0 1984  9 11 10 26  8.190  1.55   1
    28475  37.291646 -121.671257     3.875     -379.6      323.8    -1025.1     12.6     12.1     24.5 1984  9 23  8 43 14.720  1.07   1
    29752  37.285376 -121.666724     3.478       22.4     -372.1    -1422.6      7.6      5.7     18.2 1984 10 10  7 11 54.160  1.90   1
    29901  37.291553 -121.667082     6.204       -9.4      313.4     1304.0     12.7      9.6     25.7 1984 10 12  7 13 23.200  1.21   1
    30009  37.291146 -121.668172     5.746     -106.1      268.2      845.8     10.2      8.2     21.6 1984 10 13 17 32 47.840  1.83   1
    30159  37.290299 -121.669263     4.323     -202.8      174.3     -576.9     14.9     16.0     47.3 1984 10 17 11 39  4.900  0.89   1
    30929  37.290967 -121.668099     5.711      -99.6      248.4      811.1      8.4      6.4     21.3 1984 10 30  2 49 48.600  1.41   1
    31031  37.286357 -121.664079     5.744      256.9     -263.3      843.2      8.1      8.1     23.2 1984 10 31  3  5 11.660  2.89   1
    31037  37.285128 -121.662687     5.875      380.3     -399.7      974.8     11.5     11.8     26.3 1984 10 31 15 28 48.300  0.79   1
    31068  37.284806 -121.662394     5.874      406.3     -435.3      974.0     13.2     10.4     26.6 1984 11  1  5 22 45.950  0.79   1
    31844  37.286222 -121.665177     4.477      159.5     -278.2     -423.1     12.5      7.5     20.9 1984 11 13 11 59  9.360  1.31   1
    32049  37.288940 -121.669076     3.731     -186.2       23.5    -1169.1      5.9      5.2     15.1 1984 11 18  0 28 55.240  1.69   1
    32676  37.285697 -121.662980     5.806      354.3     -336.4      905.6      6.8      6.2     22.8 1984 11 28 11 54 37.810  2.94   1
    35929  37.287317 -121.665210     5.696      156.6     -156.7      795.5      6.3      6.2     20.3 1984 12  1  8  9 13.540  1.74   1
    33786  37.286991 -121.665747     4.475      109.0     -192.8     -424.8     12.7      9.5     31.9 1984 12 10  7 45 41.770  1.43   1
    34527  37.289714 -121.666789     5.770       16.6      109.3      869.6      7.2      6.2     20.6 1984 12 15 10 28 17.680  1.61   1
    34841  37.284733 -121.662907     5.749      360.8     -443.5      849.1      9.2      8.5     18.3 1984 12 19  8 29 34.630  1.35   1
    35109  37.290780 -121.670443     3.774     -307.4      227.6    -1125.8      9.6      6.2     17.5 1984 12 22  4 43 44.710  1.60   1
    38148  37.287069 -121.667489     3.677      -45.5     -184.2    -1222.9      8.2      7.1     24.6 1985  1 19 11 56 37.340  2.49   1
    39944  37.291496 -121.668514     5.754     -136.4      307.1      854.2      8.3      6.8     21.7 1985  2  5 11 42 49.820  2.05   1
    40913  37.289168 -121.665120     6.168      164.5       48.8     1267.8     11.9      9.0     24.0 1985  2 13 23 52 25.080  1.70   1
    41574  37.290385 -121.669246     4.345     -201.3      183.8     -555.0     13.7     11.9     39.8 1985  2 16 20 53  7.160  1.20   1
    42349  37.288985 -121.668986     3.793     -178.2       28.5    -1107.3      8.9      7.2     18.2 1985  2 28  1  9 58.300  0.84   1
    42555  37.288912 -121.668856     3.772     -166.7       20.3    -1128.4      7.3      6.1     16.0 1985  3  2  6 53 56.010  1.74   1
    42559  37.289640 -121.669613     3.789     -233.8      101.2    -1111.0      7.0      5.9     15.5 1985  3  2  8 55  3.470  1.91   1
    42643  37.289197 -121.669312     3.722     -207.1       51.9    -1178.3      6.2      5.4     14.6 1985  3  2  8 55 29.590  2.08   1
    42560  37.290019 -121.669938     3.697     -262.7      143.2    -1203.3      8.2      6.2     22.2 1985  3  2  8 58  0.480  1.22   1
    43546  37.289412 -121.666748     5.726       20.2       75.9      825.8     10.3      8.1     24.7 1985  3 12  4  3 59.980  3.24   1
    43580  37.289722 -121.666846     5.779       11.5      110.2      878.9      8.9      6.6     21.8 1985  3 12  4  4 51.800  2.04   1
    44335  37.286096 -121.664014     5.732      262.7     -292.2      831.3      7.0      6.6     21.8 1985  3 20  4 57 39.190  2.56   1
    44729  37.287162 -121.665137     5.716      163.1     -173.9      816.2      8.4      7.1     20.1 1985  3 26 11 50 46.600  1.26   1
    45835  37.287874 -121.665031     5.874      172.5      -94.8      974.2     13.6     12.8     27.7 1985  4 10 18 45 20.620  1.07   1
    46041  37.294279 -121.670060     6.068     -273.5      616.0     1167.7     12.1     12.3     28.7 1985  4 13 14  1 53.470  1.16   1
    47288  37.285441 -121.666781     3.452       17.3     -364.9    -1448.5      8.5     16.5     32.7 1985  5  5 16 50  5.800  0.94   1
    49151  37.285498 -121.666854     3.431       10.8     -358.6    -1469.1      8.5      9.8     21.7 1985  6  8  4 58 49.900  0.64   1
    49626  37.291606 -121.671183     3.850     -373.1      319.3    -1049.8     13.8     12.5     32.2 1985  6 15  1 38 57.380  0.94   1
    49633  37.286271 -121.665226     4.478      155.2     -272.8     -422.2     12.3      7.1     20.8 1985  6 16  5 24 54.700  1.29   1
    50591  37.287777 -121.668009     3.726      -91.6     -105.7    -1174.1     12.3      6.6     26.4 1985  7  4  3  6  5.160  1.06   1
    51288  37.285445 -121.666813     3.432       14.4     -364.4    -1468.4      8.6     11.0     22.6 1985  7 17 13 58 38.250  1.02   1
    51325  37.285779 -121.662899     5.863      361.5     -327.4      962.9      8.0      8.4     20.6 1985  7 17 23 39 58.840  1.89   1
    51378  37.285213 -121.662663     5.875      382.5     -390.2      975.0     10.9      9.4     23.9 1985  7 18 23 42  1.800  0.97   1
    51398  37.290348 -121.669287     4.331     -204.9      179.7     -569.1     12.4     12.7     38.6 1985  7 19  9 58 16.960  0.97   1
    52580  37.289718 -121.666862     5.771       10.1      109.7      870.9      7.3      6.4     20.7 1985  8  9 11 45  2.020  1.60   1
    54084  37.289677 -121.669653     3.733     -237.4      105.2    -1167.5      5.8      6.4     15.2 1985  8 28 20 35 10.100  1.58   1
    57271  37.293494 -121.672909     3.779     -526.1      528.8    -1121.5     10.4      7.5     17.1 1985 10 19 16 33 20.030  1.38   1
    57273  37.293245 -121.672770     3.754     -513.8      501.3    -1146.7      8.3      7.1     16.8 1985 10 19 17 35 48.940  1.66   1
    57770  37.290108 -121.670540     3.655     -316.1      153.1    -1245.4      6.7      6.5     16.8 1985 10 28  3 55 38.130  1.31   1
    58027  37.290946 -121.668066     5.734      -96.7      246.1      833.8      7.1      6.7     21.4 1985 10 31 23 53 38.440  1.96   1
    58028  37.291768 -121.668807     5.745     -162.4      337.3      844.9      8.3      6.1     21.6 1985 10 31 23 55 40.960  1.46   1
    58676  37.290255 -121.666064     6.167       80.8      169.3     1266.8     12.0      8.0     23.4 1985 11  9 23 12 11.080  1.88   1
    59070  37.286898 -121.664632     5.758      207.8     -203.2      857.8      7.4      6.7     19.9 1985 11 14  9 21  5.080  0.97   1
    61248  37.284737 -121.662891     5.760      362.3     -443.0      859.7      9.6      9.7     19.5 1985 12 12  7 33 37.950  1.16   1
    61462  37.288615 -121.667668     4.191      -61.3      -12.6     -709.6     13.4     10.0     18.7 1985 12 14 18 25 45.080  1.09   1
    61809  37.290352 -121.669279     4.332     -204.2      180.2     -568.5     13.8     11.6     39.2 1985 12 19  0  2 10.460  0.97   1
    62142  37.290373 -121.669385     4.329     -213.6      182.4     -571.2     14.9     14.2     42.9 1985 12 24 21 18 58.720  0.89   1
    62514  37.288949 -121.669132     3.700     -191.2       24.4    -1200.3      5.9      5.5     15.1 1985 12 31 15 50 52.230  1.74   1
    62520  37.288981 -121.668945     3.758     -174.6       28.0    -1142.0      6.2      6.6     15.6 1985 12 31 18  3  3.480  1.62   1
    65047  37.287081 -121.665788     4.473      105.4     -182.9     -427.4     12.7      7.7     21.5 1986  1 30  3 31 43.810  1.30   1
    65406  37.285238 -121.662638     5.901      384.6     -387.5     1000.9     13.1     13.3     28.1 1986  2  2  8 26 42.650  1.18   1
    66346  37.285457 -121.666707     3.455       23.8     -363.1    -1445.1      8.3      6.3     22.4 1986  2 11 10 37 16.920  1.40   1
    66201  37.285531 -121.666707     3.463       23.8     -355.0    -1437.6      7.8      6.9     20.1 1986  2 11 11 50  0.620  1.50   1
    67820  37.290889 -121.670451     3.775     -308.1      239.8    -1125.0      9.0      6.5     19.0 1986  3  8 10 32  4.410  1.63   1
    67803  37.286296 -121.665202     4.482      157.3     -270.1     -418.3     12.4      8.0     19.2 1986  3  9 18 55 22.760  1.42   1
    70356  37.286792 -121.664616     5.741      209.3     -215.0      841.1      6.5      5.9     23.4 1986  4  4 10 16 40.970  3.19   1
    70373  37.287659 -121.665511     5.718      129.9     -118.8      817.6      6.8      6.2     20.0 1986  4  4 10 17 30.150  2.37   1
    70083  37.285221 -121.662679     5.888      381.0     -389.3      987.4     12.3      9.2     26.0 1986  4 12  7 13 35.460  1.00   1
    70826  37.294312 -121.670052     6.063     -272.8      619.6     1162.4     12.4     12.4     28.5 1986  4 21  8 46 14.270  0.99   1
    73536  37.291125 -121.668262     5.748     -114.0      266.0      847.7     10.6      8.2     21.4 1986  5 29  1 41 52.560  1.51   1
    73786  37.289229 -121.669873     3.429     -256.9       55.5    -1470.9      9.3      6.8     19.0 1986  6  1 10 51 31.460  1.21   1
    73850  37.289738 -121.666862     5.777       10.1      112.0      876.5      7.8      6.6     20.8 1986  6  2  5  8 18.340  1.52   1
    76654  37.286112 -121.663411     5.798      316.1     -290.4      898.1      5.8      5.9     23.1 1986  7 16 20 59  3.320  2.98   1
    76560  37.285140 -121.662695     5.868      379.6     -398.3      968.0     13.1     10.2     26.4 1986  7 17  4 26  2.170  0.83   1
    77218  37.289600 -121.669727     3.734     -243.9       96.6    -1166.6      6.6      5.1     15.6 1986  7 25  9 22 50.290  2.26   1
    77283  37.289181 -121.669417     3.736     -216.5       50.1    -1164.6      7.4      5.7     15.2 1986  7 25  9 23  5.480  2.35   1
    77296  37.289945 -121.670028     3.756     -270.6      135.0    -1144.7      8.4      6.6     19.6 1986  7 25 16  1 52.100  1.15   1
    81016  37.291899 -121.671370     3.818     -389.7      351.8    -1082.8     12.2     13.0     33.9 1986  9  2  7 22  7.550  0.52   1
    81017  37.291667 -121.671183     3.787     -373.1      326.0    -1113.0     16.4     12.3     39.0 1986  9  2  7 24 15.870  0.83   1
    81735  37.287956 -121.665649     5.739      117.6      -85.8      839.1      8.4      6.4     21.1 1986  9  8 23  4 33.440  1.55   1
    82606  37.291032 -121.670882     3.755     -346.4      255.6    -1145.2      6.9      6.9     20.0 1986  9 15 20 17 49.920  2.67   1
    83579  37.290426 -121.669393     4.286     -214.3      188.3     -614.0     15.9     12.0     51.1 1986  9 22 19 39 11.020  0.83   1
    83805  37.290898 -121.670573     3.782     -319.0      240.7    -1117.6      8.4      7.2     18.5 1986  9 25 12  1 52.830  1.36   1
    85194  37.286597 -121.667244     3.650      -23.8     -236.6    -1250.3     12.2     12.5     31.2 1986 10  9  2  6 22.720  2.95   1
    85669  37.285339 -121.666764     3.443       18.8     -376.2    -1457.1      8.1      7.3     19.0 1986 10 14 15 13 49.290  1.43   1
    87103  37.288529 -121.667562     4.158      -52.0      -22.1     -742.2     15.1     11.2     17.0 1986 11  3  8 20 28.780  0.94   1
    87964  37.284705 -121.662866     5.737      364.4     -446.6      837.2      9.1      9.3     19.7 1986 11 14 11 55 11.210  0.96   1
    88698  37.291663 -121.671191     3.819     -373.8      325.6    -1081.7     12.8      9.4     27.3 1986 11 25 13  0 35.660  1.01   1
    90036  37.290161 -121.669295     4.292     -205.7      159.0     -608.6     15.1     11.9     43.3 1986 12 12 17 46 44.360  0.64   1
    90485  37.290328 -121.669230     4.299     -199.9      177.5     -601.4     13.4     11.3     37.5 1986 12 18  2  5 30.480  1.09   1
    93248  37.289115 -121.669954     3.518     -264.1       42.9    -1382.2     15.9     15.0     27.1 1987  1 26 13 47 46.830  2.35   1
    95188  37.285181 -121.662557     5.878      391.9     -393.8      977.8     10.9      9.5     25.8 1987  2 21  7 40 45.210  1.18   1
    95317  37.285156 -121.662598     5.863      388.2     -396.5      962.7     11.5      9.6     25.7 1987  2 23 17  5  2.320  0.91   1
    97576  37.290426 -121.669442     4.315     -218.7      188.3     -585.5     17.2     15.9     61.6 1987  3 29 10  2  1.050  0.79   1
    98812  37.288554 -121.667594     4.131      -54.8      -19.4     -769.7     15.0      9.8     16.4 1987  4 17 16 13 47.300  1.18   1
   101361  37.289648 -121.669686     3.738     -240.3      102.1    -1162.8      6.3      5.4     15.1 1987  6  3  6 56  7.740  1.92   1
   101362  37.288932 -121.669165     3.720     -194.1       22.6    -1179.9      8.0      5.3     24.8 1987  6  3  6 58 51.320  1.74   1
   101659  37.287651 -121.665535     5.692      127.7     -119.7      792.2      7.2      6.4     20.4 1987  6  9  2  2 39.460  2.37   1
   102139  37.287541 -121.667839     3.592      -76.5     -131.9    -1308.0     11.7      8.8     31.6 1987  6 20 16 35 35.960  0.82   1
   102776  37.291626 -121.671183     3.783     -373.1      321.5    -1117.1     12.5     10.8     32.9 1987  7  7  1 44 26.990  1.01   1
   103138  37.289254 -121.669458     3.726     -220.1       58.3    -1172.8      5.7      5.2     14.9 1987  7 14 19  2 57.020  1.72   1
   103702  37.289714 -121.666846     5.769       11.5      109.3      868.5      8.9      6.2     21.0 1987  7 28  7  4 28.800  1.51   1
   103833  37.291125 -121.668294     5.741     -116.9      266.0      840.5      8.4      7.2     21.5 1987  8  1  1 40 41.980  1.94   1
   105327  37.287419 -121.667814     3.720      -74.3     -145.4    -1180.0      6.1      5.8     11.1 1987  9  4 10 31 17.310  1.74   1
   105800  37.289067 -121.666406     5.724       50.5       37.5      824.2      9.9      8.1     22.8 1987  9 14 23  7 17.840  0.83   1
   106343  37.290430 -121.669458     4.268     -220.1      188.8     -632.6     13.8     10.8     41.9 1987  9 27  7 19 34.920  0.75   1
   106370  37.290316 -121.669230     4.306     -199.9      176.1     -594.3     12.5     10.8     35.0 1987  9 27  8 23 11.780  0.96   1
   106462  37.288529 -121.667668     4.144      -61.3      -22.1     -756.2     14.2      9.5     19.3 1987  9 29  4 47  3.550  0.92   1
   107299  37.285518 -121.662882     5.912      363.0     -356.3     1011.6      8.5      7.5     22.4 1987 10 17  9 43 42.990  1.55   1
   107927  37.289396 -121.666984     5.741       -0.7       74.1      840.6      7.4      6.1     22.5 1987 11  1 22 11 13.060  3.15   1
   107902  37.289734 -121.666927     5.771        4.3      111.5      870.6      8.0      6.1     20.8 1987 11  1 22 13 47.560  1.56   1
   107906  37.287976 -121.665658     5.732      116.9      -83.5      831.6      7.4      6.3     20.4 1987 11  2  3  6 28.290  1.52   1
   108512  37.285356 -121.666707     3.436       23.8     -374.4    -1463.8      7.3      6.7     17.5 1987 11 16 23 19  9.000  1.98   1
   109132  37.290271 -121.669271     4.302     -203.5      171.2     -598.1     17.1     18.5     56.9 1987 11 27  4  7 50.420  0.67   1
   110939  37.290019 -121.670386     3.591     -302.4      143.2    -1309.4      6.1      6.2     20.2 1988  1 15  1 56 42.310  1.39   1
   112178  37.285360 -121.662508     5.849      396.2     -373.9      948.5     12.6     11.1     27.6 1988  2 10 20 13  1.200  0.94   1
   112230  37.286133 -121.665169     4.430      160.2     -288.1     -470.5     13.4      6.4     23.9 1988  2 13  4 54 35.870  1.36   1
   112868  37.291687 -121.671208     3.795     -375.2      328.3    -1105.3     13.6      9.7     34.1 1988  2 25 10  0 17.780  0.92   1
   113569  37.291504 -121.667179     6.172      -18.0      308.0     1271.2     12.4      9.8     25.5 1988  3  9  2  8 11.840  1.40   1
   114006  37.285897 -121.663737     5.748      287.2     -314.3      847.7      5.4      6.1     21.2 1988  3 16 23 10  6.640  2.45   1
   115994  37.290946 -121.668075     5.731      -97.4      246.1      831.0      8.2      6.7     21.7 1988  4 21  4 42 14.550  1.94   1
   115996  37.291768 -121.668726     5.718     -155.1      337.3      818.1      9.0      7.5     21.6 1988  4 21  4 48 47.890  0.84   1
   116401  37.289107 -121.665145     6.166      162.4       42.0     1265.4     11.6      8.2     23.7 1988  4 29  7 29 57.200  1.68   1
   116406  37.289368 -121.665340     6.165      145.0       70.9     1264.6     11.8      8.3     23.4 1988  4 29  7 47 21.590  1.99   1
   117175  37.289709 -121.666846     5.755       11.5      108.8      855.1      6.9      6.1     20.6 1988  5 13 17 17 30.760  1.52   1
   119615  37.290116 -121.666007     6.156       85.9      154.0     1256.0     12.3      8.3     24.4 1988  6 27  4 18 37.320  2.52   1
   119610  37.290072 -121.665926     6.151       93.1      149.0     1250.7     12.1      7.7     23.4 1988  6 27  4 18 52.410  2.72   1
   119763  37.290365 -121.669214     4.293     -198.4      181.5     -606.3     14.9     11.0     44.2 1988  6 30 23 52 27.360  0.97   1
   119888  37.285209 -121.662614     5.865      386.8     -390.6      965.1     12.8     11.4     26.5 1988  7  5  5  2 33.820  0.83   1
   120788  37.290771 -121.670524     3.775     -314.6      226.7    -1124.8      7.0      5.3     17.4 1988  7 23 10 42 21.740  1.53   1
   120974  37.290454 -121.669360     4.280     -211.4      191.5     -620.2     11.4     11.1     42.0 1988  7 26 18  9 59.220  0.80   1
   126189  37.289575 -121.669727     3.745     -243.9       93.9    -1155.3      6.3      5.9     14.9 1988 11  2  3  9 12.610  1.93   1
   126292  37.288883 -121.669198     3.721     -197.0       17.2    -1179.2      6.7      5.5     20.2 1988 11  3  1 30  4.280  1.71   1
   126389  37.288908 -121.669051     3.792     -184.0       19.9    -1108.1      6.1      5.8     15.3 1988 11  4 13 34 34.720  1.87   1
   126560  37.284725 -121.662939     5.744      357.9     -444.4      843.6      9.0      9.2     20.2 1988 11  7 17 51 17.980  1.24   1
   126901  37.285494 -121.666789     3.472       16.6     -359.0    -1428.2      8.5      6.7     19.9 1988 11 12 18 11 57.680  1.07   1
   129454  37.286051 -121.662573     6.312      390.4     -297.1     1411.8     12.2      9.5     22.8 1988 12 30 23 53 29.880  1.74   1
   129428  37.287333 -121.660441     5.927      579.5     -154.9     1026.6     41.2     35.7     60.7 1988 12 30 23 54 24.000  4.30   1
   129887  37.290430 -121.669417     4.310     -216.5      188.8     -590.6     17.3     14.5     44.5 1989  1 13 10  9  6.070  0.94   1
   131766  37.289136 -121.665145     6.157      162.4       45.2     1256.8     11.8      8.3     23.6 1989  2 22 14 10 28.230  1.79   1
   132424  37.287154 -121.667716     3.677      -65.7     -174.8    -1223.5      7.9      5.8     24.4 1989  3  7 15  3 21.870  2.62   1
   132469  37.285600 -121.662769     5.846      373.1     -347.3      946.0      9.3      8.2     23.0 1989  3  8 14 47  1.080  1.40   1
   132715  37.285319 -121.662459     5.940      400.5     -378.4     1039.5     13.7      9.2     26.7 1989  3 12  7 15 43.550  0.81   1
   139260  37.290393 -121.669173     4.387     -194.8      184.7     -513.6     11.7     11.0     37.1 1989  7  1  1 11 28.510  0.96   1
   140151  37.287305 -121.663371     6.162      319.7     -158.1     1261.5     12.4      8.4     24.6 1989  7 16 21 54  2.440  1.65   1
   140303  37.285498 -121.666675     3.664       26.7     -358.6    -1235.9      9.6      6.6     20.8 1989  7 19  8 51 59.540  1.28   1
   142196  37.288558 -121.667513     4.218      -47.6      -19.0     -682.4     12.9      7.7     19.3 1989  8 14  4  7  9.360  1.25   1
   144026  37.285201 -121.662573     5.917      390.4     -391.5     1016.5     19.4     13.5     32.8 1989  9 14 10 35 38.140  0.87   1
   144648  37.287528 -121.665308     5.682      147.9     -133.2      782.2      6.9      6.5     20.7 1989  9 26 17  2  0.820  0.92   1
   144843  37.291121 -121.668294     5.732     -116.9      265.5      832.1      8.4      6.1     21.4 1989 10  1 18 21 45.920  1.78   1
   148939  37.289014 -121.669084     3.729     -186.9       31.6    -1171.0      6.6      6.4     15.8 1989 12 13  5 33 46.080  1.60   1
   149804  37.293278 -121.672599     3.728     -498.6      504.9    -1172.1      8.5      7.4     16.8 1989 12 30  6 19 29.350  1.59   1
   150901  37.287081 -121.665723     4.502      111.1     -182.9     -398.5     12.6      6.8     25.4 1990  1 19  9 24  8.400  1.24   1
   151583  37.285453 -121.666650     3.500       28.9     -363.5    -1400.6      7.6      6.5     19.4 1990  1 31  5  8 47.310  1.38   1
   153849  37.285384 -121.662646     5.902      383.9     -371.2     1002.1     18.0     11.9     28.8 1990  3  6 23  9 12.960  0.83   1
   154124  37.287736 -121.665413     5.678      138.6     -110.2      778.0      7.2      6.3     20.4 1990  3 11 11 52 34.830  2.34   1
   155780  37.285409 -121.666577     3.479       35.4     -368.5    -1421.6      8.3      6.9     18.5 1990  4 11  5 35 19.420  1.33   1
   157462  37.286418 -121.664046     5.749      259.8     -256.5      848.6     10.4      9.3     24.4 1990  5 10 16 43 48.520  3.18   1
   157486  37.284737 -121.662638     5.730      384.6     -443.0      829.3      9.7      9.2     20.3 1990  5 11 22 59 22.960  0.97   1
   157494  37.290299 -121.669019     4.302     -181.1      174.3     -598.6     14.5     11.2     42.8 1990  5 12  2 57 13.600  0.81   1
   157758  37.289775 -121.666772     5.779       18.0      116.1      879.2      7.0      6.4     20.8 1990  5 16  4 10 37.430  1.59   1
   158154  37.291659 -121.671053     3.822     -361.5      325.1    -1078.6     12.8      8.5     24.1 1990  5 23 11 11 37.580  1.03   1
   158290  37.291923 -121.671338     3.861     -386.8      354.5    -1039.7     19.7     11.8     31.5 1990  5 23 16 30 36.550  0.82   1
 20091514  37.285954 -121.663224     5.881      332.7     -308.0      980.5      7.1      6.3     24.1 1990  6 11  1 38 14.370  3.10   1
   159156  37.287944 -121.665007     5.923      174.6      -87.2     1022.8     15.0     12.0     31.9 1990  6 11  2 45 19.820  1.25   1
   160503  37.289685 -121.669596     3.836     -232.4      106.1    -1064.2      7.1      5.2     15.5 1990  7  5 20  4 42.800  1.71   1
   161358  37.290434 -121.669076     4.373     -186.2      189.2     -527.3     18.5     13.4     48.5 1990  7 20  5 51 45.700  0.96   1
 20092038  37.292554 -121.667253     6.049      -24.5      424.5     1148.9     16.6     10.8     23.4 1990  8 17  2 26 16.740  3.68   1
   163527  37.291243 -121.666805     6.247       15.2      279.1     1346.6     12.8     10.9     25.9 1990  9  1 17 25 25.320  0.96   1
   165437  37.290389 -121.667570     5.709      -52.7      184.2      808.9      9.3      7.1     20.8 1990 10 17  6 15 15.710  1.80   1
   204801  37.290474 -121.669189     4.384     -196.3      193.7     -515.8     18.1     14.0     50.2 1991  1 15 17 29 20.200  0.94   1
   205031  37.290080 -121.670394     3.627     -303.1      149.9    -1272.8      7.2      7.0     19.6 1991  1 20  5  0 30.930  1.17   1
   205737  37.287565 -121.667847     3.689      -77.2     -129.2    -1211.7     14.0      9.8     33.9 1991  2  2  5 39  6.910  0.83   1
   206508  37.287703 -121.667961     3.724      -87.3     -113.8    -1175.2      6.9      5.5     18.3 1991  2 13 19 31  5.060  1.22   1
   207043  37.289018 -121.669824     3.525     -252.6       32.1    -1375.6      7.2      6.4     18.1 1991  2 22 15 51 34.750  2.28   1
   208364  37.291630 -121.671094     3.824     -365.1      322.0    -1075.9     13.8     10.2     25.9 1991  3 22 11 23 27.560  1.05   1
   208389  37.291907 -121.671248     3.843     -378.8      352.7    -1056.8     16.4     10.2     28.2 1991  3 22 11 34  4.350  0.81   1
   211885  37.285189 -121.662492     5.909      397.6     -392.9     1008.8     18.4     19.1     43.1 1991  5  4  6 30 12.620  0.94   1
   212119  37.285173 -121.662508     5.920      396.2     -394.7     1019.6     13.9     10.1     26.9 1991  5  9  0 14 24.910  1.22   1
   215747  37.288989 -121.669035     3.712     -182.6       28.9    -1188.6      6.6      5.4     17.2 1991  5 29  9 45 22.620  1.83   1
   220702  37.284660 -121.662598     5.693      388.2     -451.6      792.4      9.4      9.3     20.3 1991  6 22 16 36 38.560  1.21   1
   227435  37.290039 -121.670337     3.599     -298.0      145.4    -1301.4      6.0      6.6     18.6 1991  8 10 17  6  5.760  1.23   1
   227542  37.285323 -121.666667     3.443       27.4     -378.0    -1457.7      8.7      7.7     19.0 1991  8 12  9 56  3.630  1.43   1
   228484  37.287622 -121.665348     5.651      144.3     -122.8      750.2      7.4      6.8     20.7 1991  8 21 17  7 40.400  2.27   1
   229053  37.290820 -121.667993     5.701      -90.2      232.1      800.9      7.0      6.0     21.2 1991  8 28 14  4 22.080  2.05   1
   229871  37.290483 -121.669076     4.399     -186.2      194.6     -501.2     15.4     19.2     45.9 1991  9  6 16 39 27.620  0.93   1
   234881  37.285364 -121.666691     3.447       25.3     -373.5    -1453.6      8.9      7.5     22.0 1991 10 22 17  4 17.460  1.46   1
   238704  37.289657 -121.669653     3.729     -237.4      103.0    -1171.3      6.0      6.0     14.8 1991 12  3  5 24 24.980  2.01   1
   238790  37.289225 -121.669320     3.721     -207.8       55.1    -1179.3      6.5      5.7     15.8 1991 12  4  0  8 49.550  1.89   1
   238816  37.285514 -121.662744     5.929      375.3     -356.8     1029.0     15.1     10.8     27.5 1991 12  4 13 45 39.520  0.99   1
   241590  37.288338 -121.665861     5.696       98.9      -43.4      795.4      7.3      6.8     20.8 1991 12 23 12 33 19.250  1.22   1
   249781  37.289726 -121.666781     5.765       17.3      110.6      864.9      8.4      7.1     20.9 1992  2 10 12 31  5.020  1.61   1
   253921  37.285368 -121.666634     3.424       30.3     -373.0    -1476.1      8.0      7.2     18.0 1992  3  4 13 13  6.220  1.23   1
   261841  37.291565 -121.671086     3.820     -364.4      314.8    -1080.3     12.3      9.0     31.5 1992  4  6  9 39 49.410  0.92   1
   292015  37.286711 -121.667261     3.682      -25.3     -224.0    -1218.8     10.8     11.8     29.2 1992  6  9 12 59 24.230  2.86   1
   303099  37.286190 -121.665129     4.535      163.8     -281.8     -365.1     12.4      7.2     19.3 1992  7  7  2 47 24.660  1.35   1
   304374  37.285498 -121.666667     3.458       27.4     -358.6    -1442.3      9.5      8.1     22.5 1992  7 17  9 51 49.510  1.02   1
   312743  37.290841 -121.670524     3.814     -314.6      234.4    -1086.1      9.1      7.1     21.8 1992  8 29 17  4 29.020  1.64   1
   314921  37.288932 -121.668921     3.838     -172.5       22.6    -1062.0      7.5      6.1     16.5 1992  9 11  1 22 13.650  1.06   1
   322432  37.287044 -121.665771     4.485      106.8     -187.0     -415.0     12.5      6.9     23.8 1992 11  5 12 35  5.470  1.26   1
   327300  37.291545 -121.668587     5.722     -142.9      312.5      822.0      8.6      5.9     21.5 1992 11 29  5  3  2.720  1.73   1
   330647  37.290446 -121.669149     4.412     -192.7      190.6     -488.6     10.9     11.3     36.3 1993  1  2 11 32 10.020  1.10   1
   331552  37.291610 -121.671151     3.850     -370.2      319.7    -1049.9     11.8     12.7     28.0 1993  1  9 17 48 38.720  1.01   1
   331635  37.291333 -121.671077     3.800     -363.7      289.0    -1100.4      9.0      8.8     24.5 1993  1 10 22 13  9.440  1.20   1
   339439  37.285217 -121.662549     5.924      392.6     -389.7     1023.8     12.9     12.5     26.7 1993  3  7  1 47 38.410  1.22   1
   339511  37.285229 -121.662614     5.922      386.8     -388.4     1021.7     14.7     15.0     36.0 1993  3  8  9 25 39.610  1.01   1
   352620  37.289286 -121.669149     3.743     -192.7       61.9    -1157.1     13.3     10.4     33.6 1993  6  8  9 15  1.380  0.83   1
 30036393  37.291622 -121.671151     3.844     -370.2      321.1    -1056.8     11.1      9.2     31.1 1993 12  1  0 25 49.530  0.98   1
   389286  37.288847 -121.669076     3.747     -186.2       13.1    -1153.5      5.9      5.8     15.3 1993 12 20 22 35  7.800  1.77   1
   391772  37.290308 -121.669149     4.273     -192.7      175.2     -627.0     10.9     12.1     42.1 1994  1 19  7 46 39.590  0.96   1
   391983  37.290320 -121.669222     4.422     -199.2      176.6     -478.3     11.6     11.8     37.8 1994  1 20  7 20 41.680  0.90   1
   399980  37.290039 -121.670296     3.608     -294.4      145.4    -1292.8      8.1      6.4     18.1 1994  4  6  4 11 34.960  1.38   1
   400563  37.285364 -121.666602     3.469       33.2     -373.5    -1431.0      7.9      6.5     17.8 1994  4 16 13 10 52.340  2.00   1
   401879  37.289742 -121.666764     5.782       18.8      112.4      882.2      7.1      7.4     20.6 1994  5  8 23  4 53.240  1.61   1
 30049085  37.287964 -121.665503     5.732      130.6      -84.9      831.9      6.6      7.0     20.5 1994  5 13 11 15 14.850  1.56   1
 30051942  37.290946 -121.668050     5.727      -95.3      246.1      826.8      7.3      5.7     21.4 1994  6 30 14 25 51.030  1.83   1
 30051943  37.291752 -121.668693     5.741     -152.3      335.5      840.3      8.0      6.0     22.1 1994  6 30 14 29 15.060  1.38   1
 30054274  37.293433 -121.672795     3.851     -516.0      522.0    -1048.8      8.0      8.3     19.3 1994  8  4 17 19  8.160  1.37   1
 30057908  37.285710 -121.663647     5.741      295.2     -335.1      840.4      7.0      6.3     21.3 1994  9 17 17 57  1.520  2.38   1
 30058785  37.285856 -121.663916     5.731      271.3     -318.8      830.4      5.3      6.1     21.4 1994  9 25 23  4 28.000  2.36   1
 30062741  37.289673 -121.669906     3.813     -259.8      104.8    -1087.2      5.6      5.4     16.9 1994 11 16 16 50 58.150  2.01   1
 30062748  37.289929 -121.669824     3.698     -252.6      133.2    -1202.8     13.0      9.8     40.4 1994 11 16 18  3 42.360  1.27   1
 30069218  37.288944 -121.668766     3.840     -158.8       23.9    -1060.2      7.3      5.8     19.1 1995  3  3  9 38 49.200  1.20   1
 30069222  37.288912 -121.668856     3.785     -166.7       20.3    -1115.3      6.8      5.6     16.6 1995  3  3 12 30 15.850  1.75   1
 30069457  37.288737 -121.668807     3.728     -162.4        0.9    -1172.5      7.7      6.3     19.0 1995  3  7 13 19 41.960  1.26   1
 30071053  37.285832 -121.663127     5.788      341.3     -321.5      887.4      5.9      6.0     22.5 1995  4  5  7 55 21.350  2.80   1
 30072363  37.284668 -121.662606     5.747      387.5     -450.7      847.0      9.0      9.7     20.6 1995  4 26 17 54  9.660  1.14   1
 30073191  37.291638 -121.671061     3.862     -362.3      322.9    -1037.8     11.8      9.4     26.5 1995  5 14 11 18 47.000  1.02   1
 30074975  37.290515 -121.669124     4.496     -190.5      198.2     -404.0     11.4     11.4     33.4 1995  6 15 22 23  1.320  1.34   1
 30076454  37.290942 -121.670768     3.761     -336.3      245.7    -1139.6      6.8      7.6     25.8 1995  7  4 11 20 49.790  2.65   1
 30077970  37.288273 -121.665763     5.688      107.5      -50.6      787.6      7.9      6.6     21.5 1995  7 24  8 37 43.620  1.26   1
 30090632  37.287040 -121.667651     3.694      -59.9     -187.4    -1206.3      7.1      5.6     21.7 1995 11 25 19 22  6.180  2.56   1
 30091051  37.287219 -121.665161     5.659      160.9     -167.5      758.9      6.5      6.4     20.4 1995 12  2  1 12 15.750  1.40   1
 30092060  37.289058 -121.668913     3.678     -171.7       36.6    -1221.9      6.9      6.1     14.1 1995 12 15 18 53 39.820  1.82   1
 30107700  37.293526 -121.672713     3.780     -508.7      532.4    -1120.3      9.6      9.0     20.7 1996  5 30 18 47 12.480  1.35   1
   478138  37.289555 -121.669678     3.709     -239.6       91.7    -1190.8      5.7      6.7     15.2 1996  9  2 20 27  0.360  1.99   1
   478141  37.289889 -121.669922     3.674     -261.2      128.7    -1226.2      8.3      7.6     24.0 1996  9  2 20 36  3.960  1.38   1
   478159  37.288790 -121.668791     3.760     -160.9        6.8    -1140.2      7.5      5.0     19.9 1996  9  3  0  2  4.940  1.17   1
   482382  37.285107 -121.662476     5.928      399.1     -401.9     1027.3     11.8     10.8     25.6 1996 10 19  4 32 38.790  1.30   1
   483500  37.287659 -121.665503     5.658      130.6     -118.8      757.6      8.0      5.9     20.4 1996 11  2 12 22 52.340  2.29   1
   485145  37.285262 -121.666642     3.447       29.6     -384.8    -1453.5      8.6      6.8     18.5 1996 11 20 12 25 42.190  1.93   1
   502047  37.289986 -121.665828     6.180      101.7      139.5     1279.7     13.1      8.1     23.7 1997  4 20 17  8  1.560  1.79   1
   522670  37.286169 -121.664014     5.697      262.7     -284.1      796.5      6.0      6.9     23.3 1997  9 26 19 58  2.480  3.09   1
   523141  37.289665 -121.666772     5.756       18.0      103.9      855.4      8.1      6.4     20.8 1997  9 29  3  7 46.980  1.55   1
   529274  37.289001 -121.669222     3.695     -199.2       30.3    -1205.4      5.2      5.9     14.5 1997 10 28 12  1 44.750  1.61   1
