    16484  37.286117 -121.663566     6.057      302.4     -289.9     1156.7     19.0     15.6     33.3 1984  4 24 21 20 23.480  3.57   1
    16527  37.286047 -121.663729     5.823      287.9     -297.6      922.4     19.2     14.8     26.0 1984  4 24 21 23 39.960  3.54   1
    17496  37.291227 -121.665959     6.339       90.2      277.3     1439.1     20.1     19.2     34.6 1984  4 25  0  4 49.440  1.23   1
    16521  37.287297 -121.667546     3.710      -50.5     -159.0    -1190.8     15.1     13.4     33.2 1984  4 25  4 16 53.440  3.00   1
    17842  37.289014 -121.668416     3.680     -127.7       31.6    -1220.6     13.5     14.7     33.8 1984  4 25  4 35 19.170  1.90   1
    16635  37.294336 -121.670353     5.944     -299.5      622.3     1043.8     21.1     16.0     34.9 1984  4 25  7 22 22.290  1.40   1
    16576  37.287130 -121.663249     6.080      330.5     -177.5     1179.8     20.0     16.1     35.2 1984  4 25 14  6 57.560  1.62   1
    17929  37.289445 -121.666357     5.547       54.8       79.5      646.9     19.1     15.7     34.6 1984  4 25 22 14 23.140  1.80   1
    16659  37.289771 -121.665251     6.406      153.0      115.6     1505.7     17.9     16.5     38.7 1984  4 26  8 54 51.420  1.52   1
    16701  37.291638 -121.666032     6.133       83.7      322.9     1232.9     20.3     18.1     37.7 1984  4 26 17 22 44.280  1.57   1
    18075  37.288928 -121.668221     4.085     -110.4       22.1     -814.9     18.2     19.4     38.0 1984  4 26 20 11 12.520  1.17   1
    16751  37.291720 -121.671615     3.588     -411.3      331.9    -1312.4     22.6     23.6     42.4 1984  4 27  7 48 23.500  0.97   1
    16766  37.287769 -121.665983     5.685       88.0     -106.6      784.5     16.6     11.4     32.3 1984  4 27 11  8  9.220  1.31   1
    16802  37.286926 -121.663444     6.247      313.2     -200.1     1347.2     20.7     16.7     41.5 1984  4 27 19  3 15.040  1.31   1
    16821  37.284709 -121.662394     5.891      406.3     -446.2      990.9     17.6     17.3     27.0 1984  4 28  0  4 31.210  0.83   1
    16827  37.284469 -121.661483     5.717      487.1     -472.8      816.4     18.8     15.4     37.6 1984  4 28  1 43 47.850  1.21   1
    16838  37.293994 -121.670117     5.857     -278.5      584.4      957.0     20.9     15.2     35.8 1984  4 28  3 54 12.200  1.39   1
    16841  37.285860 -121.665519     4.555      129.2     -318.4     -345.4     20.2     17.7     38.3 1984  4 28  4 43 26.310  1.47   1
    19159  37.290426 -121.665747     6.226      109.0      188.3     1326.1     19.2     17.4     35.5 1984  4 28 16 12 43.750  2.09   1
    16885  37.289062 -121.664771     6.394      195.6       37.0     1493.6     15.6     14.6     28.2 1984  4 28 18 53 49.960  2.18   1
    16911  37.288599 -121.665503     5.649      130.6      -14.5      748.5     18.8     21.7     43.0 1984  4 29  2 29 16.340  1.27   1
    17074  37.289787 -121.664730     6.386      199.2      117.4     1485.7     20.1     15.1     34.4 1984  4 30 14 46  1.740  1.59   1
    17272  37.289742 -121.666366     5.678       54.1      112.4      778.2     19.7     14.5     32.6 1984  5  2  7 34 17.770  1.65   1
    17294  37.293176 -121.672884     3.831     -523.9      493.6    -1069.0     20.9     23.6     44.6 1984  5  2 14 32 55.730  1.70   1
    17356  37.285571 -121.666235     3.237       65.7     -350.4    -1663.8     20.7     17.0     50.9 1984  5  2 22 58 42.360  1.77   1
    17669  37.287179 -121.663623     6.223      297.3     -172.1     1322.9     21.3     17.5     42.4 1984  5  3 23 10 52.920  1.04   1
    17723  37.285706 -121.663306     5.952      325.5     -335.5     1051.8     18.2     16.4     27.6 1984  5  4 18 42 58.080  3.05   1
    17526  37.288094 -121.665609     5.665      121.2      -70.4      764.8     18.3     15.8     32.0 1984  5  5  3 31 54.930  2.45   1
    17779  37.285588 -121.663420     5.694      315.4     -348.6      793.5     16.9     16.4     25.6 1984  5  7 14 27 20.420  2.85   1
    17794  37.284762 -121.662248     5.677      419.3     -440.3      776.4     17.4     18.3     30.2 1984  5  7 16 34 13.860  1.30   1
    17834  37.294381 -121.670256     5.940     -290.8      627.3     1039.3     21.1     17.2     33.0 1984  5  8  6 55  3.840  1.17   1
    18466  37.285026 -121.662402     5.823      405.6     -410.9      922.8     17.3     15.9     28.5 1984  5 15  1 42 21.350  1.18   1
    18608  37.291496 -121.666577     6.342       35.4      307.1     1441.4     19.4     14.9     33.0 1984  5 16 17  9 28.700  2.32   1
    18708  37.289250 -121.666707     5.700       23.8       57.8      800.7     19.6     15.4     34.3 1984  5 17  8 43  3.370  3.32   1
    18857  37.284448 -121.662036     5.761      438.0     -475.1      860.8     19.4     19.1     29.1 1984  5 19  4 20 31.710  0.74   1
    19686  37.290243 -121.669336     4.290     -209.3      168.0     -610.3     18.7     14.6     32.3 1984  5 29 23 53  6.840  0.99   1
    19720  37.289941 -121.665723     6.461      111.1      134.6     1560.9     16.8     16.3     30.2 1984  5 30 12 38 10.840  3.00   1
    19745  37.291150 -121.666235     6.725       65.7      268.7     1825.1     20.2     19.0     41.1 1984  5 30 17  5  4.160  0.80   1
    19776  37.286955 -121.665967     4.601       89.5     -196.9     -298.8     19.5     16.5     36.5 1984  5 31  1 43 34.410  1.22   1
    19860  37.289661 -121.666951     5.642        2.2      103.4      741.3     19.7     14.4     36.4 1984  6  1  3 27 26.880  1.58   1
    19888  37.294421 -121.670565     5.974     -318.2      631.8     1073.3     21.3     17.7     37.5 1984  6  1  9  7  7.310  1.08   1
    19992  37.287085 -121.664884     5.736      185.5     -182.4      836.0     15.9     15.3     27.6 1984  6  2 17 32  6.480  2.92   1
    20113  37.284481 -121.662581     5.547      389.7     -471.5      647.1     17.0     16.3     32.0 1984  6  4 16 23 29.800  1.15   1
    20328  37.292460 -121.667863     6.629      -78.7      414.1     1728.6     22.4     22.2     41.7 1984  6  5 23 51 14.920  0.93   1
    20622  37.287276 -121.664941     5.428      180.4     -161.2      528.0     22.4     30.9     86.2 1984  6 11  4 58 46.580  1.48   1
    20978  37.285807 -121.663053     6.029      347.8     -324.2     1128.3     16.8     14.5     31.1 1984  6 16  3 50 27.150  3.13   1
    21561  37.287231 -121.663574     6.583      301.6     -166.2     1683.2     21.4     21.5     56.6 1984  6 26  7 13 18.280  0.80   1
    21644  37.290727 -121.670662     3.845     -326.9      221.7    -1055.3     12.2     18.4     30.5 1984  6 27 14 50 38.140  1.59   1
    22144  37.285726 -121.664860     4.515      187.6     -333.3     -385.7     20.1     17.3     38.2 1984  7  5 12 49 57.720  1.28   1
    22165  37.288595 -121.667603     4.149      -55.6      -14.9     -751.0     19.4     19.2     29.0 1984  7  5 17  6 28.740  0.96   1
    22271  37.290918 -121.671069     3.814     -363.0      243.0    -1085.9     18.1     14.7     33.8 1984  7  7  0 17  9.970  2.67   1
    22280  37.289339 -121.669312     3.605     -207.1       67.7    -1294.9     19.5     20.1     36.1 1984  7  7  2 35  4.060  1.53   1
    23190  37.289506 -121.669596     3.789     -232.4       86.3    -1111.0     12.1     16.1     29.8 1984  7 17 16 24 49.440  1.85   1
    23195  37.287728 -121.665780     5.708      106.1     -111.1      807.8     18.9     13.9     32.2 1984  7 17 17 53  4.200  2.33   1
    24519  37.289103 -121.669824     3.557     -252.6       41.5    -1343.6     13.8     15.8     33.6 1984  7 30 14 16 49.060  2.31   1
    24674  37.289738 -121.666911     5.785        5.8      112.0      884.3     19.9     14.4     31.3 1984  8  1 12 29 16.890  1.64   1
    25096  37.290312 -121.670060     3.501     -273.5      175.7    -1399.2     18.2     19.9     38.2 1984  8  7  9  7  6.330  1.17   1
    25305  37.289823 -121.669092     4.133     -187.6      121.5     -767.1     19.4     16.0     33.2 1984  8 10  7  4  4.200  0.95   1
    25937  37.285124 -121.662199     6.293      423.6     -400.1     1393.0     19.4     18.3     39.9 1984  8 19 20 27 32.960  0.69   1
    26238  37.290186 -121.669995     3.985     -267.7      161.7     -914.9     20.8     24.1     35.2 1984  8 25  0 19 18.360  0.72   1
    27421  37.285111 -121.662524     5.910      394.7     -401.5     1009.8     17.6     17.2     26.6 1984  9  6 16 33 41.640  1.41   1
    27683  37.285791 -121.663957     5.663      267.7     -326.0      763.0     19.8     17.4     31.5 1984  9 10 16 24 47.130  2.39   1
    27684  37.285852 -121.664022     5.046      262.0     -319.3      145.4     25.2     19.9     84.1 1984  9 10 16 33 36.940  1.79   1
    27721  37.284798 -121.662760     5.991      373.8     -436.2     1090.8     17.1     18.6     32.7 1984  9 11  8 13 54.330  0.83   1
    27722  37.288118 -121.665877     5.688       97.4      -67.7      787.6     18.4     12.6     32.7 1984  9 11  9 29 23.690  1.78   1
    27724  37.289766 -121.665601     6.474      122.0      115.2     1573.3     18.5     18.7     37.7 1984  9 11 10 26  8.190  1.55   1
    28475  37.291720 -121.670874     3.498     -345.7      331.9    -1401.9     21.6     25.5     43.7 1984  9 23  8 43 14.720  1.07   1
    29752  37.285571 -121.666553     3.279       37.5     -350.4    -1620.8     18.9     15.6     49.0 1984 10 10  7 11 54.160  1.90   1
    29901  37.291349 -121.667358     6.418      -33.9      290.8     1517.5     20.9     24.0     62.2 1984 10 12  7 13 23.200  1.21   1
    30009  37.290641 -121.667798     5.687      -72.9      212.2      787.2     20.0     13.9     35.6 1984 10 13 17 32 47.840  1.83   1
    30159  37.289901 -121.669214     4.246     -198.4      130.1     -654.2     13.9     16.1     29.7 1984 10 17 11 39  4.900  0.89   1
    30929  37.291239 -121.668880     5.704     -168.9      278.6      803.8     20.2     14.2     35.2 1984 10 30  2 49 48.600  1.41   1
    31031  37.287000 -121.664632     5.824      207.8     -191.9      923.6     17.7     14.5     29.2 1984 10 31  3  5 11.660  2.89   1
    31037  37.285612 -121.662435     5.974      402.7     -345.9     1073.5     23.5     26.3     60.5 1984 10 31 15 28 48.300  0.79   1
    31068  37.284334 -121.661963     5.783      444.5     -487.7      882.5     17.6     28.5     46.5 1984 11  1  5 22 45.950  0.79   1
    31844  37.285791 -121.665243     4.575      153.7     -326.0     -325.2     20.5     17.3     37.7 1984 11 13 11 59  9.360  1.31   1
    32049  37.288786 -121.669108     3.674     -189.1        6.3    -1226.2     15.2     17.7     32.4 1984 11 18  0 28 55.240  1.69   1
    32676  37.285897 -121.663200     6.017      334.8     -314.3     1117.1     16.9     14.8     32.9 1984 11 28 11 54 37.810  2.94   1
    35929  37.287496 -121.665454     5.665      134.9     -136.8      764.9     17.1     12.8     33.1 1984 12  1  8  9 13.540  1.74   1
    33786  37.286641 -121.665690     4.481      114.0     -231.7     -419.6     20.5     17.8     39.2 1984 12 10  7 45 41.770  1.43   1
    34527  37.289897 -121.667147     5.783      -15.2      129.6      882.6     19.0     13.5     31.9 1984 12 15 10 28 17.680  1.61   1
    34841  37.284676 -121.662191     5.578      424.3     -449.8      678.0     18.1     15.0     31.5 1984 12 19  8 29 34.630  1.35   1
    35109  37.290653 -121.670524     3.770     -314.6      213.6    -1130.5     12.0     16.5     28.7 1984 12 22  4 43 44.710  1.60   1
    38148  37.287362 -121.667961     3.850      -87.3     -151.7    -1050.2     18.8     15.3     37.1 1985  1 19 11 56 37.340  2.49   1
    39944  37.290527 -121.668009     5.705      -91.6      199.6      804.4     22.6     16.9     35.0 1985  2  5 11 42 49.820  2.05   1
    40913  37.288798 -121.664982     6.418      176.8        7.7     1518.1     16.2     15.2     32.7 1985  2 13 23 52 25.080  1.70   1
    41574  37.289982 -121.669067     4.237     -185.5      139.1     -662.9     13.8     16.9     30.4 1985  2 16 20 53  7.160  1.20   1
    42349  37.288485 -121.667407     3.822      -38.2      -27.1    -1078.1     18.8     20.4     35.9 1985  2 28  1  9 58.300  0.84   1
    42555  37.288802 -121.668831     3.768     -164.5        8.1    -1132.4     11.4     14.2     30.1 1985  3  2  6 53 56.010  1.74   1
    42559  37.289661 -121.669596     3.713     -232.4      103.4    -1187.7     12.1     16.5     29.1 1985  3  2  8 55  3.470  1.91   1
    42643  37.289001 -121.669092     3.691     -187.6       30.3    -1209.6     13.7     17.0     30.7 1985  3  2  8 55 29.590  2.08   1
    42560  37.289884 -121.670321     3.681     -296.6      128.3    -1219.5     16.3     18.2     35.0 1985  3  2  8 58  0.480  1.22   1
    43546  37.289657 -121.667456     6.079      -42.6      103.0     1179.2     18.1     14.6     32.9 1985  3 12  4  3 59.980  3.24   1
    43580  37.289909 -121.666781     5.659       17.3      131.0      758.9     18.2     15.3     32.0 1985  3 12  4  4 51.800  2.04   1
    44335  37.285754 -121.663940     5.737      269.2     -330.1      836.3     16.0     15.2     27.9 1985  3 20  4 57 39.190  2.56   1
    44729  37.286906 -121.665291     5.701      149.4     -202.3      801.0     22.0     24.3     43.5 1985  3 26 11 50 46.600  1.26   1
    45835  37.287638 -121.665243     5.976      153.7     -121.0     1076.0     18.1     16.2     39.8 1985  4 10 18 45 20.620  1.07   1
    46041  37.294511 -121.670500     5.983     -312.5      641.7     1082.8     21.3     15.2     33.1 1985  4 13 14  1 53.470  1.16   1
    47288  37.285441 -121.666211     2.826       67.8     -364.9    -2073.8     23.4     26.0     69.9 1985  5  5 16 50  5.800  0.94   1
    49151  37.285994 -121.666414     3.311       49.8     -303.5    -1589.6     21.3     17.3     49.2 1985  6  8  4 58 49.900  0.64   1
    49626  37.291382 -121.670898     3.789     -347.8      294.4    -1111.0     22.5     25.4     46.3 1985  6 15  1 38 57.380  0.94   1
    49633  37.285815 -121.665430     4.465      137.1     -323.3     -435.4     19.1     17.1     38.4 1985  6 16  5 24 54.700  1.29   1
    50591  37.287569 -121.666829     3.650       13.0     -128.7    -1250.4     17.3     17.3     36.8 1985  7  4  3  6  5.160  1.06   1
    51288  37.286430 -121.667399     3.382      -37.5     -255.1    -1518.6     19.0     19.0     47.1 1985  7 17 13 58 38.250  1.02   1
    51325  37.285380 -121.662655     5.652      383.2     -371.7      751.3     22.5     18.8     41.5 1985  7 17 23 39 58.840  1.89   1
    51378  37.284892 -121.661759     5.927      462.6     -425.9     1026.9     18.1     17.5     27.1 1985  7 18 23 42  1.800  0.97   1
    51398  37.290104 -121.669442     4.261     -218.7      152.6     -639.0     18.1     14.3     32.1 1985  7 19  9 58 16.960  0.97   1
    52580  37.289795 -121.666951     5.730        2.2      118.3      829.5     20.3     15.0     33.0 1985  8  9 11 45  2.020  1.60   1
    54084  37.289445 -121.669930     3.657     -262.0       79.5    -1242.8     13.7     16.8     30.8 1985  8 28 20 35 10.100  1.58   1
    57271  37.293416 -121.673275     3.825     -558.5      520.2    -1075.2     20.3     23.6     44.1 1985 10 19 16 33 20.030  1.38   1
    57273  37.293168 -121.673462     3.766     -575.1      492.7    -1133.8     20.3     23.5     44.6 1985 10 19 17 35 48.940  1.66   1
    57770  37.290275 -121.670809     3.443     -339.9      171.6    -1457.7     17.9     19.8     37.4 1985 10 28  3 55 38.130  1.31   1
    58027  37.290857 -121.667920     5.762      -83.7      236.2      861.6     20.9     14.6     35.0 1985 10 31 23 53 38.440  1.96   1
    58028  37.291874 -121.668693     5.628     -152.3      349.1      728.1     24.1     17.4     42.2 1985 10 31 23 55 40.960  1.46   1
    58676  37.290088 -121.665706     6.336      112.6      150.8     1435.9     17.5     16.2     32.3 1985 11  9 23 12 11.080  1.88   1
    59070  37.286918 -121.664771     5.724      195.6     -201.0      823.4     17.1     14.9     32.5 1985 11 14  9 21  5.080  0.97   1
    61248  37.284753 -121.662703     5.521      378.9     -441.2      621.1     20.1     17.3     33.6 1985 12 12  7 33 37.950  1.16   1
    61462  37.288428 -121.667863     4.211      -78.7      -33.4     -689.4     15.2     14.0     32.7 1985 12 14 18 25 45.080  1.09   1
    61809  37.290198 -121.669206     4.234     -197.7      163.0     -666.2     19.3     15.9     32.5 1985 12 19  0  2 10.460  0.97   1
    62142  37.290535 -121.668913     4.853     -171.7      200.5      -47.7     21.5     18.6     39.5 1985 12 24 21 18 58.720  0.89   1
    62514  37.288786 -121.668807     3.748     -162.4        6.3    -1151.9     16.2     18.0     32.1 1985 12 31 15 50 52.230  1.74   1
    62520  37.288802 -121.669027     3.682     -181.9        8.1    -1217.9     17.4     19.3     39.2 1985 12 31 18  3  3.480  1.62   1
    65047  37.286739 -121.665910     4.592       94.5     -220.8     -308.4     20.9     17.4     38.1 1986  1 30  3 31 43.810  1.30   1
    65406  37.285014 -121.662614     5.968      386.8     -412.3     1067.8     16.6     17.7     26.5 1986  2  2  8 26 42.650  1.18   1
    66346  37.285396 -121.666732     3.381       21.6     -369.9    -1519.2     19.5     15.8     45.1 1986  2 11 10 37 16.920  1.40   1
    66201  37.285767 -121.666797     3.288       15.9     -328.8    -1612.1     20.0     17.8     49.7 1986  2 11 11 50  0.620  1.50   1
    67820  37.290792 -121.671387     3.793     -391.1      229.0    -1107.1     13.4     19.4     33.0 1986  3  8 10 32  4.410  1.63   1
    67803  37.285791 -121.665397     4.457      140.0     -326.0     -443.5     19.4     16.0     37.6 1986  3  9 18 55 22.760  1.42   1
    70356  37.285856 -121.664209     5.871      245.4     -318.8      970.7     17.5     15.3     32.5 1986  4  4 10 16 40.970  3.19   1
    70373  37.287496 -121.665552     5.724      126.3     -136.8      823.9     16.7     11.6     32.3 1986  4  4 10 17 30.150  2.37   1
    70083  37.285087 -121.662606     5.982      387.5     -404.2     1081.5     18.1     16.3     37.3 1986  4 12  7 13 35.460  1.00   1
    70826  37.293958 -121.670565     5.753     -318.2      580.3      853.1     22.7     15.3     35.6 1986  4 21  8 46 14.270  0.99   1
    73536  37.290617 -121.667700     5.763      -64.2      209.5      862.8     20.7     13.7     33.1 1986  5 29  1 41 52.560  1.51   1
    73786  37.288928 -121.669580     3.359     -230.9       22.1    -1541.5     16.5     18.4     34.2 1986  6  1 10 51 31.460  1.21   1
    73850  37.289730 -121.666976     5.738        0.0      111.1      837.7     18.4     13.5     32.5 1986  6  2  5  8 18.340  1.52   1
    76654  37.285734 -121.663273     6.028      328.3     -332.4     1127.4     16.7     14.3     31.1 1986  7 16 20 59  3.320  2.98   1
    76560  37.284224 -121.663493     6.182      308.9     -499.9     1281.8     18.6     17.2     36.0 1986  7 17  4 26  2.170  0.83   1
    77218  37.289482 -121.669865     3.846     -256.2       83.5    -1054.7     15.1     14.5     30.8 1986  7 25  9 22 50.290  2.26   1
    77283  37.289307 -121.669027     3.596     -181.9       64.1    -1303.9     16.2     18.4     33.9 1986  7 25  9 23  5.480  2.35   1
    77296  37.290133 -121.670068     3.639     -274.2      155.8    -1261.2     19.9     22.0     41.0 1986  7 25 16  1 52.100  1.15   1
    81016  37.291671 -121.671313     3.770     -384.6      326.5    -1130.5     19.4     22.6     43.5 1986  9  2  7 22  7.550  0.52   1
    81017  37.291496 -121.671444     3.792     -396.2      307.1    -1108.6     17.8     21.8     38.9 1986  9  2  7 24 15.870  0.83   1
    81735  37.287903 -121.665690     5.696      114.0      -91.7      796.0     17.0     11.2     31.6 1986  9  8 23  4 33.440  1.55   1
    82606  37.291207 -121.671265     3.830     -380.3      275.0    -1070.6     19.8     15.7     35.9 1986  9 15 20 17 49.920  2.67   1
    83579  37.290202 -121.668799     4.865     -161.6      163.5      -34.8     21.5     17.7     42.1 1986  9 22 19 39 11.020  0.83   1
    83805  37.290690 -121.670833     3.737     -342.0      217.7    -1162.6     11.8     17.4     30.5 1986  9 25 12  1 52.830  1.36   1
    85194  37.287512 -121.668018     3.865      -92.4     -135.0    -1035.3     19.7     16.6     39.9 1986 10  9  2  6 22.720  2.95   1
    85669  37.285461 -121.666838     3.301       12.3     -362.6    -1599.3     19.9     16.3     49.1 1986 10 14 15 13 49.290  1.43   1
    87103  37.287882 -121.667464     4.097      -43.3      -93.9     -803.7     13.6     14.4     28.1 1986 11  3  8 20 28.780  0.94   1
    87964  37.284456 -121.662313     5.656      413.5     -474.2      756.1     16.5     16.2     28.5 1986 11 14 11 55 11.210  0.96   1
    88698  37.291516 -121.670312     4.313     -295.9      309.3     -587.7     19.3     16.4     35.4 1986 11 25 13  0 35.660  1.01   1
    90036  37.289791 -121.668709     4.035     -153.7      117.9     -865.5     19.2     14.6     33.7 1986 12 12 17 46 44.360  0.64   1
    90485  37.289880 -121.669409     4.232     -215.8      127.8     -668.4     17.2     14.0     31.3 1986 12 18  2  5 30.480  1.09   1
    93248  37.289254 -121.670199     3.495     -285.8       58.3    -1405.3     25.9     18.9     46.7 1987  1 26 13 47 46.830  2.35   1
    95188  37.285164 -121.662533     6.029      394.0     -395.6     1128.3     16.3     14.7     37.9 1987  2 21  7 40 45.210  1.18   1
    95317  37.285490 -121.662150     6.700      427.9     -359.5     1800.0     21.7     20.6     52.1 1987  2 23 17  5  2.320  0.91   1
    97576  37.290401 -121.669149     4.835     -192.7      185.6      -65.2     19.6     16.7     35.8 1987  3 29 10  2  1.050  0.79   1
    98812  37.288009 -121.667651     4.180      -59.9      -79.9     -720.0     16.1     13.9     29.5 1987  4 17 16 13 47.300  1.18   1
   101361  37.289697 -121.669572     3.918     -230.2      107.5     -982.6     18.0     13.9     31.6 1987  6  3  6 56  7.740  1.92   1
   101362  37.288888 -121.669539     3.776     -227.3       17.6    -1124.3     14.8     13.3     30.9 1987  6  3  6 58 51.320  1.74   1
   101659  37.287773 -121.665633     5.766      119.1     -106.1      865.4     16.8     13.6     28.5 1987  6  9  2  2 39.460  2.37   1
   102139  37.287390 -121.666642     3.574       29.6     -148.6    -1325.9     19.4     16.4     45.3 1987  6 20 16 35 35.960  0.82   1
   102776  37.291622 -121.670939     3.729     -351.4      321.1    -1171.7     21.3     23.0     47.1 1987  7  7  1 44 26.990  1.01   1
   103138  37.289384 -121.669377     3.723     -212.9       72.7    -1176.6     13.0     16.1     29.4 1987  7 14 19  2 57.020  1.72   1
   103702  37.290092 -121.667391     5.778      -36.8      151.3      877.3     19.5     13.8     33.4 1987  7 28  7  4 28.800  1.51   1
   103833  37.290755 -121.668254     5.813     -113.3      224.9      913.0     19.8     13.8     34.6 1987  8  1  1 40 41.980  1.94   1
   105327  37.287553 -121.668156     3.765     -104.6     -130.5    -1134.9     15.8     14.2     34.0 1987  9  4 10 31 17.310  1.74   1
   105800  37.289364 -121.666325     5.827       57.7       70.4      926.5     20.0     15.3     34.0 1987  9 14 23  7 17.840  0.83   1
   106343  37.290198 -121.668815     4.714     -163.1      163.0     -186.0     19.0     16.4     32.3 1987  9 27  7 19 34.920  0.75   1
   106370  37.289925 -121.669198     4.567     -197.0      132.8     -333.8     19.1     17.0     35.9 1987  9 27  8 23 11.780  0.96   1
   106462  37.288228 -121.667204     4.185      -20.2      -55.5     -714.9     15.4     14.1     34.2 1987  9 29  4 47  3.550  0.92   1
   107299  37.285543 -121.663208     6.062      334.1     -353.6     1161.9     17.7     15.3     32.7 1987 10 17  9 43 42.990  1.55   1
   107927  37.289657 -121.667489     6.154      -45.5      103.0     1253.7     19.6     15.1     33.1 1987 11  1 22 11 13.060  3.15   1
   107902  37.290173 -121.666838     5.797       12.3      160.3      896.6     20.0     13.7     32.5 1987 11  1 22 13 47.560  1.56   1
   107906  37.288143 -121.666056     5.783       81.5      -65.0      883.1     17.3     11.5     31.2 1987 11  2  3  6 28.290  1.52   1
   108512  37.285612 -121.666805     3.301       15.2     -345.9    -1599.4     18.7     16.5     49.0 1987 11 16 23 19  9.000  1.98   1
   109132  37.290153 -121.669230     4.464     -199.9      158.1     -436.6     19.4     16.4     32.2 1987 11 27  4  7 50.420  0.67   1
   110939  37.290393 -121.670793     3.426     -338.4      184.7    -1473.8     19.0     21.4     39.0 1988  1 15  1 56 42.310  1.39   1
   112178  37.286450 -121.662614     6.744      386.8     -252.9     1843.7     29.4     22.8     45.6 1988  2 10 20 13  1.200  0.94   1
   112230  37.285779 -121.664803     4.572      192.7     -327.4     -328.8     21.4     20.1     46.7 1988  2 13  4 54 35.870  1.36   1
   112868  37.291707 -121.671118     4.426     -367.3      330.6     -474.5     19.4     15.4     32.4 1988  2 25 10  0 17.780  0.92   1
   113569  37.291260 -121.667163     6.243      -16.6      280.9     1342.4     20.7     15.5     40.9 1988  3  9  2  8 11.840  1.40   1
   114006  37.285844 -121.663631     5.853      296.6     -320.2      952.8     16.8     15.1     29.5 1988  3 16 23 10  6.640  2.45   1
   115994  37.290955 -121.668221     5.784     -110.4      247.0      883.5     19.9     14.1     34.3 1988  4 21  4 42 14.550  1.94   1
   115996  37.291553 -121.668758     5.794     -158.0      313.4      893.9     20.4     14.4     35.7 1988  4 21  4 48 47.890  0.84   1
   116401  37.288944 -121.665283     6.277      150.1       23.9     1376.4     19.8     15.4     34.6 1988  4 29  7 29 57.200  1.68   1
   116406  37.289327 -121.665462     6.504      134.2       66.4     1603.6     19.2     14.5     33.6 1988  4 29  7 47 21.590  1.99   1
   117175  37.289917 -121.667041     5.782       -5.8      131.9      882.2     19.5     13.0     33.1 1988  5 13 17 17 30.760  1.52   1
   119615  37.289941 -121.665780     6.472      106.1      134.6     1571.2     15.3     12.5     26.4 1988  6 27  4 18 37.320  2.52   1
   119610  37.290019 -121.665828     6.489      101.7      143.2     1588.7     15.8     12.8     26.9 1988  6 27  4 18 52.410  2.72   1
   119763  37.290100 -121.669157     4.193     -193.4      152.2     -706.6     13.9     17.3     28.1 1988  6 30 23 52 27.360  0.97   1
   119888  37.285075 -121.662126     6.323      430.1     -405.5     1423.2     17.9     19.3     41.8 1988  7  5  5  2 33.820  0.83   1
   120788  37.290617 -121.670614     3.789     -322.6      209.5    -1111.6     12.3     17.0     29.7 1988  7 23 10 42 21.740  1.53   1
   120974  37.289966 -121.668766     4.214     -158.8      137.3     -686.2     17.6     20.0     30.9 1988  7 26 18  9 59.220  0.80   1
   126189  37.289612 -121.669629     3.853     -235.3       98.0    -1046.9     16.3     14.2     31.9 1988 11  2  3  9 12.610  1.93   1
   126292  37.289022 -121.669116     3.718     -189.8       32.5    -1182.0     11.4     15.1     28.7 1988 11  3  1 30  4.280  1.71   1
   126389  37.288757 -121.669385     3.920     -213.6        3.2     -980.1     17.8     14.4     34.9 1988 11  4 13 34 34.720  1.87   1
   126560  37.284945 -121.662695     5.870      379.6     -420.0      969.8     18.4     15.8     28.5 1988 11  7 17 51 17.980  1.24   1
   126901  37.285881 -121.666895     3.332        7.2     -316.1    -1568.4     18.7     15.7     48.2 1988 11 12 18 11 57.680  1.07   1
   129454  37.286043 -121.662427     6.663      403.4     -298.1     1762.7     20.3     17.1     31.7 1988 12 30 23 53 29.880  1.74   1
   129428  37.286780 -121.662891     6.717      362.3     -216.3     1816.6     18.1     14.6     28.9 1988 12 30 23 54 24.000  4.30   1
   129887  37.289966 -121.669287     4.222     -204.9      137.3     -678.3     16.7     14.2     30.9 1989  1 13 10  9  6.070  0.94   1
   131766  37.289071 -121.664836     6.522      189.8       37.9     1621.5     15.2     12.0     26.2 1989  2 22 14 10 28.230  1.79   1
   132424  37.287630 -121.668099     3.858      -99.6     -121.9    -1042.0     14.4     14.3     31.8 1989  3  7 15  3 21.870  2.62   1
   132469  37.285482 -121.662679     6.124      381.0     -360.4     1223.3     19.3     16.8     28.2 1989  3  8 14 47  1.080  1.40   1
   132715  37.285075 -121.662557     6.063      391.9     -405.5     1163.0     16.9     17.0     30.6 1989  3 12  7 15 43.550  0.81   1
   139260  37.289909 -121.668530     4.222     -137.8      131.0     -678.5     18.5     15.1     38.8 1989  7  1  1 11 28.510  0.96   1
   140151  37.286902 -121.663216     6.596      333.4     -202.8     1696.0     20.9     16.5     30.1 1989  7 16 21 54  2.440  1.65   1
   140303  37.285999 -121.666585     3.368       34.6     -303.0    -1532.4     18.7     15.8     48.0 1989  7 19  8 51 59.540  1.28   1
   142196  37.288448 -121.667513     4.324      -47.6      -31.2     -576.6     20.2     16.8     39.4 1989  8 14  4  7  9.360  1.25   1
   144026  37.285002 -121.662614     5.942      386.8     -413.7     1041.7     18.6     17.2     25.7 1989  9 14 10 35 38.140  0.87   1
   144648  37.287646 -121.665316     5.752      147.2     -120.1      851.6     16.8     11.9     31.5 1989  9 26 17  2  0.820  0.92   1
   144843  37.290723 -121.668132     5.771     -102.5      221.3      870.3     19.7     13.2     34.6 1989 10  1 18 21 45.920  1.78   1
   148939  37.288977 -121.668888     3.686     -169.6       27.5    -1214.5     14.4     15.0     33.1 1989 12 13  5 33 46.080  1.60   1
   149804  37.293022 -121.672957     3.631     -530.4      476.4    -1268.9     21.7     22.7     44.4 1989 12 30  6 19 29.350  1.59   1
   150901  37.286759 -121.665649     4.550      117.6     -218.6     -350.6     21.3     17.6     39.3 1990  1 19  9 24  8.400  1.24   1
   151583  37.285461 -121.666805     3.270       15.2     -362.6    -1630.7     19.9     17.2     49.2 1990  1 31  5  8 47.310  1.38   1
   153849  37.284652 -121.661995     5.649      441.7     -452.5      749.1     18.2     17.8     30.6 1990  3  6 23  9 12.960  0.83   1
   154124  37.288155 -121.665934     5.746       92.4      -63.7      845.3     18.0     13.1     28.3 1990  3 11 11 52 34.830  2.34   1
   155780  37.285551 -121.666602     3.396       33.2     -352.7    -1504.5     18.5     15.6     47.3 1990  4 11  5 35 19.420  1.33   1
   157462  37.286088 -121.664006     5.789      263.4     -293.1      888.9     16.6     15.0     29.6 1990  5 10 16 43 48.520  3.18   1
   157486  37.284904 -121.662435     5.728      402.7     -424.5      827.2     19.5     17.0     31.3 1990  5 11 22 59 22.960  0.97   1
   157494  37.289714 -121.668937     4.157     -173.9      109.3     -743.3     14.2     15.6     27.5 1990  5 12  2 57 13.600  0.81   1
   157758  37.290059 -121.667131     5.813      -13.7      147.7      913.1     19.5     13.2     33.2 1990  5 16  4 10 37.430  1.59   1
   158154  37.291463 -121.671509     3.924     -401.9      303.5     -976.7     18.8     23.1     38.4 1990  5 23 11 11 37.580  1.03   1
   158290  37.291667 -121.671647     3.815     -414.2      326.0    -1084.9     17.6     21.5     38.4 1990  5 23 16 30 36.550  0.82   1
 20091514  37.285909 -121.663135     6.233      340.6     -313.0     1333.2     18.2     13.9     30.7 1990  6 11  1 38 14.370  3.10   1
   159156  37.287679 -121.665161     5.958      160.9     -116.5     1057.9     18.5     16.2     29.7 1990  6 11  2 45 19.820  1.25   1
   160503  37.290096 -121.669548     3.861     -228.0      151.7    -1039.3     11.3     15.1     27.8 1990  7  5 20  4 42.800  1.71   1
   161358  37.290641 -121.669849     4.330     -254.7      212.2     -570.2     19.6     15.5     34.0 1990  7 20  5 51 45.700  0.96   1
 20092038  37.292578 -121.667733     6.614      -67.1      427.2     1714.0     17.7     14.6     30.7 1990  8 17  2 26 16.740  3.68   1
   163527  37.290674 -121.666536     6.501       39.0      215.9     1600.9     21.0     17.7     46.4 1990  9  1 17 25 25.320  0.96   1
   165437  37.290295 -121.667497     5.818      -46.2      173.9      918.0     19.5     13.3     33.4 1990 10 17  6 15 15.710  1.80   1
   204801  37.290129 -121.669491     4.407     -223.0      155.3     -493.3     26.2     26.8     46.3 1991  1 15 17 29 20.200  0.94   1
   205031  37.290417 -121.670353     3.535     -299.5      187.4    -1365.6     18.6     19.8     37.0 1991  1 20  5  0 30.930  1.17   1
   205737  37.287349 -121.666414     3.555       49.8     -153.1    -1344.8     21.1     17.7     45.7 1991  2  2  5 39  6.910  0.83   1
   206508  37.287345 -121.666797     3.769       15.9     -153.5    -1130.0     14.8     15.0     33.8 1991  2 13 19 31  5.060  1.22   1
   207043  37.289148 -121.669434     3.484     -217.9       46.5    -1416.5     14.0     17.4     30.3 1991  2 22 15 51 34.750  2.28   1
   208364  37.291663 -121.671102     3.859     -365.9      325.6    -1041.1     13.0     18.1     30.4 1991  3 22 11 23 27.560  1.05   1
   208389  37.291890 -121.671549     3.863     -405.5      350.9    -1037.2     12.0     17.7     29.1 1991  3 22 11 34  4.350  0.81   1
   211885  37.285311 -121.662240     6.405      420.0     -379.3     1504.8     21.9     20.5     50.7 1991  5  4  6 30 12.620  0.94   1
   212119  37.285229 -121.662150     6.000      427.9     -388.4     1100.2     17.4     16.6     29.9 1991  5  9  0 14 24.910  1.22   1
   215747  37.288599 -121.669409     3.822     -215.8      -14.5    -1078.4     14.8     13.3     30.6 1991  5 29  9 45 22.620  1.83   1
   220702  37.284566 -121.662077     5.713      434.4     -462.0      812.7     18.8     16.9     31.4 1991  6 22 16 36 38.560  1.21   1
   227435  37.290348 -121.670109     3.592     -277.8      179.7    -1307.8     16.3     18.1     33.7 1991  8 10 17  6  5.760  1.23   1
   227542  37.285433 -121.666553     3.357       37.5     -365.8    -1543.7     18.8     15.7     47.7 1991  8 12  9 56  3.630  1.43   1
   228484  37.288135 -121.665715     5.715      111.9      -65.9      815.0     17.9     11.4     32.3 1991  8 21 17  7 40.400  2.27   1
   229053  37.290898 -121.667977     5.771      -88.8      240.7      870.4     20.8     14.0     35.8 1991  8 28 14  4 22.080  2.05   1
   229871  37.289986 -121.668628     4.285     -146.5      139.5     -615.2     19.6     16.4     34.5 1991  9  6 16 39 27.620  0.93   1
   234881  37.285653 -121.666748     3.367       20.2     -341.4    -1533.5     18.3     16.2     48.2 1991 10 22 17  4 17.460  1.46   1
   238704  37.289685 -121.669352     3.729     -210.7      106.1    -1171.1     13.9     15.8     29.3 1991 12  3  5 24 24.980  2.01   1
   238790  37.289270 -121.669450     3.819     -219.4       60.1    -1080.9     14.3     14.0     30.0 1991 12  4  0  8 49.550  1.89   1
   238816  37.285164 -121.662443     6.169      402.0     -395.6     1268.6     18.4     17.2     36.0 1991 12  4 13 45 39.520  0.99   1
   241590  37.288460 -121.666032     5.770       83.7      -29.8      869.5     18.3     13.4     30.3 1991 12 23 12 33 19.250  1.22   1
   249781  37.290080 -121.666878     5.756        8.7      149.9      855.3     19.6     14.8     33.5 1992  2 10 12 31  5.020  1.61   1
   253921  37.285746 -121.666414     3.320       49.8     -331.0    -1580.3     18.3     15.7     47.6 1992  3  4 13 13  6.220  1.23   1
   261841  37.291325 -121.671224     3.725     -376.7      288.1    -1175.1     18.7     21.5     41.1 1992  4  6  9 39 49.410  0.92   1
   292015  37.287402 -121.667554     3.898      -51.2     -147.2    -1002.6     20.2     18.5     44.4 1992  6  9 12 59 24.230  2.86   1
   303099  37.286003 -121.665552     4.670      126.3     -302.6     -230.7     20.2     17.1     37.5 1992  7  7  2 47 24.660  1.35   1
   304374  37.285624 -121.667025     3.337       -4.3     -344.6    -1563.4     20.8     17.0     48.8 1992  7 17  9 51 49.510  1.02   1
   312743  37.290735 -121.670915     3.812     -349.3      222.6    -1088.6     18.1     19.5     33.4 1992  8 29 17  4 29.020  1.64   1
   314921  37.287939 -121.668734     3.976     -155.9      -87.6     -924.7     16.3     16.7     33.0 1992  9 11  1 22 13.650  1.06   1
   322432  37.286711 -121.665796     4.566      104.6     -224.0     -334.4     20.7     18.5     39.4 1992 11  5 12 35  5.470  1.26   1
   327300  37.291728 -121.668831     5.806     -164.5      332.8      905.8     20.0     13.9     34.6 1992 11 29  5  3  2.720  1.73   1
   330647  37.290312 -121.669344     4.281     -210.0      175.7     -619.0     15.2     15.1     29.2 1993  1  2 11 32 10.020  1.10   1
   331552  37.291630 -121.671509     3.864     -401.9      322.0    -1036.6     16.7     21.4     36.6 1993  1  9 17 48 38.720  1.01   1
   331635  37.291073 -121.670825     3.683     -341.3      260.1    -1216.9     18.3     21.4     40.4 1993  1 10 22 13  9.440  1.20   1
   339439  37.285238 -121.662288     6.015      415.7     -387.5     1114.7     19.5     18.6     34.0 1993  3  7  1 47 38.410  1.22   1
   339511  37.285148 -121.662451     6.005      401.2     -397.4     1104.4     20.0     18.0     34.5 1993  3  8  9 25 39.610  1.01   1
   352620  37.289046 -121.668034     3.825      -93.8       35.2    -1075.0     14.8     17.2     31.6 1993  6  8  9 15  1.380  0.83   1
 30036393  37.291602 -121.671143     4.084     -369.5      318.8     -815.8     19.9     16.5     37.5 1993 12  1  0 25 49.530  0.98   1
   389286  37.289034 -121.669019     3.625     -181.1       33.9    -1275.1     14.5     17.2     31.8 1993 12 20 22 35  7.800  1.77   1
   391772  37.290226 -121.669295     4.298     -205.7      166.2     -601.9     18.1     14.3     31.4 1994  1 19  7 46 39.590  0.96   1
   391983  37.289937 -121.669491     4.384     -223.0      134.1     -516.3     19.6     16.1     33.5 1994  1 20  7 20 41.680  0.90   1
   399980  37.290177 -121.670207     3.564     -286.5      160.8    -1336.7     15.0     18.0     32.9 1994  4  6  4 11 34.960  1.38   1
   400563  37.285592 -121.666699     3.315       24.5     -348.2    -1585.4     17.7     16.1     46.2 1994  4 16 13 10 52.340  2.00   1
   401879  37.289868 -121.666374     5.735       53.4      126.4      835.2     19.2     13.8     31.4 1994  5  8 23  4 53.240  1.61   1
 30049085  37.287980 -121.665454     5.709      134.9      -83.1      809.1     17.6     12.1     33.1 1994  5 13 11 15 14.850  1.56   1
 30051942  37.290877 -121.667790     5.686      -72.2      238.4      785.8     20.1     14.6     41.8 1994  6 30 14 25 51.030  1.83   1
 30051943  37.291911 -121.668937     5.729     -173.9      353.1      828.5     20.2     15.2     36.8 1994  6 30 14 29 15.060  1.38   1
 30054274  37.293400 -121.673242     3.727     -555.6      518.4    -1173.2     20.9     23.2     47.1 1994  8  4 17 19  8.160  1.37   1
 30057908  37.285714 -121.663826     5.842      279.3     -334.6      942.0     16.2     14.8     29.9 1994  9 17 17 57  1.520  2.38   1
 30058785  37.285864 -121.664071     5.754      257.6     -317.9      853.6     17.0     14.9     27.0 1994  9 25 23  4 28.000  2.36   1
 30062741  37.289941 -121.669938     3.586     -262.7      134.6    -1313.8     13.3     16.6     29.8 1994 11 16 16 50 58.150  2.01   1
 30062748  37.290031 -121.669604     3.770     -233.1      144.5    -1130.4     14.2     17.5     32.5 1994 11 16 18  3 42.360  1.27   1
 30069218  37.288688 -121.668799     3.956     -161.6       -4.5     -943.9     13.8     15.9     29.3 1995  3  3  9 38 49.200  1.20   1
 30069222  37.288867 -121.669287     3.916     -204.9       15.4     -984.1     14.1     14.0     30.4 1995  3  3 12 30 15.850  1.75   1
 30069457  37.289079 -121.669116     3.567     -189.8       38.8    -1333.0     17.0     18.8     32.9 1995  3  7 13 19 41.960  1.26   1
 30071053  37.285787 -121.663005     6.093      352.2     -326.5     1192.2     16.7     13.6     30.8 1995  4  5  7 55 21.350  2.80   1
 30072363  37.284835 -121.662093     5.760      433.0     -432.2      859.8     16.6     16.1     29.4 1995  4 26 17 54  9.660  1.14   1
 30073191  37.291646 -121.671541     3.824     -404.8      323.8    -1076.8     19.4     23.5     43.5 1995  5 14 11 18 47.000  1.02   1
 30074975  37.290483 -121.668742     4.348     -156.6      194.6     -552.8     19.9     16.7     34.2 1995  6 15 22 23  1.320  1.34   1
 30076454  37.290983 -121.670972     4.318     -354.3      250.2     -581.8     24.9     18.6     49.3 1995  7  4 11 20 49.790  2.65   1
 30077970  37.288114 -121.666089     5.700       78.7      -68.2      800.1     17.7     13.4     33.3 1995  7 24  8 37 43.620  1.26   1
 30090632  37.287488 -121.667301     3.807      -28.9     -137.7    -1092.8     20.6     17.9     41.7 1995 11 25 19 22  6.180  2.56   1
 30091051  37.287634 -121.665470     5.737      133.5     -121.5      836.5     16.2     15.9     27.6 1995 12  2  1 12 15.750  1.40   1
 30092060  37.289038 -121.669230     3.735     -199.9       34.3    -1165.6     13.1     14.3     30.3 1995 12 15 18 53 39.820  1.82   1
 30107700  37.293486 -121.673128     3.662     -545.5      527.9    -1238.7     20.4     23.3     46.7 1996  5 30 18 47 12.480  1.35   1
   478138  37.289343 -121.669629     3.813     -235.3       68.2    -1086.8     18.7     15.3     35.2 1996  9  2 20 27  0.360  1.99   1
   478141  37.290332 -121.670125     3.752     -279.3      177.9    -1148.4     18.9     17.0     39.9 1996  9  2 20 36  3.960  1.38   1
   478159  37.288997 -121.668612     4.541     -145.0       29.8     -359.7     20.2     17.3     39.2 1996  9  3  0  2  4.940  1.17   1
   482382  37.285055 -121.662093     5.737      433.0     -407.8      837.0     18.4     16.6     34.8 1996 10 19  4 32 38.790  1.30   1
   483500  37.287996 -121.665902     6.066       95.3      -81.3     1165.8     20.9     14.7     40.9 1996 11  2 12 22 52.340  2.29   1
   485145  37.285567 -121.666650     3.320       28.9     -350.9    -1580.5     18.4     17.5     47.7 1996 11 20 12 25 42.190  1.93   1
   502047  37.289787 -121.665698     6.426      113.3      117.4     1525.9     17.5     13.5     27.2 1997  4 20 17  8  1.560  1.79   1
   522670  37.286519 -121.664429     6.205      225.9     -245.2     1304.3     18.0     11.8     29.9 1997  9 26 19 58  2.480  3.09   1
   523141  37.289775 -121.667000     5.783       -2.2      116.1      882.3     20.3     13.4     36.3 1997  9 29  3  7 46.980  1.55   1
   529274  37.288647 -121.669360     3.712     -211.4       -9.0    -1188.1     13.4     15.3     30.0 1997 10 28 12  1 44.750  1.61   1
