    16484  37.286149 -121.663281     5.796      327.6     -286.3      895.7      2.9      1.5      4.7 1984  4 24 21 20 23.480  3.57   1
    16527  37.286597 -121.664307     5.755      236.7     -236.6      854.4      2.4      1.5      4.4 1984  4 24 21 23 39.960  3.54   1
    17496  37.291154 -121.666984     6.202       -0.7      269.1     1301.5      2.6      2.6      5.7 1984  4 25  0  4 49.440  1.23   1
    16521  37.286678 -121.667244     3.689      -23.8     -227.6    -1211.0      4.4      3.3      4.7 1984  4 25  4 16 53.440  3.00   1
    17842  37.288936 -121.668921     3.768     -172.5       23.0    -1132.4      1.3      1.4      2.9 1984  4 25  4 35 19.170  1.90   1
    16635  37.294307 -121.670085     6.103     -275.7      619.1     1202.6      1.1      1.3      2.1 1984  4 25  7 22 22.290  1.40   1
    16576  37.287264 -121.663704     6.087      290.1     -162.6     1186.2      5.7      2.8      5.4 1984  4 25 14  6 57.560  1.62   1
    17929  37.289665 -121.666748     5.770       20.2      103.9      870.2      2.7      1.6      4.3 1984  4 25 22 14 23.140  1.80   1
    16659  37.289966 -121.665991     6.198       87.3      137.3     1297.6      1.9      2.3      5.4 1984  4 26  8 54 51.420  1.52   1
    16701  37.291378 -121.667196     6.209      -19.5      294.0     1308.9      2.7      3.0      6.2 1984  4 26 17 22 44.280  1.57   1
    18075  37.288570 -121.667570     4.184      -52.7      -17.6     -715.9      3.4      2.8     10.8 1984  4 26 20 11 12.520  1.17   1
    16751  37.291333 -121.670972     3.765     -354.3      289.0    -1135.6      2.6      2.9      5.2 1984  4 27  7 48 23.500  0.97   1
    16766  37.287944 -121.665552     5.728      126.3      -87.2      827.3      2.3      2.1      5.5 1984  4 27 11  8  9.220  1.31   1
    16802  37.287301 -121.663704     6.088      290.1     -158.5     1187.5      5.7      2.6      5.4 1984  4 27 19  3 15.040  1.31   1
    16821  37.285185 -121.662549     5.864      392.6     -393.3      963.6      2.6      1.8      3.5 1984  4 28  0  4 31.210  0.83   1
    16827  37.284896 -121.662305     5.862      414.2     -425.4      961.7      2.7      1.8      3.9 1984  4 28  1 43 47.850  1.21   1
    16838  37.294312 -121.670068     6.104     -274.2      619.6     1203.3      1.1      1.6      2.8 1984  4 28  3 54 12.200  1.39   1
    16841  37.286182 -121.665096     4.464      166.7     -282.7     -436.6      2.0      1.6      8.9 1984  4 28  4 43 26.310  1.47   1
    19159  37.290552 -121.666423     6.198       49.1      202.3     1297.7      2.1      2.0      4.9 1984  4 28 16 12 43.750  2.09   1
    16885  37.289062 -121.665275     6.173      150.8       37.0     1273.0      2.1      1.9      4.9 1984  4 28 18 53 49.960  2.18   1
    16911  37.288281 -121.665845     5.732      100.3      -49.7      831.6      2.5      2.3      5.8 1984  4 29  2 29 16.340  1.27   1
    17074  37.289905 -121.665926     6.185       93.1      130.5     1284.5      2.4      2.2      5.3 1984  4 30 14 46  1.740  1.59   1
    17272  37.289705 -121.666756     5.766       19.5      108.4      865.5      2.6      1.6      4.3 1984  5  2  7 34 17.770  1.65   1
    17294  37.293168 -121.672599     3.731     -498.6      492.7    -1169.7      3.1      2.4      4.7 1984  5  2 14 32 55.730  1.70   1
    17356  37.285433 -121.666740     3.488       20.9     -365.8    -1412.7      1.7      1.6      4.2 1984  5  2 22 58 42.360  1.77   1
    17669  37.287276 -121.663704     6.102      290.1     -161.2     1201.5      5.8      2.6      5.9 1984  5  3 23 10 52.920  1.04   1
    17723  37.286202 -121.663167     5.818      337.7     -280.4      918.0      3.1      2.1      4.6 1984  5  4 18 42 58.080  3.05   1
    17526  37.287646 -121.665430     5.700      137.1     -120.1      799.6      2.0      2.1      5.3 1984  5  5  3 31 54.930  2.45   1
    17779  37.285958 -121.663826     5.729      279.3     -307.5      828.9      2.5      1.5      4.6 1984  5  7 14 27 20.420  2.85   1
    17794  37.284660 -121.662809     5.758      369.5     -451.6      857.7      2.7      2.1      6.1 1984  5  7 16 34 13.860  1.30   1
    17834  37.294299 -121.670076     6.103     -274.9      618.2     1202.2      1.1      1.6      2.5 1984  5  8  6 55  3.840  1.17   1
    18466  37.285197 -121.662557     5.861      391.9     -392.0      960.3      2.7      1.7      3.6 1984  5 15  1 42 21.350  1.18   1
    18608  37.291549 -121.667350     6.197      -33.2      313.0     1296.2      3.5      3.0      5.7 1984  5 16 17  9 28.700  2.32   1
    18708  37.289539 -121.666724     5.756       22.4       89.9      856.2      5.8      3.8      8.1 1984  5 17  8 43  3.370  3.32   1
    18857  37.285278 -121.662606     5.882      387.5     -382.9      981.4      2.6      1.9      3.4 1984  5 19  4 20 31.710  0.74   1
    19686  37.290413 -121.669238     4.348     -200.6      187.0     -552.1      1.8      1.8      8.7 1984  5 29 23 53  6.840  0.99   1
    19720  37.289868 -121.665747     6.158      109.0      126.4     1257.4      4.7      4.7      8.7 1984  5 30 12 38 10.840  3.00   1
    19745  37.291121 -121.667008     6.196       -2.9      265.5     1295.9      3.1      3.4      7.5 1984  5 30 17  5  4.160  0.80   1
    19776  37.286959 -121.665674     4.450      115.5     -196.4     -450.4      1.4      1.6      9.1 1984  5 31  1 43 34.410  1.22   1
    19860  37.289685 -121.666756     5.763       19.5      106.1      862.6      2.7      1.6      4.4 1984  6  1  3 27 26.880  1.58   1
    19888  37.294299 -121.670052     6.102     -272.8      618.2     1201.5      1.2      1.3      2.4 1984  6  1  9  7  7.310  1.08   1
    19992  37.286442 -121.664168     5.733      249.0     -253.8      832.9      2.3      1.7      4.6 1984  6  2 17 32  6.480  2.92   1
    20113  37.284660 -121.662809     5.748      369.5     -451.6      847.2      2.5      2.2      6.0 1984  6  4 16 23 29.800  1.15   1
    20328  37.292342 -121.667993     6.226      -90.2      401.0     1326.0      3.0      3.4      7.1 1984  6  5 23 51 14.920  0.93   1
    20622  37.287223 -121.665177     5.689      159.5     -167.1      788.6      2.4      2.0      5.3 1984  6 11  4 58 46.580  1.48   1
    20978  37.286137 -121.663192     5.808      335.6     -287.7      907.3      3.0      2.0      4.8 1984  6 16  3 50 27.150  3.13   1
    21561  37.287508 -121.664095     6.180      255.5     -135.5     1280.0     10.7      3.4     16.3 1984  6 26  7 13 18.280  0.80   1
    21644  37.290731 -121.670435     3.783     -306.7      222.2    -1117.6      1.9      2.2      4.0 1984  6 27 14 50 38.140  1.59   1
    22144  37.286186 -121.665112     4.461      165.3     -282.2     -439.8      1.3      1.5      8.9 1984  7  5 12 49 57.720  1.28   1
    22165  37.288590 -121.667586     4.170      -54.1      -15.4     -730.3      2.6      2.2      9.1 1984  7  5 17  6 28.740  0.96   1
    22271  37.290959 -121.670728     3.730     -332.7      247.5    -1170.8      2.6      2.3      5.9 1984  7  7  0 17  9.970  2.67   1
    22280  37.288582 -121.668872     3.713     -168.1      -16.3    -1187.0      1.7      1.5      3.8 1984  7  7  2 35  4.060  1.53   1
    23190  37.289608 -121.669637     3.737     -236.0       97.5    -1163.6      1.2      1.3      2.7 1984  7 17 16 24 49.440  1.85   1
    23195  37.287638 -121.665470     5.700      133.5     -121.0      799.6      2.5      1.8      5.8 1984  7 17 17 53  4.200  2.33   1
    24519  37.289018 -121.669808     3.544     -251.1       32.1    -1355.9      2.8      2.4      5.2 1984  7 30 14 16 49.060  2.31   1
    24674  37.289677 -121.666781     5.764       17.3      105.2      863.4      2.7      1.8      4.3 1984  8  1 12 29 16.890  1.64   1
    25096  37.290039 -121.670426     3.634     -306.0      145.4    -1266.8      2.2      1.5      3.3 1984  8  7  9  7  6.330  1.17   1
    25305  37.290361 -121.669295     4.330     -205.7      181.1     -570.3      1.7      1.9      8.8 1984  8 10  7  4  4.200  0.95   1
    25937  37.285177 -121.662606     5.866      387.5     -394.2      965.6      2.6      1.8      3.3 1984  8 19 20 27 32.960  0.69   1
    26238  37.290491 -121.669442     4.372     -218.7      195.5     -528.4      1.6      1.6      8.2 1984  8 25  0 19 18.360  0.72   1
    27421  37.285470 -121.662769     5.872      373.1     -361.7      972.0      2.7      2.2      3.8 1984  9  6 16 33 41.640  1.41   1
    27683  37.285856 -121.663900     5.708      272.8     -318.8      808.2      2.3      1.4      4.4 1984  9 10 16 24 47.130  2.39   1
    27684  37.285815 -121.663745     5.737      286.5     -323.3      836.4      2.5      1.7      4.5 1984  9 10 16 33 36.940  1.79   1
    27721  37.285221 -121.662606     5.873      387.5     -389.3      972.9      2.6      1.8      3.4 1984  9 11  8 13 54.330  0.83   1
    27722  37.287992 -121.665649     5.726      117.6      -81.7      825.4      2.0      1.7      5.2 1984  9 11  9 29 23.690  1.78   1
    27724  37.289844 -121.665918     6.180       93.8      123.7     1279.6      2.4      2.6      5.5 1984  9 11 10 26  8.190  1.55   1
    28475  37.291585 -121.671183     3.857     -373.1      317.0    -1042.9      1.8      3.5      4.6 1984  9 23  8 43 14.720  1.07   1
    29752  37.285409 -121.666805     3.481       15.2     -368.5    -1419.0      1.9      1.9      4.3 1984 10 10  7 11 54.160  1.90   1
    29901  37.291459 -121.667253     6.204      -24.5      303.0     1304.2      3.0      2.8      5.9 1984 10 12  7 13 23.200  1.21   1
    30009  37.291134 -121.668115     5.729     -101.0      266.9      829.2      2.9      2.6      5.3 1984 10 13 17 32 47.840  1.83   1
    30159  37.290356 -121.669295     4.360     -205.7      180.6     -540.7      2.4      3.1     10.2 1984 10 17 11 39  4.900  0.89   1
    30929  37.290938 -121.668066     5.696      -96.7      245.2      796.0      3.3      2.9      6.0 1984 10 30  2 49 48.600  1.41   1
    31031  37.286340 -121.664054     5.731      259.1     -265.1      830.4      2.4      1.7      4.6 1984 10 31  3  5 11.660  2.89   1
    31037  37.285152 -121.662630     5.855      385.4     -396.9      954.6      2.6      1.8      3.5 1984 10 31 15 28 48.300  0.79   1
    31068  37.284827 -121.662345     5.853      410.6     -433.1      953.2      2.6      1.8      3.6 1984 11  1  5 22 45.950  0.79   1
    31844  37.286198 -121.665096     4.464      166.7     -280.9     -436.8      1.4      1.1      8.9 1984 11 13 11 59  9.360  1.31   1
    32049  37.288924 -121.669100     3.717     -188.3       21.7    -1183.4      1.5      1.4      3.3 1984 11 18  0 28 55.240  1.69   1
    32676  37.285726 -121.662964     5.795      355.8     -333.3      894.8      2.6      1.6      4.2 1984 11 28 11 54 37.810  2.94   1
    35929  37.287317 -121.665218     5.691      155.9     -156.7      790.5      2.0      1.8      5.0 1984 12  1  8  9 13.540  1.74   1
    33786  37.286971 -121.665682     4.457      114.7     -195.1     -443.6      1.6      1.7      9.0 1984 12 10  7 45 41.770  1.43   1
    34527  37.289705 -121.666764     5.760       18.8      108.4      859.4      2.7      1.7      4.3 1984 12 15 10 28 17.680  1.61   1
    34841  37.284721 -121.662882     5.733      363.0     -444.8      833.0      2.5      2.0      5.6 1984 12 19  8 29 34.630  1.35   1
    35109  37.290731 -121.670426     3.778     -306.0      222.2    -1122.4      1.6      2.2      4.3 1984 12 22  4 43 44.710  1.60   1
    38148  37.287048 -121.667546     3.705      -50.5     -186.5    -1195.2      4.0      3.1      5.4 1985  1 19 11 56 37.340  2.49   1
    39944  37.291492 -121.668441     5.725     -129.9      306.6      824.3      3.2      2.0      6.1 1985  2  5 11 42 49.820  2.05   1
    40913  37.289111 -121.665291     6.172      149.4       42.4     1272.2      2.1      2.0      5.0 1985  2 13 23 52 25.080  1.70   1
    41574  37.290426 -121.669271     4.345     -203.5      188.3     -555.0      1.9      1.6      8.8 1985  2 16 20 53  7.160  1.20   1
    42349  37.288993 -121.668970     3.784     -176.8       29.4    -1116.2      1.1      1.5      3.1 1985  2 28  1  9 58.300  0.84   1
    42555  37.288892 -121.668880     3.765     -168.9       18.1    -1135.5      1.3      1.4      2.9 1985  3  2  6 53 56.010  1.74   1
    42559  37.289612 -121.669621     3.772     -234.5       98.0    -1128.5      1.3      1.2      3.4 1985  3  2  8 55  3.470  1.91   1
    42643  37.289181 -121.669312     3.707     -207.1       50.1    -1193.8      1.3      1.3      3.1 1985  3  2  8 55 29.590  2.08   1
    42560  37.289978 -121.669938     3.696     -262.7      138.6    -1204.2      1.4      1.1      2.8 1985  3  2  8 58  0.480  1.22   1
    43546  37.289469 -121.666829     5.736       13.0       82.2      835.9      5.3      3.2      7.2 1985  3 12  4  3 59.980  3.24   1
    43580  37.289709 -121.666797     5.766       15.9      108.8      865.2      2.8      1.9      4.8 1985  3 12  4  4 51.800  2.04   1
    44335  37.286108 -121.664022     5.727      262.0     -290.8      826.3      2.4      1.5      4.4 1985  3 20  4 57 39.190  2.56   1
    44729  37.287158 -121.665153     5.713      161.6     -174.3      813.0      2.8      2.0      5.7 1985  3 26 11 50 46.600  1.26   1
    45835  37.287826 -121.664941     5.898      180.4     -100.3      997.4      6.2      4.5     11.8 1985  4 10 18 45 20.620  1.07   1
    46041  37.294295 -121.670044     6.097     -272.0      617.8     1196.9      1.1      1.3      2.4 1985  4 13 14  1 53.470  1.16   1
    47288  37.285498 -121.666862     3.467       10.1     -358.6    -1433.1      1.6      2.1      4.4 1985  5  5 16 50  5.800  0.94   1
    49151  37.285543 -121.666935     3.459        3.6     -353.6    -1441.0      1.8      2.0      4.7 1985  6  8  4 58 49.900  0.64   1
    49626  37.291541 -121.671094     3.799     -365.1      312.1    -1101.3      2.5      3.3      7.2 1985  6 15  1 38 57.380  0.94   1
    49633  37.286247 -121.665129     4.455      163.8     -275.5     -445.8      1.7      1.5      9.0 1985  6 16  5 24 54.700  1.29   1
    50591  37.287740 -121.668066     3.722      -96.7     -109.7    -1178.1      3.3      2.3      5.9 1985  7  4  3  6  5.160  1.06   1
    51288  37.285490 -121.666903     3.452        6.5     -359.5    -1448.3      2.2      2.1      4.7 1985  7 17 13 58 38.250  1.02   1
    51325  37.285783 -121.662907     5.854      360.8     -327.0      954.1      2.7      1.6      4.3 1985  7 17 23 39 58.840  1.89   1
    51378  37.285238 -121.662614     5.855      386.8     -387.5      954.5      2.6      1.7      3.3 1985  7 18 23 42  1.800  0.97   1
    51398  37.290393 -121.669295     4.331     -205.7      184.7     -569.0      1.7      1.7      8.9 1985  7 19  9 58 16.960  0.97   1
    52580  37.289718 -121.666838     5.761       12.3      109.7      860.9      2.7      1.6      4.5 1985  8  9 11 45  2.020  1.60   1
    54084  37.289648 -121.669637     3.727     -236.0      102.1    -1173.2      1.2      1.4      2.5 1985  8 28 20 35 10.100  1.58   1
    57271  37.293461 -121.672811     3.754     -517.4      525.2    -1146.6      2.7      2.3      6.2 1985 10 19 16 33 20.030  1.38   1
    57273  37.293213 -121.672689     3.729     -506.6      497.7    -1171.4      2.2      1.9      6.0 1985 10 19 17 35 48.940  1.66   1
    57770  37.290076 -121.670492     3.636     -311.7      149.5    -1263.9      2.3      1.7      3.2 1985 10 28  3 55 38.130  1.31   1
    58027  37.290922 -121.668042     5.717      -94.5      243.4      816.3      2.9      1.9      5.2 1985 10 31 23 53 38.440  1.96   1
    58028  37.291720 -121.668734     5.718     -155.9      331.9      817.5      3.3      2.7      5.9 1985 10 31 23 55 40.960  1.46   1
    58676  37.290214 -121.666252     6.176       64.2      164.8     1275.4      2.1      1.9      4.4 1985 11  9 23 12 11.080  1.88   1
    59070  37.286861 -121.664632     5.748      207.8     -207.3      847.3      2.2      2.3      5.4 1985 11 14  9 21  5.080  0.97   1
    61248  37.284729 -121.662874     5.746      363.7     -443.9      845.6      2.5      2.1      6.0 1985 12 12  7 33 37.950  1.16   1
    61462  37.288615 -121.667635     4.167      -58.5      -12.6     -733.5      2.4      2.2      9.1 1985 12 14 18 25 45.080  1.09   1
    61809  37.290405 -121.669287     4.337     -204.9      186.1     -563.2      1.8      1.8      8.7 1985 12 19  0  2 10.460  0.97   1
    62142  37.290426 -121.669385     4.332     -213.6      188.3     -568.4      2.1      2.0      8.9 1985 12 24 21 18 58.720  0.89   1
    62514  37.288936 -121.669141     3.695     -192.0       23.0    -1204.9      1.4      1.5      2.8 1985 12 31 15 50 52.230  1.74   1
    62520  37.288957 -121.668970     3.751     -176.8       25.3    -1148.9      1.5      1.4      2.8 1985 12 31 18  3  3.480  1.62   1
    65047  37.287036 -121.665706     4.447      112.6     -187.9     -453.8      1.6      1.5      9.0 1986  1 30  3 31 43.810  1.30   1
    65406  37.285254 -121.662590     5.880      389.0     -385.7      979.3      2.6      1.8      3.4 1986  2  2  8 26 42.650  1.18   1
    66346  37.285474 -121.666829     3.466       13.0     -361.3    -1434.5      2.0      1.9      4.0 1986  2 11 10 37 16.920  1.40   1
    66201  37.285543 -121.666821     3.473       13.7     -353.6    -1427.1      1.8      1.8      3.9 1986  2 11 11 50  0.620  1.50   1
    67820  37.290824 -121.670435     3.765     -306.7      232.6    -1135.4      2.1      2.2      4.8 1986  3  8 10 32  4.410  1.63   1
    67803  37.286247 -121.665120     4.466      164.5     -275.5     -434.1      1.7      1.6      8.9 1986  3  9 18 55 22.760  1.42   1
    70356  37.286833 -121.664714     5.751      200.6     -210.4      850.7      2.5      1.7      4.6 1986  4  4 10 16 40.970  3.19   1
    70373  37.287651 -121.665544     5.705      127.0     -119.7      804.5      3.7      3.3      5.2 1986  4  4 10 17 30.150  2.37   1
    70083  37.285246 -121.662622     5.866      386.1     -386.6      966.0      2.6      1.8      3.5 1986  4 12  7 13 35.460  1.00   1
    70826  37.294324 -121.670028     6.091     -270.6      620.9     1190.7      1.1      1.3      2.7 1986  4 21  8 46 14.270  0.99   1
    73536  37.291125 -121.668262     5.731     -114.0      266.0      831.0      2.9      2.4      4.9 1986  5 29  1 41 52.560  1.51   1
    73786  37.289172 -121.669743     3.418     -245.4       49.2    -1481.8      5.4      3.7      5.0 1986  6  1 10 51 31.460  1.21   1
    73850  37.289726 -121.666829     5.759       13.0      110.6      859.0      2.7      1.6      4.4 1986  6  2  5  8 18.340  1.52   1
    76654  37.286141 -121.663379     5.797      319.0     -287.2      896.8      2.6      1.6      4.2 1986  7 16 20 59  3.320  2.98   1
    76560  37.285177 -121.662638     5.847      384.6     -394.2      946.3      2.6      1.7      3.4 1986  7 17  4 26  2.170  0.83   1
    77218  37.289587 -121.669718     3.724     -243.2       95.3    -1176.1      1.3      1.3      2.7 1986  7 25  9 22 50.290  2.26   1
    77283  37.289168 -121.669409     3.716     -215.8       48.8    -1184.4      1.2      1.3      3.0 1986  7 25  9 23  5.480  2.35   1
    77296  37.289925 -121.670028     3.730     -270.6      132.8    -1170.6      1.8      1.5      3.1 1986  7 25 16  1 52.100  1.15   1
    81016  37.291842 -121.671297     3.766     -383.2      345.5    -1133.9      2.0      3.2      5.0 1986  9  2  7 22  7.550  0.52   1
    81017  37.291618 -121.671126     3.768     -368.0      320.6    -1131.9      1.7      3.1      4.8 1986  9  2  7 24 15.870  0.83   1
    81735  37.287952 -121.665641     5.726      118.3      -86.3      825.7      2.2      1.8      5.2 1986  9  8 23  4 33.440  1.55   1
    82606  37.291007 -121.670858     3.758     -344.2      252.9    -1142.4      2.3      2.3      5.1 1986  9 15 20 17 49.920  2.67   1
    83579  37.290462 -121.669425     4.299     -217.2      192.4     -601.4      1.7      1.7      8.9 1986  9 22 19 39 11.020  0.83   1
    83805  37.290841 -121.670532     3.777     -315.3      234.4    -1122.6      1.7      2.4      4.0 1986  9 25 12  1 52.830  1.36   1
    85194  37.286621 -121.667285     3.702      -27.4     -233.9    -1198.7      4.2      3.4      4.7 1986 10  9  2  6 22.720  2.95   1
    85669  37.285396 -121.666854     3.449       10.8     -369.9    -1451.3      1.7      1.6      3.9 1986 10 14 15 13 49.290  1.43   1
    87103  37.288546 -121.667562     4.142      -52.0      -20.3     -757.9      2.6      2.3      8.2 1986 11  3  8 20 28.780  0.94   1
    87964  37.284688 -121.662858     5.731      365.2     -448.4      830.5      2.5      2.2      6.0 1986 11 14 11 55 11.210  0.96   1
    88698  37.291597 -121.671102     3.770     -365.9      318.4    -1129.8      1.7      3.1      4.8 1986 11 25 13  0 35.660  1.01   1
    90036  37.290198 -121.669344     4.312     -210.0      163.0     -588.3      2.1      1.8      7.0 1986 12 12 17 46 44.360  0.64   1
    90485  37.290369 -121.669246     4.308     -201.3      182.0     -592.1      1.9      1.7      8.6 1986 12 18  2  5 30.480  1.09   1
    93248  37.289107 -121.669897     3.530     -259.1       42.0    -1370.1      4.2      3.5      6.7 1987  1 26 13 47 46.830  2.35   1
    95188  37.285197 -121.662516     5.858      395.5     -392.0      957.9      2.6      1.7      3.4 1987  2 21  7 40 45.210  1.18   1
    95317  37.285189 -121.662549     5.841      392.6     -392.9      940.6      2.6      1.7      3.4 1987  2 23 17  5  2.320  0.91   1
    97576  37.290466 -121.669450     4.313     -219.4      192.8     -587.1      2.3      2.0      9.8 1987  3 29 10  2  1.050  0.79   1
    98812  37.288554 -121.667611     4.114      -56.3      -19.4     -786.4      2.8      2.1      8.0 1987  4 17 16 13 47.300  1.18   1
   101361  37.289620 -121.669678     3.724     -239.6       98.9    -1176.8      1.2      1.2      2.7 1987  6  3  6 56  7.740  1.92   1
   101362  37.288912 -121.669173     3.708     -194.8       20.3    -1192.3      1.4      1.4      2.8 1987  6  3  6 58 51.320  1.74   1
   101659  37.287646 -121.665519     5.693      129.2     -120.1      792.3      2.3      1.9      5.5 1987  6  9  2  2 39.460  2.37   1
   102139  37.287528 -121.667977     3.624      -88.8     -133.2    -1276.7      3.6      2.9      7.7 1987  6 20 16 35 35.960  0.82   1
   102776  37.291581 -121.671118     3.760     -367.3      316.6    -1140.4      2.2      3.1      5.3 1987  7  7  1 44 26.990  1.01   1
   103138  37.289225 -121.669450     3.716     -219.4       55.1    -1183.7      1.3      1.5      2.6 1987  7 14 19  2 57.020  1.72   1
   103702  37.289701 -121.666805     5.756       15.2      107.9      855.4      2.7      1.8      4.6 1987  7 28  7  4 28.800  1.51   1
   103833  37.291105 -121.668262     5.725     -114.0      263.7      825.2      2.8      2.3      5.2 1987  8  1  1 40 41.980  1.94   1
   105327  37.287390 -121.667847     3.721      -77.2     -148.6    -1178.8      3.5      2.6      5.7 1987  9  4 10 31 17.310  1.74   1
   105800  37.289071 -121.666366     5.711       54.1       37.9      811.2      3.3      2.3      6.0 1987  9 14 23  7 17.840  0.83   1
   106343  37.290466 -121.669474     4.268     -221.5      192.8     -632.2      2.2      1.6      8.9 1987  9 27  7 19 34.920  0.75   1
   106370  37.290356 -121.669255     4.316     -202.1      180.6     -584.0      1.6      1.7      8.2 1987  9 27  8 23 11.780  0.96   1
   106462  37.288538 -121.667660     4.128      -60.6      -21.2     -772.2      2.5      2.1      8.0 1987  9 29  4 47  3.550  0.92   1
   107299  37.285527 -121.662858     5.903      365.2     -355.4     1002.7      2.8      1.8      4.9 1987 10 17  9 43 42.990  1.55   1
   107927  37.289461 -121.666927     5.745        4.3       81.3      844.6      4.8      3.2      6.8 1987 11  1 22 11 13.060  3.15   1
   107902  37.289722 -121.666886     5.757        7.9      110.2      856.6      2.7      1.6      4.4 1987 11  1 22 13 47.560  1.56   1
   107906  37.287960 -121.665625     5.725      119.8      -85.4      825.2      2.3      1.9      5.4 1987 11  2  3  6 28.290  1.52   1
   108512  37.285392 -121.666805     3.454       15.2     -370.3    -1445.8      1.6      1.6      4.2 1987 11 16 23 19  9.000  1.98   1
   109132  37.290316 -121.669295     4.307     -205.7      176.1     -593.6      2.1      1.7      8.9 1987 11 27  4  7 50.420  0.67   1
   110939  37.289994 -121.670353     3.560     -299.5      140.4    -1340.3      2.5      1.9      4.4 1988  1 15  1 56 42.310  1.39   1
   112178  37.285376 -121.662467     5.840      399.8     -372.1      940.1      2.7      1.8      3.6 1988  2 10 20 13  1.200  0.94   1
   112230  37.286080 -121.665120     4.416      164.5     -294.0     -484.7      2.0      2.2      9.2 1988  2 13  4 54 35.870  1.36   1
   112868  37.291622 -121.671126     3.770     -368.0      321.1    -1130.5      1.7      3.1      4.7 1988  2 25 10  0 17.780  0.92   1
   113569  37.291451 -121.667318     6.177      -30.3      302.1     1277.1      2.5      2.8      5.8 1988  3  9  2  8 11.840  1.40   1
   114006  37.285917 -121.663737     5.739      287.2     -312.1      838.5      2.4      1.4      4.6 1988  3 16 23 10  6.640  2.45   1
   115994  37.290942 -121.668058     5.709      -96.0      245.7      809.1      3.0      2.0      5.1 1988  4 21  4 42 14.550  1.94   1
   115996  37.291740 -121.668709     5.700     -153.7      334.2      800.1      3.3      2.7      5.8 1988  4 21  4 48 47.890  0.84   1
   116401  37.289095 -121.665332     6.162      145.8       40.6     1262.1      2.1      2.0      4.9 1988  4 29  7 29 57.200  1.68   1
   116406  37.289339 -121.665495     6.171      131.3       67.7     1270.6      1.9      1.7      4.7 1988  4 29  7 47 21.590  1.99   1
   117175  37.289705 -121.666805     5.743       15.2      108.4      842.7      2.7      1.7      4.5 1988  5 13 17 17 30.760  1.52   1
   119615  37.290100 -121.666170     6.165       71.4      152.2     1264.8      2.2      1.6      5.1 1988  6 27  4 18 37.320  2.52   1
   119610  37.290047 -121.666081     6.165       79.4      146.3     1265.1      1.8      2.1      5.1 1988  6 27  4 18 52.410  2.72   1
   119763  37.290405 -121.669238     4.296     -200.6      186.1     -603.5      2.0      1.6      8.8 1988  6 30 23 52 27.360  0.97   1
   119888  37.285238 -121.662565     5.845      391.1     -387.5      944.5      2.6      1.7      3.3 1988  7  5  5  2 33.820  0.83   1
   120788  37.290735 -121.670508     3.776     -313.2      222.6    -1124.3      1.6      2.2      4.3 1988  7 23 10 42 21.740  1.53   1
   120974  37.290491 -121.669385     4.286     -213.6      195.5     -614.8      2.1      2.0      9.0 1988  7 26 18  9 59.220  0.80   1
   126189  37.289571 -121.669727     3.732     -243.9       93.5    -1168.4      1.2      1.2      2.6 1988 11  2  3  9 12.610  1.93   1
   126292  37.288879 -121.669198     3.713     -197.0       16.7    -1187.0      1.3      1.4      2.8 1988 11  3  1 30  4.280  1.71   1
   126389  37.288908 -121.669059     3.782     -184.7       19.9    -1118.2      1.3      1.3      2.6 1988 11  4 13 34 34.720  1.87   1
   126560  37.284713 -121.662931     5.735      358.7     -445.7      834.7      2.6      2.1      6.2 1988 11  7 17 51 17.980  1.24   1
   126901  37.285539 -121.666911     3.498        5.8     -354.0    -1402.4      2.4      1.7      6.2 1988 11 12 18 11 57.680  1.07   1
   129454  37.286137 -121.662866     6.357      364.4     -287.7     1456.4     10.9      7.4     14.3 1988 12 30 23 53 29.880  1.74   1
   129428  37.286682 -121.662386     6.065      407.0     -227.2     1164.3     18.3     20.3     32.1 1988 12 30 23 54 24.000  4.30   1
   129887  37.290466 -121.669450     4.316     -219.4      192.8     -584.1      2.5      2.1      8.7 1989  1 13 10  9  6.070  0.94   1
   131766  37.289115 -121.665316     6.160      147.2       42.9     1260.1      2.1      2.0      5.1 1989  2 22 14 10 28.230  1.79   1
   132424  37.287150 -121.667733     3.698      -67.1     -175.2    -1202.2      4.0      3.2      4.7 1989  3  7 15  3 21.870  2.62   1
   132469  37.285575 -121.662744     5.854      375.3     -350.0      953.2      2.8      1.7      4.4 1989  3  8 14 47  1.080  1.40   1
   132715  37.285335 -121.662386     5.895      407.0     -376.6      994.7      2.6      1.7      3.5 1989  3 12  7 15 43.550  0.81   1
   139260  37.290446 -121.669189     4.398     -196.3      190.6     -502.3      1.7      1.6      8.5 1989  7  1  1 11 28.510  0.96   1
   140151  37.287272 -121.663810     6.187      280.7     -161.7     1286.3     10.0      4.3     11.9 1989  7 16 21 54  2.440  1.65   1
   140303  37.285531 -121.666732     3.664       21.6     -355.0    -1236.6      1.9      1.8      5.6 1989  7 19  8 51 59.540  1.28   1
   142196  37.288566 -121.667440     4.168      -41.1      -18.1     -732.5      3.1      2.9      8.6 1989  8 14  4  7  9.360  1.25   1
   144026  37.285229 -121.662549     5.892      392.6     -388.4      991.7      2.6      1.9      3.5 1989  9 14 10 35 38.140  0.87   1
   144648  37.287537 -121.665308     5.677      147.9     -132.3      776.4      2.8      2.1      5.7 1989  9 26 17  2  0.820  0.92   1
   144843  37.291105 -121.668188     5.735     -107.5      263.7      835.2      3.0      2.5      5.5 1989 10  1 18 21 45.920  1.78   1
   148939  37.289018 -121.669067     3.711     -185.5       32.1    -1189.8      1.3      1.4      3.4 1989 12 13  5 33 46.080  1.60   1
   149804  37.293209 -121.672542     3.720     -493.6      497.2    -1179.8      3.5      2.5      8.1 1989 12 30  6 19 29.350  1.59   1
   150901  37.287048 -121.665649     4.447      117.6     -186.5     -453.0      1.7      2.0      9.2 1990  1 19  9 24  8.400  1.24   1
   151583  37.285490 -121.666724     3.492       22.4     -359.5    -1408.1      1.4      1.4      4.1 1990  1 31  5  8 47.310  1.38   1
   153849  37.285404 -121.662614     5.878      386.8     -369.0      977.6      2.6      1.9      3.4 1990  3  6 23  9 12.960  0.83   1
   154124  37.287736 -121.665373     5.682      142.2     -110.2      781.7      2.5      2.1      5.3 1990  3 11 11 52 34.830  2.34   1
   155780  37.285465 -121.666650     3.483       28.9     -362.2    -1417.3      1.4      1.2      3.8 1990  4 11  5 35 19.420  1.33   1
   157462  37.286426 -121.664046     5.761      259.8     -255.6      860.5      2.4      1.6      4.4 1990  5 10 16 43 48.520  3.18   1
   157486  37.284745 -121.662590     5.702      389.0     -442.1      801.5      2.5      2.3      6.4 1990  5 11 22 59 22.960  0.97   1
   157494  37.290352 -121.668962     4.288     -176.1      180.2     -612.1      2.3      1.6      8.8 1990  5 12  2 57 13.600  0.81   1
   157758  37.289783 -121.666732     5.776       21.6      117.0      875.6      2.9      1.9      5.2 1990  5 16  4 10 37.430  1.59   1
   158154  37.291610 -121.671029     3.834     -359.4      319.7    -1065.8      2.0      3.0      4.6 1990  5 23 11 11 37.580  1.03   1
   158290  37.291866 -121.671273     3.849     -381.0      348.2    -1051.4      2.1      3.3      4.8 1990  5 23 16 30 36.550  0.82   1
 20091514  37.285966 -121.663184     5.870      336.3     -306.6      969.4      2.8      1.8      4.3 1990  6 11  1 38 14.370  3.10   1
   159156  37.287976 -121.664941     5.953      180.4      -83.5     1052.6      6.4      5.2     12.2 1990  6 11  2 45 19.820  1.25   1
   160503  37.289673 -121.669572     3.815     -230.2      104.8    -1085.3      1.4      1.5      3.7 1990  7  5 20  4 42.800  1.71   1
   161358  37.290483 -121.669027     4.362     -181.8      194.6     -538.4      3.0      1.7      9.8 1990  7 20  5 51 45.700  0.96   1
 20092038  37.292265 -121.667554     5.970      -51.2      392.4     1069.2     16.0     14.8     25.5 1990  8 17  2 26 16.740  3.68   1
   163527  37.291170 -121.666951     6.246        2.2      271.0     1345.9      3.2      3.1      7.3 1990  9  1 17 25 25.320  0.96   1
   165437  37.290417 -121.667521     5.704      -48.3      187.4      803.9      2.9      2.5      5.3 1990 10 17  6 15 15.710  1.80   1
   204801  37.290535 -121.669165     4.393     -194.1      200.5     -506.8      3.0      2.1     10.0 1991  1 15 17 29 20.200  0.94   1
   205031  37.290084 -121.670304     3.592     -295.1      150.4    -1308.2      2.7      2.0      4.4 1991  1 20  5  0 30.930  1.17   1
   205737  37.287606 -121.667822     3.689      -75.1     -124.6    -1211.6      4.4      4.0     10.7 1991  2  2  5 39  6.910  0.83   1
   206508  37.287740 -121.667961     3.722      -87.3     -109.7    -1177.2      3.1      2.5      6.1 1991  2 13 19 31  5.060  1.22   1
   207043  37.289050 -121.669759     3.523     -246.8       35.7    -1376.9      2.8      2.4      5.1 1991  2 22 15 51 34.750  2.28   1
   208364  37.291589 -121.671053     3.828     -361.5      317.5    -1072.5      1.7      3.2      4.4 1991  3 22 11 23 27.560  1.05   1
   208389  37.291854 -121.671200     3.833     -374.5      346.8    -1067.7      1.7      3.3      4.7 1991  3 22 11 34  4.350  0.81   1
   211885  37.285258 -121.662443     5.889      402.0     -385.2      989.0      2.6      1.7      3.4 1991  5  4  6 30 12.620  0.94   1
   212119  37.285242 -121.662476     5.895      399.1     -387.0      994.5      2.6      1.7      3.3 1991  5  9  0 14 24.910  1.22   1
   215747  37.289006 -121.669043     3.700     -183.3       30.7    -1200.2      1.3      1.4      2.9 1991  5 29  9 45 22.620  1.83   1
   220702  37.284676 -121.662573     5.677      390.4     -449.8      776.4      2.5      2.1      6.3 1991  6 22 16 36 38.560  1.21   1
   227435  37.290072 -121.670296     3.577     -294.4      149.0    -1323.5      2.7      1.8      3.4 1991  8 10 17  6  5.760  1.23   1
   227542  37.285380 -121.666740     3.445       20.9     -371.7    -1454.9      2.0      2.1      4.0 1991  8 12  9 56  3.630  1.43   1
   228484  37.287638 -121.665381     5.673      141.4     -121.0      772.5      2.4      2.3      6.1 1991  8 21 17  7 40.400  2.27   1
   229053  37.290845 -121.667936     5.707      -85.2      234.8      806.8      3.1      2.3      6.1 1991  8 28 14  4 22.080  2.05   1
   229871  37.290588 -121.669035     4.406     -182.6      206.4     -494.7      2.6      2.2      9.1 1991  9  6 16 39 27.620  0.93   1
   234881  37.285429 -121.666748     3.455       20.2     -366.2    -1445.8      2.2      2.2      4.0 1991 10 22 17  4 17.460  1.46   1
   238704  37.289669 -121.669629     3.718     -235.3      104.3    -1182.2      1.6      1.5      3.2 1991 12  3  5 24 24.980  2.01   1
   238790  37.289233 -121.669303     3.708     -206.4       56.0    -1192.4      1.3      1.4      2.9 1991 12  4  0  8 49.550  1.89   1
   238816  37.285583 -121.662703     5.913      378.9     -349.1     1012.9      2.6      1.7      3.4 1991 12  4 13 45 39.520  0.99   1
   241590  37.288375 -121.665812     5.694      103.2      -39.3      794.2      2.4      2.2      5.5 1991 12 23 12 33 19.250  1.22   1
   249781  37.289771 -121.666740     5.776       20.9      115.6      875.4      3.0      2.2      5.6 1992  2 10 12 31  5.020  1.61   1
   253921  37.285417 -121.666707     3.427       23.8     -367.6    -1473.3      1.7      1.7      3.7 1992  3  4 13 13  6.220  1.23   1
   261841  37.291536 -121.671037     3.835     -360.1      311.6    -1065.6      2.0      3.2      4.8 1992  4  6  9 39 49.410  0.92   1
   292015  37.286686 -121.667301     3.735      -28.9     -226.7    -1165.5      4.1      3.3      4.5 1992  6  9 12 59 24.230  2.86   1
   303099  37.286251 -121.664982     4.551      176.8     -275.0     -348.8      1.5      1.7      8.3 1992  7  7  2 47 24.660  1.35   1
   304374  37.285539 -121.666764     3.464       18.8     -354.0    -1436.3      1.8      1.7      4.2 1992  7 17  9 51 49.510  1.02   1
   312743  37.290828 -121.670492     3.815     -311.7      233.0    -1085.6      1.9      2.5      5.7 1992  8 29 17  4 29.020  1.64   1
   314921  37.288949 -121.668937     3.822     -173.9       24.4    -1078.1      1.4      1.5      3.3 1992  9 11  1 22 13.650  1.06   1
   322432  37.287052 -121.665658     4.446      116.9     -186.1     -454.5      2.1      1.8      9.2 1992 11  5 12 35  5.470  1.26   1
   327300  37.291528 -121.668506     5.723     -135.7      310.7      822.7      3.0      2.5      5.8 1992 11 29  5  3  2.720  1.73   1
   330647  37.290495 -121.669157     4.419     -193.4      196.0     -481.7      1.4      1.6      8.3 1993  1  2 11 32 10.020  1.10   1
   331552  37.291573 -121.671086     3.839     -364.4      315.7    -1061.0      1.7      3.3      4.7 1993  1  9 17 48 38.720  1.01   1
   331635  37.291325 -121.671045     3.794     -360.8      288.1    -1106.5      2.2      3.1      5.2 1993  1 10 22 13  9.440  1.20   1
   339439  37.285282 -121.662524     5.908      394.7     -382.5     1008.0      2.6      1.7      3.2 1993  3  7  1 47 38.410  1.22   1
   339511  37.285323 -121.662614     5.901      386.8     -378.0     1001.0      2.6      1.8      3.3 1993  3  8  9 25 39.610  1.01   1
   352620  37.289290 -121.669149     3.739     -192.7       62.3    -1161.5      1.3      1.7      4.7 1993  6  8  9 15  1.380  0.83   1
 30036393  37.291606 -121.671094     3.855     -365.1      319.3    -1045.3      1.8      3.1      5.6 1993 12  1  0 25 49.530  0.98   1
   389286  37.288871 -121.669076     3.728     -186.2       15.8    -1172.4      1.6      1.6      3.0 1993 12 20 22 35  7.800  1.77   1
   391772  37.290352 -121.669157     4.282     -193.4      180.2     -617.9      1.7      1.8      8.9 1994  1 19  7 46 39.590  0.96   1
   391983  37.290385 -121.669222     4.432     -199.2      183.8     -468.5      1.7      1.9      8.5 1994  1 20  7 20 41.680  0.90   1
   399980  37.290080 -121.670256     3.576     -290.8      149.9    -1323.9      2.5      1.7      4.7 1994  4  6  4 11 34.960  1.38   1
   400563  37.285421 -121.666683     3.475       26.0     -367.1    -1424.8      1.1      1.1      3.9 1994  4 16 13 10 52.340  2.00   1
   401879  37.289787 -121.666724     5.797       22.4      117.4      897.1      2.9      1.8      5.5 1994  5  8 23  4 53.240  1.61   1
 30049085  37.288009 -121.665470     5.739      133.5      -79.9      838.3      2.5      1.6      5.7 1994  5 13 11 15 14.850  1.56   1
 30051942  37.290987 -121.667985     5.729      -89.5      250.6      829.0      2.9      2.3      5.7 1994  6 30 14 25 51.030  1.83   1
 30051943  37.291797 -121.668628     5.754     -146.5      340.5      854.2      3.2      2.6      6.5 1994  6 30 14 29 15.060  1.38   1
 30054274  37.293429 -121.672673     3.817     -505.1      521.6    -1083.1      3.0      1.9      6.6 1994  8  4 17 19  8.160  1.37   1
 30057908  37.285738 -121.663623     5.749      297.3     -331.9      848.3      2.4      1.3      4.6 1994  9 17 17 57  1.520  2.38   1
 30058785  37.285885 -121.663892     5.732      273.5     -315.7      831.6      2.4      1.3      4.5 1994  9 25 23  4 28.000  2.36   1
 30062741  37.289661 -121.669564     3.754     -229.5      103.4    -1146.7      1.4      1.4      3.0 1994 11 16 16 50 58.150  2.01   1
 30062748  37.289954 -121.669751     3.668     -246.1      135.9    -1232.4      1.7      1.2      4.1 1994 11 16 18  3 42.360  1.27   1
 30069218  37.288985 -121.668766     3.828     -158.8       28.5    -1072.3      1.5      1.4      2.7 1995  3  3  9 38 49.200  1.20   1
 30069222  37.288932 -121.668840     3.776     -165.3       22.6    -1124.2      1.2      1.4      3.0 1995  3  3 12 30 15.850  1.75   1
 30069457  37.288757 -121.668815     3.716     -163.1        3.2    -1184.5      1.7      1.6      2.8 1995  3  7 13 19 41.960  1.26   1
 30071053  37.285856 -121.663078     5.789      345.7     -318.8      889.2      2.5      1.5      4.3 1995  4  5  7 55 21.350  2.80   1
 30072363  37.284696 -121.662590     5.731      389.0     -447.5      830.6      2.6      2.2      6.3 1995  4 26 17 54  9.660  1.14   1
 30073191  37.291618 -121.671004     3.870     -357.2      320.6    -1030.0      1.9      3.2      4.6 1995  5 14 11 18 47.000  1.02   1
 30074975  37.290560 -121.669108     4.483     -189.1      203.2     -417.0      1.7      2.0      8.0 1995  6 15 22 23  1.320  1.34   1
 30076454  37.290906 -121.670719     3.758     -331.9      241.6    -1142.1      2.3      2.2      5.2 1995  7  4 11 20 49.790  2.65   1
 30077970  37.288302 -121.665715     5.686      111.9      -47.4      785.6      2.6      2.1      6.1 1995  7 24  8 37 43.620  1.26   1
 30090632  37.287048 -121.667594     3.718      -54.8     -186.5    -1182.0      3.9      3.1      4.6 1995 11 25 19 22  6.180  2.56   1
 30091051  37.287305 -121.665161     5.701      160.9     -158.1      800.8      3.0      2.3      6.0 1995 12  2  1 12 15.750  1.40   1
 30092060  37.289046 -121.669149     3.710     -192.7       35.2    -1190.7      1.7      1.5      3.1 1995 12 15 18 53 39.820  1.82   1
 30107700  37.293518 -121.672575     3.790     -496.5      531.5    -1110.1      3.2      2.6      6.5 1996  5 30 18 47 12.480  1.35   1
   478138  37.289547 -121.669604     3.703     -233.1       90.8    -1197.1      1.3      1.4      3.5 1996  9  2 20 27  0.360  1.99   1
   478141  37.289872 -121.669808     3.629     -251.1      126.9    -1271.1      1.5      1.3      3.9 1996  9  2 20 36  3.960  1.38   1
   478159  37.288757 -121.668766     3.694     -158.8        3.2    -1206.0      1.2      1.5      3.1 1996  9  3  0  2  4.940  1.17   1
   482382  37.285152 -121.662427     5.908      403.4     -396.9     1008.0      2.6      1.7      3.2 1996 10 19  4 32 38.790  1.30   1
   483500  37.287671 -121.665470     5.667      133.5     -117.4      766.5      2.1      1.8      5.5 1996 11  2 12 22 52.340  2.29   1
   485145  37.285307 -121.666732     3.455       21.6     -379.8    -1445.6      1.7      1.6      3.9 1996 11 20 12 25 42.190  1.93   1
   502047  37.289933 -121.665983     6.189       88.0      133.7     1289.1      2.7      1.6      5.1 1997  4 20 17  8  1.560  1.79   1
   522670  37.286165 -121.664014     5.698      262.7     -284.5      797.3      2.3      1.9      4.7 1997  9 26 19 58  2.480  3.09   1
   523141  37.289681 -121.666715     5.769       23.1      105.7      868.4      2.9      2.3      5.6 1997  9 29  3  7 46.980  1.55   1
   529274  37.289001 -121.669189     3.689     -196.3       30.3    -1211.1      1.7      1.4      3.0 1997 10 28 12  1 44.750  1.61   1
