    16484  37.286112 -121.663289     5.802      326.9     -290.4      901.3     11.6     10.2     23.9 1984  4 24 21 20 23.480  3.57   1
    16527  37.286568 -121.664266     5.747      240.3     -239.8      846.7      7.4      7.0     20.1 1984  4 24 21 23 39.960  3.54   1
    17496  37.291252 -121.666764     6.247       18.8      280.0     1346.5     15.3     11.1     26.6 1984  4 25  0  4 49.440  1.23   1
    16521  37.286715 -121.667131     3.610      -13.7     -223.5    -1290.5     14.3     13.1     31.3 1984  4 25  4 16 53.440  3.00   1
    17842  37.288961 -121.668921     3.797     -172.5       25.7    -1102.9      5.6      5.7     14.6 1984  4 25  4 35 19.170  1.90   1
    16635  37.294348 -121.670044     6.091     -272.0      623.6     1190.3     12.9     13.0     30.5 1984  4 25  7 22 22.290  1.40   1
    16576  37.287398 -121.663444     6.135      313.2     -147.7     1234.6     19.1     14.4     25.3 1984  4 25 14  6 57.560  1.62   1
    17929  37.289673 -121.666789     5.802       16.6      104.8      901.6      8.0      7.2     17.9 1984  4 25 22 14 23.140  1.80   1
    16659  37.290035 -121.665763     6.239      107.5      145.0     1339.1     13.9     10.0     25.9 1984  4 26  8 54 51.420  1.52   1
    16701  37.291496 -121.667000     6.268       -2.2      307.1     1367.5     14.8     10.7     26.6 1984  4 26 17 22 44.280  1.57   1
    18075  37.288521 -121.667521     4.245      -48.3      -23.0     -654.9     15.2     12.8     34.3 1984  4 26 20 11 12.520  1.17   1
    16751  37.291398 -121.671029     3.803     -359.4      296.2    -1097.1      9.5      7.2     19.3 1984  4 27  7 48 23.500  0.97   1
    16766  37.287931 -121.665552     5.752      126.3      -88.5      852.1      8.6      7.3     17.0 1984  4 27 11  8  9.220  1.31   1
    16802  37.287423 -121.663436     6.127      313.9     -145.0     1227.0     20.1     14.2     27.5 1984  4 27 19  3 15.040  1.31   1
    16821  37.285177 -121.662622     5.943      386.1     -394.2     1042.3     14.6     10.5     25.2 1984  4 28  0  4 31.210  0.83   1
    16827  37.284875 -121.662345     5.941      410.6     -427.7     1040.3     14.5      8.2     24.3 1984  4 28  1 43 47.850  1.21   1
    16838  37.294340 -121.670003     6.104     -268.4      622.7     1203.4     11.7     12.8     27.6 1984  4 28  3 54 12.200  1.39   1
    16841  37.286194 -121.665234     4.502      154.4     -281.3     -398.1     16.2      6.9     41.7 1984  4 28  4 43 26.310  1.47   1
    19159  37.290617 -121.666195     6.213       69.3      209.5     1312.4     13.3      9.7     23.5 1984  4 28 16 12 43.750  2.09   1
    16885  37.289128 -121.665047     6.211      171.0       44.3     1310.4     13.0      9.3     23.9 1984  4 28 18 53 49.960  2.18   1
    16911  37.288257 -121.665861     5.751       98.9      -52.4      850.7     11.1      7.9     21.0 1984  4 29  2 29 16.340  1.27   1
    17074  37.289966 -121.665666     6.223      116.2      137.3     1322.5     13.4     10.0     24.9 1984  4 30 14 46  1.740  1.59   1
    17272  37.289705 -121.666781     5.796       17.3      108.4      895.9      8.5      6.6     17.5 1984  5  2  7 34 17.770  1.65   1
    17294  37.293225 -121.672632     3.762     -501.5      499.0    -1137.9      7.6     10.6     18.8 1984  5  2 14 32 55.730  1.70   1
    17356  37.285380 -121.666626     3.469       31.0     -371.7    -1431.8      8.9      6.9     18.3 1984  5  2 22 58 42.360  1.77   1
    17669  37.287402 -121.663428     6.138      314.6     -147.2     1237.9     20.3     14.2     28.2 1984  5  3 23 10 52.920  1.04   1
    17723  37.286161 -121.663281     5.812      327.6     -285.0      912.2      9.9      7.7     26.4 1984  5  4 18 42 58.080  3.05   1
    17526  37.287651 -121.665430     5.720      137.1     -119.7      819.6      8.7      7.0     15.2 1984  5  5  3 31 54.930  2.45   1
    17779  37.285933 -121.663778     5.731      283.6     -310.2      830.8      6.8      6.1     19.1 1984  5  7 14 27 20.420  2.85   1
    17794  37.284668 -121.662817     5.793      368.8     -450.7      893.0      9.6      8.2     18.4 1984  5  7 16 34 13.860  1.30   1
    17834  37.294336 -121.670011     6.100     -269.2      622.3     1199.7     12.2     12.8     28.1 1984  5  8  6 55  3.840  1.17   1
    18466  37.285181 -121.662614     5.935      386.8     -393.8     1035.2     14.3     10.3     25.0 1984  5 15  1 42 21.350  1.18   1
    18608  37.291687 -121.667236     6.239      -23.1      328.3     1338.7     12.6      9.0     22.2 1984  5 16 17  9 28.700  2.32   1
    18708  37.289563 -121.666650     5.749       28.9       92.6      849.7     10.4      8.3     21.5 1984  5 17  8 43  3.370  3.32   1
    18857  37.285262 -121.662687     5.960      380.3     -384.8     1060.0     15.2     10.5     27.1 1984  5 19  4 20 31.710  0.74   1
    19686  37.290312 -121.669206     4.367     -197.7      175.7     -533.0     12.3     13.3     36.4 1984  5 29 23 53  6.840  0.99   1
    19720  37.289962 -121.665682     6.139      114.7      136.8     1238.7     12.5      9.0     23.4 1984  5 30 12 38 10.840  3.00   1
    19745  37.291223 -121.666813     6.241       14.4      276.8     1341.1     19.4     15.0     32.8 1984  5 30 17  5  4.160  0.80   1
    19776  37.286971 -121.665812     4.488      103.2     -195.1     -412.4     16.3      8.1     41.1 1984  5 31  1 43 34.410  1.22   1
    19860  37.289685 -121.666805     5.794       15.2      106.1      893.7      7.7      6.7     18.6 1984  6  1  3 27 26.880  1.58   1
    19888  37.294332 -121.670003     6.094     -268.4      621.8     1193.9     13.7     13.6     33.7 1984  6  1  9  7  7.310  1.08   1
    19992  37.286450 -121.664160     5.730      249.7     -252.9      829.4      8.4      7.5     21.9 1984  6  2 17 32  6.480  2.92   1
    20113  37.284660 -121.662809     5.770      369.5     -451.6      869.5     10.6      8.8     19.7 1984  6  4 16 23 29.800  1.15   1
    20328  37.292456 -121.667814     6.269      -74.3      413.7     1368.6     20.7     15.3     35.8 1984  6  5 23 51 14.920  0.93   1
    20622  37.287187 -121.665177     5.703      159.5     -171.2      802.3      9.4      7.9     15.9 1984  6 11  4 58 46.580  1.48   1
    20978  37.286112 -121.663224     5.812      332.7     -290.4      912.1      9.2      8.4     22.2 1984  6 16  3 50 27.150  3.13   1
    21561  37.287508 -121.663599     6.178      299.5     -135.5     1278.1     16.2     11.5     25.9 1984  6 26  7 13 18.280  0.80   1
    21644  37.290780 -121.670467     3.808     -309.6      227.6    -1092.2      6.7      5.9     16.5 1984  6 27 14 50 38.140  1.59   1
    22144  37.286198 -121.665259     4.495      152.3     -280.9     -405.0     16.4      7.3     41.1 1984  7  5 12 49 57.720  1.28   1
    22165  37.288562 -121.667619     4.192      -57.0      -18.5     -707.9     13.1     14.2     24.1 1984  7  5 17  6 28.740  0.96   1
    22271  37.291007 -121.670760     3.725     -335.6      252.9    -1175.8      6.2      7.0     15.7 1984  7  7  0 17  9.970  2.67   1
    22280  37.288611 -121.668896     3.742     -170.3      -13.1    -1158.3      6.2      5.5     14.9 1984  7  7  2 35  4.060  1.53   1
    23190  37.289640 -121.669661     3.758     -238.1      101.2    -1142.1      6.4      5.8     15.4 1984  7 17 16 24 49.440  1.85   1
    23195  37.287642 -121.665527     5.718      128.5     -120.6      817.6      9.0      6.7     14.7 1984  7 17 17 53  4.200  2.33   1
    24519  37.289022 -121.669857     3.559     -255.5       32.5    -1341.2      6.8      6.2     16.7 1984  7 30 14 16 49.060  2.31   1
    24674  37.289669 -121.666821     5.792       13.7      104.3      892.0      9.4      7.4     18.0 1984  8  1 12 29 16.890  1.64   1
    25096  37.290076 -121.670459     3.663     -308.9      149.5    -1237.2      7.5      6.5     15.8 1984  8  7  9  7  6.330  1.17   1
    25305  37.290275 -121.669271     4.358     -203.5      171.6     -542.3     11.0     10.8     36.1 1984  8 10  7  4  4.200  0.95   1
    25937  37.285173 -121.662695     5.943      379.6     -394.7     1043.2     14.9     14.0     29.0 1984  8 19 20 27 32.960  0.69   1
    26238  37.290393 -121.669417     4.370     -216.5      184.7     -530.2     16.5     14.9     43.4 1984  8 25  0 19 18.360  0.72   1
    27421  37.285494 -121.662809     5.931      369.5     -359.0     1030.8     12.6      8.4     23.2 1984  9  6 16 33 41.640  1.41   1
    27683  37.285832 -121.663924     5.714      270.6     -321.5      813.8      8.2      6.4     16.7 1984  9 10 16 24 47.130  2.39   1
    27684  37.285795 -121.663770     5.755      284.3     -325.6      854.3      8.1      6.7     16.7 1984  9 10 16 33 36.940  1.79   1
    27721  37.285217 -121.662679     5.948      381.0     -389.7     1047.5     14.0      9.6     24.4 1984  9 11  8 13 54.330  0.83   1
    27722  37.287996 -121.665690     5.746      114.0      -81.3      845.6      8.6      7.0     16.2 1984  9 11  9 29 23.690  1.78   1
    27724  37.289933 -121.665690     6.217      114.0      133.7     1316.3     13.6     10.0     25.1 1984  9 11 10 26  8.190  1.55   1
    28475  37.291642 -121.671281     3.898     -381.7      323.3    -1002.7     15.8     16.9     44.7 1984  9 23  8 43 14.720  1.07   1
    29752  37.285380 -121.666691     3.462       25.3     -371.7    -1437.9      9.3      7.4     17.8 1984 10 10  7 11 54.160  1.90   1
    29901  37.291585 -121.667033     6.244       -5.1      317.0     1343.4     15.0     11.8     26.0 1984 10 12  7 13 23.200  1.21   1
    30009  37.291121 -121.668164     5.760     -105.4      265.5      859.6     12.8     11.6     18.6 1984 10 13 17 32 47.840  1.83   1
    30159  37.290259 -121.669263     4.360     -202.8      169.8     -540.0     11.5     11.4     39.3 1984 10 17 11 39  4.900  0.89   1
    30929  37.290955 -121.668107     5.724     -100.3      247.0      824.1      8.5      6.3     17.5 1984 10 30  2 49 48.600  1.41   1
    31031  37.286361 -121.664071     5.734      257.6     -262.8      833.3      9.9      9.5     23.8 1984 10 31  3  5 11.660  2.89   1
    31037  37.285124 -121.662712     5.929      378.1     -400.1     1028.8     14.0     10.8     26.2 1984 10 31 15 28 48.300  0.79   1
    31068  37.284802 -121.662419     5.923      404.1     -435.8     1022.3     15.0     11.3     26.1 1984 11  1  5 22 45.950  0.79   1
    31844  37.286210 -121.665226     4.504      155.2     -279.5     -396.8     16.3      7.6     41.2 1984 11 13 11 59  9.360  1.31   1
    32049  37.288944 -121.669084     3.745     -186.9       23.9    -1155.7      6.9      6.1     13.5 1984 11 18  0 28 55.240  1.69   1
    32676  37.285697 -121.662972     5.802      355.0     -336.4      902.0      9.2      7.8     20.4 1984 11 28 11 54 37.810  2.94   1
    35929  37.287305 -121.665218     5.709      155.9     -158.1      809.0      9.1      7.0     16.5 1984 12  1  8  9 13.540  1.74   1
    33786  37.286975 -121.665796     4.490      104.6     -194.6     -410.3     16.2      7.1     41.1 1984 12 10  7 45 41.770  1.43   1
    34527  37.289705 -121.666813     5.788       14.4      108.4      888.0      8.4      7.0     17.4 1984 12 15 10 28 17.680  1.61   1
    34841  37.284733 -121.662907     5.766      360.8     -443.5      865.7     11.0      8.3     17.6 1984 12 19  8 29 34.630  1.35   1
    35109  37.290784 -121.670459     3.793     -308.9      228.1    -1107.0      6.0      5.4     15.3 1984 12 22  4 43 44.710  1.60   1
    38148  37.287081 -121.667480     3.651      -44.7     -182.9    -1249.0     11.3      8.3     22.8 1985  1 19 11 56 37.340  2.49   1
    39944  37.291488 -121.668522     5.767     -137.1      306.2      866.8      8.8      6.9     18.6 1985  2  5 11 42 49.820  2.05   1
    40913  37.289193 -121.665072     6.204      168.9       51.5     1304.2     12.8      9.7     24.4 1985  2 13 23 52 25.080  1.70   1
    41574  37.290332 -121.669238     4.370     -200.6      177.9     -529.8     13.3     13.2     37.9 1985  2 16 20 53  7.160  1.20   1
    42349  37.288989 -121.668994     3.805     -179.0       28.9    -1095.3      7.6      6.2     17.5 1985  2 28  1  9 58.300  0.84   1
    42555  37.288916 -121.668864     3.787     -167.4       20.8    -1112.9      5.1      5.6     14.7 1985  3  2  6 53 56.010  1.74   1
    42559  37.289648 -121.669613     3.801     -233.8      102.1    -1099.0      5.7      5.0     14.7 1985  3  2  8 55  3.470  1.91   1
    42643  37.289205 -121.669312     3.735     -207.1       52.8    -1165.5      7.1      5.8     13.1 1985  3  2  8 55 29.590  2.08   1
    42560  37.290023 -121.669954     3.717     -264.1      143.6    -1183.3      8.2      8.1     14.9 1985  3  2  8 58  0.480  1.22   1
    43546  37.289412 -121.666732     5.712       21.6       75.9      811.5     10.3      8.2     22.4 1985  3 12  4  3 59.980  3.24   1
    43580  37.289718 -121.666862     5.798       10.1      109.7      897.3      8.2      7.2     18.5 1985  3 12  4  4 51.800  2.04   1
    44335  37.286088 -121.664014     5.727      262.7     -293.1      826.6      7.9      6.1     17.3 1985  3 20  4 57 39.190  2.56   1
    44729  37.287150 -121.665145     5.732      162.4     -175.2      832.1     10.7      8.5     17.4 1985  3 26 11 50 46.600  1.26   1
    45835  37.287862 -121.665015     5.892      173.9      -96.2      991.2     10.1     12.8     19.2 1985  4 10 18 45 20.620  1.07   1
    46041  37.294336 -121.669995     6.089     -267.7      622.3     1188.2     14.1     13.7     35.7 1985  4 13 14  1 53.470  1.16   1
    47288  37.285437 -121.666756     3.435       19.5     -365.3    -1465.8     13.3     16.5     37.0 1985  5  5 16 50  5.800  0.94   1
    49151  37.285510 -121.666813     3.417       14.4     -357.2    -1482.9     10.2      9.4     19.2 1985  6  8  4 58 49.900  0.64   1
    49626  37.291610 -121.671216     3.881     -376.0      319.7    -1019.0      9.9      9.5     23.8 1985  6 15  1 38 57.380  0.94   1
    49633  37.286255 -121.665283     4.504      150.1     -274.6     -395.8     16.6      7.8     41.4 1985  6 16  5 24 54.700  1.29   1
    50591  37.287785 -121.667993     3.729      -90.2     -104.8    -1171.2     10.6      5.9     19.0 1985  7  4  3  6  5.160  1.06   1
    51288  37.285465 -121.666781     3.423       17.3     -362.2    -1477.4     11.4     14.5     28.2 1985  7 17 13 58 38.250  1.02   1
    51325  37.285771 -121.662891     5.889      362.3     -328.3      988.9      9.9      8.5     18.7 1985  7 17 23 39 58.840  1.89   1
    51378  37.285201 -121.662679     5.921      381.0     -391.5     1020.9     14.5     10.4     25.5 1985  7 18 23 42  1.800  0.97   1
    51398  37.290299 -121.669279     4.347     -204.2      174.3     -553.1     10.4     12.5     36.6 1985  7 19  9 58 16.960  0.97   1
    52580  37.289709 -121.666886     5.790        7.9      108.8      889.3      8.4      6.4     18.1 1985  8  9 11 45  2.020  1.60   1
    54084  37.289685 -121.669653     3.745     -237.4      106.1    -1155.5      5.2      6.2     13.9 1985  8 28 20 35 10.100  1.58   1
    57271  37.293498 -121.672917     3.787     -526.8      529.3    -1113.3      7.4      8.3     22.7 1985 10 19 16 33 20.030  1.38   1
    57273  37.293250 -121.672778     3.762     -514.5      501.7    -1137.9      6.5      7.9     18.1 1985 10 19 17 35 48.940  1.66   1
    57770  37.290112 -121.670549     3.666     -316.8      153.5    -1234.8      8.5      6.9     16.5 1985 10 28  3 55 38.130  1.31   1
    58027  37.290934 -121.668083     5.748      -98.1      244.8      848.1      8.1      6.3     17.6 1985 10 31 23 53 38.440  1.96   1
    58028  37.291764 -121.668815     5.762     -163.1      336.9      861.5      9.0      7.3     17.8 1985 10 31 23 55 40.960  1.46   1
    58676  37.290271 -121.666007     6.199       85.9      171.2     1299.1     12.7      9.1     23.6 1985 11  9 23 12 11.080  1.88   1
    59070  37.286886 -121.664640     5.774      207.1     -204.6      874.1      9.9      8.7     18.0 1985 11 14  9 21  5.080  0.97   1
    61248  37.284737 -121.662891     5.773      362.3     -443.0      873.1     10.8      8.3     17.5 1985 12 12  7 33 37.950  1.16   1
    61462  37.288586 -121.667676     4.190      -62.1      -15.8     -709.9     13.4     12.9     21.9 1985 12 14 18 25 45.080  1.09   1
    61809  37.290299 -121.669263     4.349     -202.8      174.3     -551.3     11.1     11.2     37.1 1985 12 19  0  2 10.460  0.97   1
    62142  37.290320 -121.669377     4.353     -212.9      176.6     -547.3     11.7     11.1     37.7 1985 12 24 21 18 58.720  0.89   1
    62514  37.288953 -121.669141     3.716     -192.0       24.8    -1184.5      4.8      5.2     13.6 1985 12 31 15 50 52.230  1.74   1
    62520  37.288981 -121.668953     3.773     -175.4       28.0    -1127.1      4.8      5.0     14.4 1985 12 31 18  3  3.480  1.62   1
    65047  37.287065 -121.665837     4.498      101.0     -184.7     -402.3     16.6      7.7     41.4 1986  1 30  3 31 43.810  1.30   1
    65406  37.285250 -121.662663     5.950      382.5     -386.1     1050.2     15.5     10.6     25.8 1986  2  2  8 26 42.650  1.18   1
    66346  37.285465 -121.666683     3.437       26.0     -362.2    -1463.0      8.7      7.5     18.8 1986  2 11 10 37 16.920  1.40   1
    66201  37.285539 -121.666675     3.446       26.7     -354.0    -1453.8      8.4      7.3     17.9 1986  2 11 11 50  0.620  1.50   1
    67820  37.290894 -121.670467     3.795     -309.6      240.2    -1105.0      6.2      6.1     16.0 1986  3  8 10 32  4.410  1.63   1
    67803  37.286279 -121.665259     4.509      152.3     -271.9     -391.6     16.5      7.9     41.4 1986  3  9 18 55 22.760  1.42   1
    70356  37.286792 -121.664591     5.728      211.4     -215.0      828.0      8.1      7.1     21.0 1986  4  4 10 16 40.970  3.19   1
    70373  37.287642 -121.665527     5.727      128.5     -120.6      826.3     11.0      7.3     19.4 1986  4  4 10 17 30.150  2.37   1
    70083  37.285217 -121.662712     5.933      378.1     -389.7     1033.1     15.1     11.8     27.2 1986  4 12  7 13 35.460  1.00   1
    70826  37.294360 -121.669979     6.084     -266.3      625.0     1184.1     14.4     13.9     34.1 1986  4 21  8 46 14.270  0.99   1
    73536  37.291105 -121.668245     5.762     -112.6      263.7      861.9     13.8     11.5     18.1 1986  5 29  1 41 52.560  1.51   1
    73786  37.289233 -121.669889     3.454     -258.3       56.0    -1446.8     10.3      7.4     19.0 1986  6  1 10 51 31.460  1.21   1
    73850  37.289730 -121.666878     5.795        8.7      111.1      894.4      8.1      6.7     17.6 1986  6  2  5  8 18.340  1.52   1
    76654  37.286108 -121.663395     5.792      317.5     -290.8      891.7      7.8      7.3     20.7 1986  7 16 20 59  3.320  2.98   1
    76560  37.285120 -121.662712     5.916      378.1     -400.6     1016.0     15.9     15.5     31.1 1986  7 17  4 26  2.170  0.83   1
    77218  37.289608 -121.669735     3.746     -244.6       97.5    -1154.0      6.0      5.7     13.5 1986  7 25  9 22 50.290  2.26   1
    77283  37.289185 -121.669417     3.748     -216.5       50.6    -1152.1      5.6      5.2     12.9 1986  7 25  9 23  5.480  2.35   1
    77296  37.289958 -121.670028     3.769     -270.6      136.4    -1131.4     17.6     15.4     37.8 1986  7 25 16  1 52.100  1.15   1
    81016  37.291903 -121.671411     3.853     -393.3      352.2    -1047.4     10.1      8.8     23.6 1986  9  2  7 22  7.550  0.52   1
    81017  37.291671 -121.671224     3.840     -376.7      326.5    -1060.5     10.3      7.8     26.9 1986  9  2  7 24 15.870  0.83   1
    81735  37.287944 -121.665674     5.757      115.5      -87.2      857.1      9.9      7.5     18.1 1986  9  8 23  4 33.440  1.55   1
    82606  37.291036 -121.670882     3.758     -346.4      256.1    -1142.1      7.2      7.6     19.9 1986  9 15 20 17 49.920  2.67   1
    83579  37.290369 -121.669360     4.214     -211.4      182.0     -686.3     12.9     11.1     27.4 1986  9 22 19 39 11.020  0.83   1
    83805  37.290898 -121.670589     3.804     -320.4      240.7    -1095.5      6.1      5.7     16.4 1986  9 25 12  1 52.830  1.36   1
    85194  37.286621 -121.667187     3.596      -18.8     -233.9    -1304.3     14.4     15.6     31.1 1986 10  9  2  6 22.720  2.95   1
    85669  37.285352 -121.666732     3.428       21.6     -374.8    -1471.8      8.9      7.4     18.1 1986 10 14 15 13 49.290  1.43   1
    87103  37.288497 -121.667562     4.156      -52.0      -25.7     -744.4     13.1     14.6     27.0 1986 11  3  8 20 28.780  0.94   1
    87964  37.284709 -121.662866     5.754      364.4     -446.2      853.6     10.0      8.5     17.7 1986 11 14 11 55 11.210  0.96   1
    88698  37.291671 -121.671224     3.853     -376.7      326.5    -1047.5     10.4      8.1     19.5 1986 11 25 13  0 35.660  1.01   1
    90036  37.290108 -121.669238     4.216     -200.6      153.1     -684.7     14.1     11.3     27.9 1986 12 12 17 46 44.360  0.64   1
    90485  37.290287 -121.669222     4.309     -199.2      173.0     -591.6     13.2     11.2     35.8 1986 12 18  2  5 30.480  1.09   1
    93248  37.289132 -121.669971     3.515     -265.6       44.7    -1385.1     14.4     13.3     24.2 1987  1 26 13 47 46.830  2.35   1
    95188  37.285177 -121.662581     5.924      389.7     -394.2     1024.1     13.9      8.8     26.1 1987  2 21  7 40 45.210  1.18   1
    95317  37.285152 -121.662638     5.915      384.6     -396.9     1014.7     18.2     16.2     32.5 1987  2 23 17  5  2.320  0.91   1
    97576  37.290377 -121.669434     4.325     -217.9      182.9     -575.5     12.2     14.6     41.8 1987  3 29 10  2  1.050  0.79   1
    98812  37.288525 -121.667603     4.130      -55.6      -22.6     -770.3     13.5     13.0     24.2 1987  4 17 16 13 47.300  1.18   1
   101361  37.289653 -121.669694     3.750     -241.0      102.5    -1150.5      7.6      6.4     13.8 1987  6  3  6 56  7.740  1.92   1
   101362  37.288940 -121.669165     3.728     -194.1       23.5    -1171.9      4.8      5.5     13.3 1987  6  3  6 58 51.320  1.74   1
   101659  37.287634 -121.665552     5.702      126.3     -121.5      801.5      8.8      6.4     14.8 1987  6  9  2  2 39.460  2.37   1
   102139  37.287553 -121.667847     3.608      -77.2     -130.5    -1292.5     13.7     13.9     31.5 1987  6 20 16 35 35.960  0.82   1
   102776  37.291622 -121.671224     3.832     -376.7      321.1    -1067.9      9.5      9.0     22.2 1987  7  7  1 44 26.990  1.01   1
   103138  37.289262 -121.669458     3.740     -220.1       59.2    -1159.5      5.5      5.8     12.9 1987  7 14 19  2 57.020  1.72   1
   103702  37.289705 -121.666862     5.787       10.1      108.4      886.8      8.9      6.9     18.5 1987  7 28  7  4 28.800  1.51   1
   103833  37.291105 -121.668294     5.754     -116.9      263.7      853.7     11.3     10.4     18.8 1987  8  1  1 40 41.980  1.94   1
   105327  37.287427 -121.667814     3.721      -74.3     -144.5    -1179.6      6.7      5.3      9.6 1987  9  4 10 31 17.310  1.74   1
   105800  37.289054 -121.666414     5.738       49.8       36.1      838.1      8.6      7.6     18.7 1987  9 14 23  7 17.840  0.83   1
   106343  37.290381 -121.669450     4.275     -219.4      183.3     -625.8     15.5     14.0     53.3 1987  9 27  7 19 34.920  0.75   1
   106370  37.290271 -121.669230     4.318     -199.9      171.2     -582.3     15.5     11.4     41.2 1987  9 27  8 23 11.780  0.96   1
   106462  37.288497 -121.667676     4.148      -62.1      -25.7     -752.6     12.8     11.0     31.4 1987  9 29  4 47  3.550  0.92   1
   107299  37.285514 -121.662891     5.938      362.3     -356.8     1037.9      9.9      7.3     20.7 1987 10 17  9 43 42.990  1.55   1
   107927  37.289396 -121.666976     5.733        0.0       74.1      832.3      9.1      7.0     18.7 1987 11  1 22 11 13.060  3.15   1
   107902  37.289730 -121.666951     5.789        2.2      111.1      888.7      7.7      6.6     18.2 1987 11  1 22 13 47.560  1.56   1
   107906  37.287964 -121.665666     5.748      116.2      -84.9      847.7      8.7      7.4     16.3 1987 11  2  3  6 28.290  1.52   1
   108512  37.285364 -121.666683     3.422       26.0     -373.5    -1477.8      9.7      7.5     17.6 1987 11 16 23 19  9.000  1.98   1
   109132  37.290218 -121.669263     4.308     -202.8      165.3     -592.1     15.8     13.4     44.0 1987 11 27  4  7 50.420  0.67   1
   110939  37.290027 -121.670386     3.596     -302.4      144.1    -1304.8      8.3      7.8     25.8 1988  1 15  1 56 42.310  1.39   1
   112178  37.285347 -121.662541     5.892      393.3     -375.3      991.9     21.9     17.7     35.2 1988  2 10 20 13  1.200  0.94   1
   112230  37.286129 -121.665226     4.459      155.2     -288.6     -441.3     16.0      7.2     41.2 1988  2 13  4 54 35.870  1.36   1
   112868  37.291691 -121.671240     3.847     -378.1      328.8    -1053.5     11.8      9.6     22.4 1988  2 25 10  0 17.780  0.92   1
   113569  37.291536 -121.667139     6.210      -14.4      311.6     1309.8     14.1     10.7     25.8 1988  3  9  2  8 11.840  1.40   1
   114006  37.285885 -121.663745     5.748      286.5     -315.7      847.4      8.9      6.6     16.4 1988  3 16 23 10  6.640  2.45   1
   115994  37.290934 -121.668091     5.746      -98.9      244.8      845.6      9.4      6.7     18.0 1988  4 21  4 42 14.550  1.94   1
   115996  37.291756 -121.668742     5.735     -156.6      336.0      834.7     10.2      7.8     17.5 1988  4 21  4 48 47.890  0.84   1
   116401  37.289132 -121.665096     6.200      166.7       44.7     1300.0     12.9      9.5     24.5 1988  4 29  7 29 57.200  1.68   1
   116406  37.289388 -121.665283     6.200      150.1       73.2     1300.1     12.8      9.6     23.8 1988  4 29  7 47 21.590  1.99   1
   117175  37.289701 -121.666870     5.773        9.4      107.9      872.9      7.7      7.2     19.6 1988  5 13 17 17 30.760  1.52   1
   119615  37.290141 -121.665951     6.191       90.9      156.7     1290.7     13.1      9.3     24.4 1988  6 27  4 18 37.320  2.52   1
   119610  37.290084 -121.665869     6.185       98.1      150.4     1285.1     13.1      9.0     24.6 1988  6 27  4 18 52.410  2.72   1
   119763  37.290316 -121.669206     4.300     -197.7      176.1     -598.8     11.3     11.0     37.7 1988  6 30 23 52 27.360  0.97   1
   119888  37.285197 -121.662638     5.917      384.6     -392.0     1017.1     15.0     10.9     26.3 1988  7  5  5  2 33.820  0.83   1
   120788  37.290776 -121.670524     3.795     -314.6      227.2    -1105.7      5.2      5.5     16.0 1988  7 23 10 42 21.740  1.53   1
   120974  37.290401 -121.669344     4.283     -210.0      185.6     -617.7     12.9     12.8     44.0 1988  7 26 18  9 59.220  0.80   1
   126189  37.289583 -121.669735     3.756     -244.6       94.8    -1143.8      4.9      5.1     14.0 1988 11  2  3  9 12.610  1.93   1
   126292  37.288892 -121.669198     3.733     -197.0       18.1    -1167.0      4.7      5.2     14.0 1988 11  3  1 30  4.280  1.71   1
   126389  37.288912 -121.669059     3.806     -184.7       20.3    -1094.3      5.1      4.9     15.2 1988 11  4 13 34 34.720  1.87   1
   126560  37.284721 -121.662948     5.758      357.2     -444.8      858.2     10.1      8.3     19.0 1988 11  7 17 51 17.980  1.24   1
   126901  37.285498 -121.666764     3.449       18.8     -358.6    -1451.2      9.1      8.2     18.6 1988 11 12 18 11 57.680  1.07   1
   129454  37.286096 -121.662516     6.369      395.5     -292.2     1469.2     13.5      9.7     22.2 1988 12 30 23 53 29.880  1.74   1
   129428  37.287699 -121.660897     6.014      539.1     -114.3     1113.8     47.8     35.0     67.1 1988 12 30 23 54 24.000  4.30   1
   129887  37.290381 -121.669417     4.314     -216.5      183.3     -586.7     11.7     11.6     35.7 1989  1 13 10  9  6.070  0.94   1
   131766  37.289160 -121.665096     6.193      166.7       47.9     1292.9     12.8      9.4     24.2 1989  2 22 14 10 28.230  1.79   1
   132424  37.287170 -121.667700     3.645      -64.2     -173.0    -1254.9     11.4      8.7     23.5 1989  3  7 15  3 21.870  2.62   1
   132469  37.285600 -121.662777     5.885      372.4     -347.3      984.5     10.9      7.6     21.4 1989  3  8 14 47  1.080  1.40   1
   132715  37.285339 -121.662467     5.973      399.8     -376.2     1072.6     14.0      7.5     35.0 1989  3 12  7 15 43.550  0.81   1
   139260  37.290312 -121.669092     4.347     -187.6      175.7     -553.6     10.6     10.5     34.7 1989  7  1  1 11 28.510  0.96   1
   140151  37.287325 -121.663314     6.192      324.7     -155.8     1291.6     12.8      9.2     23.4 1989  7 16 21 54  2.440  1.65   1
   140303  37.285490 -121.666610     3.610       32.5     -359.5    -1290.0      8.7      7.4     25.3 1989  7 19  8 51 59.540  1.28   1
   142196  37.288538 -121.667521     4.209      -48.3      -21.2     -691.0     13.4      9.9     21.8 1989  8 14  4  7  9.360  1.25   1
   144026  37.285197 -121.662581     5.944      389.7     -392.0     1044.0     13.9      9.7     24.5 1989  9 14 10 35 38.140  0.87   1
   144648  37.287516 -121.665308     5.698      147.9     -134.6      797.4      9.5      9.8     25.9 1989  9 26 17  2  0.820  0.92   1
   144843  37.291105 -121.668294     5.747     -116.9      263.7      846.5     11.2      8.7     18.3 1989 10  1 18 21 45.920  1.78   1
   148939  37.289022 -121.669084     3.743     -186.9       32.5    -1157.0      8.3      6.6     13.3 1989 12 13  5 33 46.080  1.60   1
   149804  37.293282 -121.672616     3.738     -500.1      505.3    -1162.8     10.0      9.0     17.3 1989 12 30  6 19 29.350  1.59   1
   150901  37.287061 -121.665771     4.527      106.8     -185.2     -373.6     16.3      7.0     41.2 1990  1 19  9 24  8.400  1.24   1
   151583  37.285465 -121.666618     3.487       31.8     -362.2    -1413.3      9.3      8.1     19.7 1990  1 31  5  8 47.310  1.38   1
   153849  37.285380 -121.662614     5.932      386.8     -371.7     1031.3     15.4     11.2     27.3 1990  3  6 23  9 12.960  0.83   1
   154124  37.287724 -121.665438     5.689      136.4     -111.5      788.7      8.6      7.0     15.2 1990  3 11 11 52 34.830  2.34   1
   155780  37.285413 -121.666561     3.466       36.8     -368.0    -1434.5     10.0      8.5     20.2 1990  4 11  5 35 19.420  1.33   1
   157462  37.286418 -121.664022     5.735      262.0     -256.5      834.3      9.7      9.5     22.3 1990  5 10 16 43 48.520  3.18   1
   157486  37.284737 -121.662638     5.744      384.6     -443.0      844.1      9.8      8.7     20.0 1990  5 11 22 59 22.960  0.97   1
   157494  37.290238 -121.669002     4.295     -179.7      167.5     -604.9     11.7     11.8     42.8 1990  5 12  2 57 13.600  0.81   1
   157758  37.289766 -121.666797     5.797       15.9      115.2      897.0      8.2      6.7     18.3 1990  5 16  4 10 37.430  1.59   1
   158154  37.291663 -121.671077     3.851     -363.7      325.6    -1049.5      9.2      8.0     17.7 1990  5 23 11 11 37.580  1.03   1
   158290  37.291927 -121.671370     3.891     -389.7      355.0    -1009.2     11.2      8.7     21.6 1990  5 23 16 30 36.550  0.82   1
 20091514  37.285954 -121.663200     5.879      334.8     -308.0      978.7      8.8      7.7     23.3 1990  6 11  1 38 14.370  3.10   1
   159156  37.287923 -121.664998     5.935      175.4      -89.4     1034.6     11.8     10.1     24.3 1990  6 11  2 45 19.820  1.25   1
   160503  37.289693 -121.669596     3.845     -232.4      107.0    -1054.8      7.7      5.2     13.7 1990  7  5 20  4 42.800  1.71   1
   161358  37.290377 -121.669067     4.372     -185.5      182.9     -528.8     20.5     14.2     50.2 1990  7 20  5 51 45.700  0.96   1
 20092038  37.292574 -121.667196     6.055      -19.5      426.8     1154.5     19.9     12.4     27.5 1990  8 17  2 26 16.740  3.68   1
   163527  37.291280 -121.666764     6.285       18.8      283.1     1384.4     15.4     12.2     36.4 1990  9  1 17 25 25.320  0.96   1
   165437  37.290373 -121.667570     5.724      -52.7      182.4      824.0      9.6      8.4     18.1 1990 10 17  6 15 15.710  1.80   1
   204801  37.290417 -121.669181     4.377     -195.6      187.4     -523.0     19.8     15.1     54.6 1991  1 15 17 29 20.200  0.94   1
   205031  37.290088 -121.670402     3.640     -303.8      150.8    -1260.1      7.5      7.0     16.8 1991  1 20  5  0 30.930  1.17   1
   205737  37.287577 -121.667863     3.709      -78.7     -127.8    -1191.4     12.6     10.6     31.2 1991  2  2  5 39  6.910  0.83   1
   206508  37.287724 -121.667969     3.746      -88.0     -111.5    -1153.1      7.3      6.7     18.9 1991  2 13 19 31  5.060  1.22   1
   207043  37.289022 -121.669840     3.525     -254.0       32.5    -1375.6      6.2      5.3     16.6 1991  2 22 15 51 34.750  2.28   1
   208364  37.291630 -121.671126     3.855     -368.0      322.0    -1045.3      9.6      9.9     20.9 1991  3 22 11 23 27.560  1.05   1
   208389  37.291911 -121.671289     3.876     -382.5      353.1    -1024.8     10.6      9.5     21.4 1991  3 22 11 34  4.350  0.81   1
   211885  37.285189 -121.662500     5.947      396.9     -392.9     1046.3     20.0     20.5     45.3 1991  5  4  6 30 12.620  0.94   1
   212119  37.285168 -121.662476     5.938      399.1     -395.1     1037.6     13.8     12.4     28.1 1991  5  9  0 14 24.910  1.22   1
   215747  37.289001 -121.669051     3.730     -184.0       30.3    -1170.1      6.8      5.4     19.6 1991  5 29  9 45 22.620  1.83   1
   220702  37.284660 -121.662606     5.709      387.5     -451.6      808.4      9.1     10.1     20.2 1991  6 22 16 36 38.560  1.21   1
   227435  37.290051 -121.670345     3.612     -298.8      146.8    -1287.9      6.1      6.2     18.1 1991  8 10 17  6  5.760  1.23   1
   227542  37.285327 -121.666642     3.430       29.6     -377.5    -1470.6      9.5      7.9     18.4 1991  8 12  9 56  3.630  1.43   1
   228484  37.287610 -121.665373     5.660      142.2     -124.2      760.1      8.9      7.5     15.5 1991  8 21 17  7 40.400  2.27   1
   229053  37.290808 -121.668001     5.715      -90.9      230.8      814.8      8.3      7.1     17.0 1991  8 28 14  4 22.080  2.05   1
   229871  37.290308 -121.668978     4.321     -177.5      175.2     -578.9     11.4     14.0     44.5 1991  9  6 16 39 27.620  0.93   1
   234881  37.285372 -121.666675     3.436       26.7     -372.6    -1463.9      8.8      7.5     18.6 1991 10 22 17  4 17.460  1.46   1
   238704  37.289669 -121.669661     3.741     -238.1      104.3    -1159.7      5.0      5.4     12.8 1991 12  3  5 24 24.980  2.01   1
   238790  37.289233 -121.669336     3.737     -209.3       56.0    -1163.2      7.9      6.8     18.6 1991 12  4  0  8 49.550  1.89   1
   238816  37.285522 -121.662752     5.967      374.5     -355.9     1066.5     13.1      9.2     25.7 1991 12  4 13 45 39.520  0.99   1
   241590  37.288326 -121.665869     5.712       98.1      -44.7      811.5      8.7      7.8     16.9 1991 12 23 12 33 19.250  1.22   1
   249781  37.289722 -121.666797     5.784       15.9      110.2      883.2      9.3      7.1     18.9 1992  2 10 12 31  5.020  1.61   1
   253921  37.285376 -121.666610     3.412       32.5     -372.1    -1488.6      9.4      8.1     18.9 1992  3  4 13 13  6.220  1.23   1
   261841  37.291573 -121.671118     3.853     -367.3      315.7    -1047.1      9.7      8.8     20.3 1992  4  6  9 39 49.410  0.92   1
   292015  37.286735 -121.667236     3.639      -23.1     -221.3    -1260.9     14.0     15.4     29.5 1992  6  9 12 59 24.230  2.86   1
   303099  37.286174 -121.665186     4.561      158.8     -283.6     -339.0     16.6      7.9     41.2 1992  7  7  2 47 24.660  1.35   1
   304374  37.285506 -121.666650     3.449       28.9     -357.7    -1451.7     10.5      8.7     24.4 1992  7 17  9 51 49.510  1.02   1
   312743  37.290837 -121.670524     3.823     -314.6      233.9    -1077.3      7.2      6.8     16.3 1992  8 29 17  4 29.020  1.64   1
   314921  37.288932 -121.668937     3.850     -173.9       22.6    -1050.4     13.8     15.5     33.1 1992  9 11  1 22 13.650  1.06   1
   322432  37.287024 -121.665828     4.510      101.8     -189.2     -390.3     16.4      7.7     41.5 1992 11  5 12 35  5.470  1.26   1
   327300  37.291536 -121.668604     5.738     -144.3      311.6      837.4      8.2      6.4     17.3 1992 11 29  5  3  2.720  1.73   1
   330647  37.290385 -121.669132     4.409     -191.2      183.8     -491.6     12.9     13.3     38.6 1993  1  2 11 32 10.020  1.10   1
   331552  37.291614 -121.671175     3.880     -372.4      320.2    -1020.1     10.2      8.9     23.4 1993  1  9 17 48 38.720  1.01   1
   331635  37.291329 -121.671102     3.825     -365.9      288.6    -1075.4     12.3     11.7     28.9 1993  1 10 22 13  9.440  1.20   1
   339439  37.285225 -121.662565     5.963      391.1     -388.8     1062.5     15.1     10.0     27.3 1993  3  7  1 47 38.410  1.22   1
   339511  37.285217 -121.662630     5.947      385.4     -389.7     1046.3     15.1     11.3     26.7 1993  3  8  9 25 39.610  1.01   1
   352620  37.289299 -121.669157     3.771     -193.4       63.2    -1129.5      9.6      6.9     21.7 1993  6  8  9 15  1.380  0.83   1
 30036393  37.291626 -121.671175     3.876     -372.4      321.5    -1024.1     11.1      8.7     24.6 1993 12  1  0 25 49.530  0.98   1
   389286  37.288859 -121.669076     3.759     -186.2       14.5    -1141.5      5.5      5.1     16.9 1993 12 20 22 35  7.800  1.77   1
   391772  37.290255 -121.669149     4.276     -192.7      169.3     -624.6     11.6     12.3     43.7 1994  1 19  7 46 39.590  0.96   1
   391983  37.290259 -121.669206     4.408     -197.7      169.8     -492.4     13.3     13.9     42.7 1994  1 20  7 20 41.680  0.90   1
   399980  37.290047 -121.670296     3.621     -294.4      146.3    -1279.2      6.5      6.1     16.0 1994  4  6  4 11 34.960  1.38   1
   400563  37.285368 -121.666585     3.454       34.6     -373.0    -1446.3      9.3      7.9     18.4 1994  4 16 13 10 52.340  2.00   1
   401879  37.289734 -121.666789     5.801       16.6      111.5      900.3      7.9      8.9     22.2 1994  5  8 23  4 53.240  1.61   1
 30049085  37.287952 -121.665527     5.751      128.5      -86.3      851.0      9.3      7.1     17.1 1994  5 13 11 15 14.850  1.56   1
 30051942  37.290930 -121.668058     5.742      -96.0      244.3      841.7      9.3      7.2     18.3 1994  6 30 14 25 51.030  1.83   1
 30051943  37.291744 -121.668709     5.757     -153.7      334.6      856.3      8.7      6.9     18.7 1994  6 30 14 29 15.060  1.38   1
 30054274  37.293437 -121.672819     3.866     -518.1      522.5    -1034.6      9.3      9.3     18.3 1994  8  4 17 19  8.160  1.37   1
 30057908  37.285701 -121.663656     5.741      294.4     -336.0      840.3      7.2      6.1     16.6 1994  9 17 17 57  1.520  2.38   1
 30058785  37.285840 -121.663924     5.729      270.6     -320.6      828.6      7.6      5.5     16.5 1994  9 25 23  4 28.000  2.36   1
 30062741  37.289681 -121.669914     3.820     -260.5      105.7    -1080.3      6.7      5.0     20.5 1994 11 16 16 50 58.150  2.01   1
 30062748  37.289950 -121.669865     3.772     -256.2      135.5    -1128.5      9.3      5.5     17.2 1994 11 16 18  3 42.360  1.27   1
 30069218  37.288949 -121.668774     3.847     -159.5       24.4    -1052.9      7.9      5.6     18.6 1995  3  3  9 38 49.200  1.20   1
 30069222  37.288920 -121.668856     3.801     -166.7       21.2    -1099.3      7.2      6.0     15.1 1995  3  3 12 30 15.850  1.75   1
 30069457  37.288749 -121.668807     3.741     -162.4        2.3    -1159.2      7.0      6.1     17.8 1995  3  7 13 19 41.960  1.26   1
 30071053  37.285836 -121.663118     5.788      342.1     -321.1      887.4      9.2      8.1     21.8 1995  4  5  7 55 21.350  2.80   1
 30072363  37.284668 -121.662598     5.763      388.2     -450.7      862.3     10.1      8.6     19.0 1995  4 26 17 54  9.660  1.14   1
 30073191  37.291642 -121.671086     3.891     -364.4      323.3    -1009.5      9.9      8.6     20.4 1995  5 14 11 18 47.000  1.02   1
 30074975  37.290422 -121.669092     4.455     -187.6      187.9     -445.6     16.8     18.7     57.3 1995  6 15 22 23  1.320  1.34   1
 30076454  37.290951 -121.670776     3.783     -337.0      246.6    -1117.4      7.8      9.0     21.3 1995  7  4 11 20 49.790  2.65   1
 30077970  37.288265 -121.665780     5.704      106.1      -51.5      803.3     14.7      8.5     21.9 1995  7 24  8 37 43.620  1.26   1
 30090632  37.287048 -121.667635     3.671      -58.5     -186.5    -1229.6     10.2      6.9     20.7 1995 11 25 19 22  6.180  2.56   1
 30091051  37.287203 -121.665177     5.674      159.5     -169.3      773.3     10.3      8.6     20.9 1995 12  2  1 12 15.750  1.40   1
 30092060  37.289067 -121.668921     3.690     -172.5       37.5    -1210.1      5.6      5.3     13.5 1995 12 15 18 53 39.820  1.82   1
 30107700  37.293526 -121.672729     3.790     -510.2      532.4    -1110.0     10.8     10.6     19.0 1996  5 30 18 47 12.480  1.35   1
   478138  37.289563 -121.669686     3.722     -240.3       92.6    -1178.4      7.4      7.2     13.4 1996  9  2 20 27  0.360  1.99   1
   478141  37.289897 -121.669938     3.691     -262.7      129.6    -1209.5      9.7      8.2     23.3 1996  9  2 20 36  3.960  1.38   1
   478159  37.288794 -121.668799     3.783     -161.6        7.2    -1117.3     14.0     11.7     36.6 1996  9  3  0  2  4.940  1.17   1
   482382  37.285103 -121.662500     5.971      396.9     -402.4     1070.4     14.3     11.3     26.6 1996 10 19  4 32 38.790  1.30   1
   483500  37.287646 -121.665519     5.669      129.2     -120.1      769.0      9.1      7.0     16.0 1996 11  2 12 22 52.340  2.29   1
   485145  37.285270 -121.666618     3.435       31.8     -383.9    -1464.9      8.3      7.0     16.9 1996 11 20 12 25 42.190  1.93   1
   502047  37.290002 -121.665780     6.214      106.1      141.3     1313.9     14.4      9.1     24.9 1997  4 20 17  8  1.560  1.79   1
   522670  37.286169 -121.663997     5.693      264.1     -284.1      792.4     10.0      7.3     27.5 1997  9 26 19 58  2.480  3.09   1
   523141  37.289657 -121.666789     5.773       16.6      103.0      873.1      8.3      6.7     18.1 1997  9 29  3  7 46.980  1.55   1
   529274  37.289014 -121.669230     3.708     -199.9       31.6    -1192.4      5.9      5.5     13.3 1997 10 28 12  1 44.750  1.61   1
