    16484  37.286129 -121.663306     5.805      325.5     -288.6      904.7      3.8      2.8      5.9 1984  4 24 21 20 23.480  3.57   1
    16527  37.286584 -121.664299     5.760      237.4     -238.0      859.3      2.9      2.5      5.2 1984  4 24 21 23 39.960  3.54   1
    17496  37.291199 -121.666846     6.210       11.5      274.1     1309.3      5.0      3.8      8.2 1984  4 25  0  4 49.440  1.23   1
    16521  37.286686 -121.667171     3.661      -17.3     -226.7    -1238.8      4.0      3.4      8.2 1984  4 25  4 16 53.440  3.00   1
    17842  37.288940 -121.668921     3.779     -172.5       23.5    -1120.9      2.1      1.8      5.2 1984  4 25  4 35 19.170  1.90   1
    16635  37.294287 -121.670093     6.084     -276.4      616.9     1183.5      3.3      4.0      8.3 1984  4 25  7 22 22.290  1.40   1
    16576  37.287305 -121.663607     6.091      298.8     -158.1     1191.1      6.3      4.5      9.0 1984  4 25 14  6 57.560  1.62   1
    17929  37.289665 -121.666756     5.779       19.5      103.9      878.6      2.1      1.9      4.9 1984  4 25 22 14 23.140  1.80   1
    16659  37.289998 -121.665853     6.208       99.6      140.9     1307.7      4.7      3.4      7.8 1984  4 26  8 54 51.420  1.52   1
    16701  37.291443 -121.667082     6.227       -9.4      301.2     1327.0      4.8      3.4      7.5 1984  4 26 17 22 44.280  1.57   1
    18075  37.288546 -121.667505     4.246      -46.9      -20.3     -654.7      3.5      2.4      6.4 1984  4 26 20 11 12.520  1.17   1
    16751  37.291382 -121.670980     3.771     -355.0      294.4    -1129.1      3.3      2.3      6.6 1984  4 27  7 48 23.500  0.97   1
    16766  37.287935 -121.665552     5.735      126.3      -88.1      835.0      2.7      2.0      4.7 1984  4 27 11  8  9.220  1.31   1
    16802  37.287333 -121.663582     6.080      300.9     -154.9     1179.4      6.5      4.5      9.3 1984  4 27 19  3 15.040  1.31   1
    16821  37.285173 -121.662581     5.884      389.7     -394.7      983.7      3.1      3.2      5.5 1984  4 28  0  4 31.210  0.83   1
    16827  37.284875 -121.662321     5.886      412.8     -427.7      985.8      3.1      1.8      5.5 1984  4 28  1 43 47.850  1.21   1
    16838  37.294291 -121.670068     6.089     -274.2      617.3     1188.7      3.0      3.7      7.0 1984  4 28  3 54 12.200  1.39   1
    16841  37.286198 -121.665169     4.474      160.2     -280.9     -426.7      3.9      3.3      7.7 1984  4 28  4 43 26.310  1.47   1
    19159  37.290597 -121.666309     6.195       59.2      207.3     1295.2      4.7      3.2      6.7 1984  4 28 16 12 43.750  2.09   1
    16885  37.289087 -121.665153     6.180      161.6       39.7     1279.7      4.5      3.1      6.0 1984  4 28 18 53 49.960  2.18   1
    16911  37.288269 -121.665861     5.737       98.9      -51.0      836.2      2.8      2.3      5.0 1984  4 29  2 29 16.340  1.27   1
    17074  37.289933 -121.665763     6.190      107.5      133.7     1289.7      4.5      3.4      7.3 1984  4 30 14 46  1.740  1.59   1
    17272  37.289701 -121.666764     5.774       18.8      107.9      874.1      2.2      2.0      4.7 1984  5  2  7 34 17.770  1.65   1
    17294  37.293188 -121.672591     3.748     -497.9      494.9    -1152.6      3.6      2.6      5.1 1984  5  2 14 32 55.730  1.70   1
    17356  37.285400 -121.666691     3.485       25.3     -369.4    -1415.3      3.3      2.9      6.9 1984  5  2 22 58 42.360  1.77   1
    17669  37.287313 -121.663582     6.091      300.9     -157.2     1190.4      6.6      4.6      9.5 1984  5  3 23 10 52.920  1.04   1
    17723  37.286169 -121.663257     5.830      329.8     -284.1      930.2      3.7      2.8      5.6 1984  5  4 18 42 58.080  3.05   1
    17526  37.287659 -121.665430     5.709      137.1     -118.8      808.8      2.6      2.0      5.0 1984  5  5  3 31 54.930  2.45   1
    17779  37.285946 -121.663810     5.739      280.7     -308.9      838.5      2.6      2.3      4.9 1984  5  7 14 27 20.420  2.85   1
    17794  37.284660 -121.662826     5.778      368.0     -451.6      877.7      3.1      2.2      5.4 1984  5  7 16 34 13.860  1.30   1
    17834  37.294279 -121.670085     6.083     -275.7      616.0     1182.3      3.0      3.8      7.2 1984  5  8  6 55  3.840  1.17   1
    18466  37.285181 -121.662590     5.880      389.0     -393.8      980.1      3.0      2.3      5.2 1984  5 15  1 42 21.350  1.18   1
    18608  37.291626 -121.667326     6.197      -31.0      321.5     1296.7      4.4      3.1      7.1 1984  5 16 17  9 28.700  2.32   1
    18708  37.289579 -121.666699     5.767       24.5       94.4      867.6      3.7      2.8      5.6 1984  5 17  8 43  3.370  3.32   1
    18857  37.285254 -121.662646     5.901      383.9     -385.7     1001.2      3.5      2.8      5.2 1984  5 19  4 20 31.710  0.74   1
    19686  37.290377 -121.669222     4.321     -199.2      182.9     -579.0      2.1      3.4      9.5 1984  5 29 23 53  6.840  0.99   1
    19720  37.289970 -121.665731     6.107      110.4      137.7     1206.9      4.3      3.1      6.4 1984  5 30 12 38 10.840  3.00   1
    19745  37.291182 -121.666886     6.202        7.9      272.3     1301.3      5.7      4.3     10.2 1984  5 30 17  5  4.160  0.80   1
    19776  37.286975 -121.665755     4.467      108.2     -194.6     -433.2      3.9      3.4      8.0 1984  5 31  1 43 34.410  1.22   1
    19860  37.289681 -121.666772     5.773       18.0      105.7      872.2      2.2      2.0      4.9 1984  6  1  3 27 26.880  1.58   1
    19888  37.294279 -121.670068     6.083     -274.2      616.0     1182.8      3.3      4.0      8.7 1984  6  1  9  7  7.310  1.08   1
    19992  37.286450 -121.664168     5.738      249.0     -252.9      837.3      2.6      2.4      4.8 1984  6  2 17 32  6.480  2.92   1
    20113  37.284656 -121.662834     5.758      367.3     -452.0      858.0      3.3      2.4      5.3 1984  6  4 16 23 29.800  1.15   1
    20328  37.292403 -121.667887     6.230      -80.8      407.8     1330.1      6.9      5.7     13.2 1984  6  5 23 51 14.920  0.93   1
    20622  37.287207 -121.665186     5.691      158.8     -168.9      790.5      3.0      1.9      5.3 1984  6 11  4 58 46.580  1.48   1
    20978  37.286129 -121.663216     5.821      333.4     -288.6      920.4      3.3      2.7      5.5 1984  6 16  3 50 27.150  3.13   1
    21561  37.287504 -121.663688     6.149      291.5     -135.9     1248.8      5.5      5.3     14.0 1984  6 26  7 13 18.280  0.80   1
    21644  37.290763 -121.670435     3.786     -306.7      225.8    -1114.4      3.4      2.2      6.0 1984  6 27 14 50 38.140  1.59   1
    22144  37.286198 -121.665169     4.477      160.2     -280.9     -423.8      3.9      3.3      7.9 1984  7  5 12 49 57.720  1.28   1
    22165  37.288595 -121.667619     4.191      -57.0      -14.9     -709.5      4.1      2.9      6.2 1984  7  5 17  6 28.740  0.96   1
    22271  37.290991 -121.670728     3.717     -332.7      251.1    -1183.3      3.1      2.4      5.9 1984  7  7  0 17  9.970  2.67   1
    22280  37.288595 -121.668880     3.728     -168.9      -14.9    -1172.7      2.6      2.0      4.9 1984  7  7  2 35  4.060  1.53   1
    23190  37.289624 -121.669645     3.745     -236.7       99.4    -1154.9      2.3      1.9      4.6 1984  7 17 16 24 49.440  1.85   1
    23195  37.287655 -121.665527     5.706      128.5     -119.2      806.1      2.6      1.8      4.9 1984  7 17 17 53  4.200  2.33   1
    24519  37.289022 -121.669840     3.552     -254.0       32.5    -1348.3      3.7      2.7      5.7 1984  7 30 14 16 49.060  2.31   1
    24674  37.289665 -121.666789     5.770       16.6      103.9      869.8      2.1      1.9      5.0 1984  8  1 12 29 16.890  1.64   1
    25096  37.290059 -121.670451     3.648     -308.1      147.7    -1252.4      2.6      2.5      5.5 1984  8  7  9  7  6.330  1.17   1
    25305  37.290332 -121.669279     4.308     -204.2      177.9     -592.1      2.1      3.5     10.1 1984  8 10  7  4  4.200  0.95   1
    25937  37.285160 -121.662646     5.884      383.9     -396.0      983.6      3.1      2.7      5.4 1984  8 19 20 27 32.960  0.69   1
    26238  37.290462 -121.669434     4.353     -217.9      192.4     -547.2      2.1      3.5     10.0 1984  8 25  0 19 18.360  0.72   1
    27421  37.285482 -121.662793     5.882      370.9     -360.4      981.4      3.1      2.6      5.1 1984  9  6 16 33 41.640  1.41   1
    27683  37.285844 -121.663916     5.711      271.3     -320.2      810.8      2.3      2.0      5.0 1984  9 10 16 24 47.130  2.39   1
    27684  37.285807 -121.663761     5.742      285.1     -324.2      842.0      2.3      1.9      4.5 1984  9 10 16 33 36.940  1.79   1
    27721  37.285213 -121.662630     5.892      385.4     -390.2      991.6      3.0      2.1      5.1 1984  9 11  8 13 54.330  0.83   1
    27722  37.288005 -121.665682     5.732      114.7      -80.4      831.5      2.4      1.9      4.6 1984  9 11  9 29 23.690  1.78   1
    27724  37.289893 -121.665780     6.184      106.1      129.2     1283.8      4.8      3.7      7.1 1984  9 11 10 26  8.190  1.55   1
    28475  37.291630 -121.671224     3.867     -376.7      322.0    -1033.7      4.0      3.2      5.8 1984  9 23  8 43 14.720  1.07   1
    29752  37.285396 -121.666764     3.479       18.8     -369.9    -1421.7      3.3      3.0      6.5 1984 10 10  7 11 54.160  1.90   1
    29901  37.291528 -121.667122     6.206      -13.0      310.7     1306.2      5.2      3.5      7.9 1984 10 12  7 13 23.200  1.21   1
    30009  37.291146 -121.668164     5.743     -105.4      268.2      842.9      2.9      2.4      5.0 1984 10 13 17 32 47.840  1.83   1
    30159  37.290312 -121.669271     4.300     -203.5      175.7     -600.0      2.4      3.7     10.2 1984 10 17 11 39  4.900  0.89   1
    30929  37.290967 -121.668075     5.709      -97.4      248.4      808.8      2.4      2.1      4.9 1984 10 30  2 49 48.600  1.41   1
    31031  37.286353 -121.664079     5.739      256.9     -263.7      839.2      2.7      2.6      5.4 1984 10 31  3  5 11.660  2.89   1
    31037  37.285136 -121.662663     5.870      382.5     -398.8      970.0      3.2      2.6      5.4 1984 10 31 15 28 48.300  0.79   1
    31068  37.284810 -121.662378     5.871      407.7     -434.9      970.2      3.1      2.2      5.3 1984 11  1  5 22 45.950  0.79   1
    31844  37.286218 -121.665153     4.480      161.6     -278.6     -420.5      4.0      3.4      8.0 1984 11 13 11 59  9.360  1.31   1
    32049  37.288932 -121.669100     3.729     -188.3       22.6    -1170.8      2.3      1.8      4.7 1984 11 18  0 28 55.240  1.69   1
    32676  37.285706 -121.662980     5.804      354.3     -335.5      903.4      3.4      2.9      5.0 1984 11 28 11 54 37.810  2.94   1
    35929  37.287317 -121.665218     5.697      155.9     -156.7      796.4      2.4      1.7      4.9 1984 12  1  8  9 13.540  1.74   1
    33786  37.286983 -121.665739     4.472      109.7     -193.7     -428.1      4.0      3.4      7.6 1984 12 10  7 45 41.770  1.43   1
    34527  37.289705 -121.666781     5.766       17.3      108.4      866.0      2.1      1.9      5.1 1984 12 15 10 28 17.680  1.61   1
    34841  37.284729 -121.662907     5.746      360.8     -443.9      845.5      3.0      2.3      4.8 1984 12 19  8 29 34.630  1.35   1
    35109  37.290759 -121.670443     3.781     -307.4      225.3    -1119.1      3.6      2.1      6.2 1984 12 22  4 43 44.710  1.60   1
    38148  37.287069 -121.667497     3.683      -46.2     -184.2    -1217.7      3.1      2.7      6.9 1985  1 19 11 56 37.340  2.49   1
    39944  37.291500 -121.668514     5.752     -136.4      307.5      851.3      2.0      2.1      4.2 1985  2  5 11 42 49.820  2.05   1
    40913  37.289140 -121.665177     6.176      159.5       45.6     1275.5      4.5      3.4      6.9 1985  2 13 23 52 25.080  1.70   1
    41574  37.290401 -121.669255     4.326     -202.1      185.6     -574.5      2.6      3.5      9.8 1985  2 16 20 53  7.160  1.20   1
    42349  37.288989 -121.668978     3.792     -177.5       28.9    -1108.3      3.1      3.2      6.9 1985  2 28  1  9 58.300  0.84   1
    42555  37.288900 -121.668872     3.771     -168.1       19.0    -1129.4      2.1      1.8      5.1 1985  3  2  6 53 56.010  1.74   1
    42559  37.289628 -121.669629     3.785     -235.3       99.8    -1115.1      3.2      2.5      5.1 1985  3  2  8 55  3.470  1.91   1
    42643  37.289189 -121.669320     3.718     -207.8       51.0    -1182.1      1.9      1.9      4.8 1985  3  2  8 55 29.590  2.08   1
    42560  37.290002 -121.669938     3.700     -262.7      141.3    -1200.7      2.4      2.0      6.3 1985  3  2  8 58  0.480  1.22   1
    43546  37.289412 -121.666805     5.727       15.2       75.9      826.4      4.0      3.3      5.5 1985  3 12  4  3 59.980  3.24   1
    43580  37.289714 -121.666829     5.775       13.0      109.3      874.3      2.4      2.2      5.4 1985  3 12  4  4 51.800  2.04   1
    44335  37.286104 -121.664030     5.731      261.2     -291.3      830.7      2.3      2.1      4.6 1985  3 20  4 57 39.190  2.56   1
    44729  37.287170 -121.665145     5.716      162.4     -173.0      815.9      3.9      2.3      5.8 1985  3 26 11 50 46.600  1.26   1
    45835  37.287870 -121.665031     5.872      172.5      -95.3      971.9      2.7      2.5      5.6 1985  4 10 18 45 20.620  1.07   1
    46041  37.294279 -121.670060     6.078     -273.5      616.0     1177.7      3.6      4.1      9.2 1985  4 13 14  1 53.470  1.16   1
    47288  37.285465 -121.666813     3.457       14.4     -362.2    -1443.2      3.7      5.2     10.7 1985  5  5 16 50  5.800  0.94   1
    49151  37.285510 -121.666870     3.440        9.4     -357.2    -1460.5      3.7      4.1      6.9 1985  6  8  4 58 49.900  0.64   1
    49626  37.291589 -121.671151     3.841     -370.2      317.5    -1059.8      4.0      3.2      6.1 1985  6 15  1 38 57.380  0.94   1
    49633  37.286259 -121.665202     4.475      157.3     -274.1     -425.3      3.9      3.5      8.2 1985  6 16  5 24 54.700  1.29   1
    50591  37.287760 -121.668018     3.718      -92.4     -107.5    -1182.4      2.8      2.4      5.7 1985  7  4  3  6  5.160  1.06   1
    51288  37.285457 -121.666838     3.439       12.3     -363.1    -1461.2      3.7      4.9      8.8 1985  7 17 13 58 38.250  1.02   1
    51325  37.285783 -121.662891     5.863      362.3     -327.0      963.1      2.4      2.2      4.5 1985  7 17 23 39 58.840  1.89   1
    51378  37.285221 -121.662638     5.871      384.6     -389.3      971.2      3.1      2.1      5.1 1985  7 18 23 42  1.800  0.97   1
    51398  37.290369 -121.669287     4.312     -204.9      182.0     -587.8      2.7      3.6      9.9 1985  7 19  9 58 16.960  0.97   1
    52580  37.289709 -121.666854     5.770       10.8      108.8      869.4      2.1      1.9      5.2 1985  8  9 11 45  2.020  1.60   1
    54084  37.289669 -121.669645     3.734     -236.7      104.3    -1166.6      2.1      1.6      5.1 1985  8 28 20 35 10.100  1.58   1
    57271  37.293477 -121.672860     3.774     -521.7      527.0    -1126.0      4.2      3.0      7.5 1985 10 19 16 33 20.030  1.38   1
    57273  37.293241 -121.672729     3.750     -510.2      500.8    -1150.6      3.8      2.5      5.2 1985 10 19 17 35 48.940  1.66   1
    57770  37.290096 -121.670516     3.649     -313.9      151.7    -1251.7      2.6      2.7      5.7 1985 10 28  3 55 38.130  1.31   1
    58027  37.290938 -121.668066     5.732      -96.7      245.2      832.0      2.0      2.1      4.4 1985 10 31 23 53 38.440  1.96   1
    58028  37.291756 -121.668783     5.737     -160.2      336.0      836.8      3.4      2.7      6.2 1985 10 31 23 55 40.960  1.46   1
    58676  37.290255 -121.666105     6.174       77.2      169.3     1273.6      4.5      3.3      6.2 1985 11  9 23 12 11.080  1.88   1
    59070  37.286890 -121.664624     5.757      208.6     -204.1      857.0      3.2      2.4      5.6 1985 11 14  9 21  5.080  0.97   1
    61248  37.284733 -121.662899     5.758      361.5     -443.5      857.5      3.2      2.4      5.7 1985 12 12  7 33 37.950  1.16   1
    61462  37.288623 -121.667660     4.188      -60.6      -11.7     -712.1      3.9      2.6      6.2 1985 12 14 18 25 45.080  1.09   1
    61809  37.290373 -121.669279     4.312     -204.2      182.4     -588.0      2.7      3.6     10.1 1985 12 19  0  2 10.460  0.97   1
    62142  37.290389 -121.669377     4.310     -212.9      184.2     -590.4      2.6      3.5     10.0 1985 12 24 21 18 58.720  0.89   1
    62514  37.288949 -121.669141     3.701     -192.0       24.4    -1199.4      2.3      2.0      5.4 1985 12 31 15 50 52.230  1.74   1
    62520  37.288969 -121.668953     3.758     -175.4       26.6    -1142.3      2.2      1.9      5.1 1985 12 31 18  3  3.480  1.62   1
    65047  37.287061 -121.665771     4.469      106.8     -185.2     -431.0      4.1      3.5      8.1 1986  1 30  3 31 43.810  1.30   1
    65406  37.285242 -121.662630     5.897      385.4     -387.0      996.6      3.1      2.1      5.2 1986  2  2  8 26 42.650  1.18   1
    66346  37.285465 -121.666740     3.460       20.9     -362.2    -1440.0      3.5      3.2      6.8 1986  2 11 10 37 16.920  1.40   1
    66201  37.285539 -121.666740     3.467       20.9     -354.0    -1433.4      3.5      3.2      6.6 1986  2 11 11 50  0.620  1.50   1
    67820  37.290869 -121.670435     3.771     -306.7      237.5    -1129.5      3.4      2.3      6.3 1986  3  8 10 32  4.410  1.63   1
    67803  37.286279 -121.665177     4.480      159.5     -271.9     -420.3      4.0      3.5      8.1 1986  3  9 18 55 22.760  1.42   1
    70356  37.286808 -121.664665     5.745      204.9     -213.2      844.4      3.0      2.5      5.4 1986  4  4 10 16 40.970  3.19   1
    70373  37.287671 -121.665544     5.715      127.0     -117.4      815.0      3.5      2.9      6.0 1986  4  4 10 17 30.150  2.37   1
    70083  37.285229 -121.662663     5.883      382.5     -388.4      982.9      3.2      2.1      5.2 1986  4 12  7 13 35.460  1.00   1
    70826  37.294303 -121.670044     6.072     -272.0      618.7     1171.9      3.2      4.1      9.2 1986  4 21  8 46 14.270  0.99   1
    73536  37.291125 -121.668254     5.744     -113.3      266.0      843.4      2.5      2.4      4.8 1986  5 29  1 41 52.560  1.51   1
    73786  37.289237 -121.669881     3.425     -257.6       56.4    -1475.7      5.1      3.3      5.8 1986  6  1 10 51 31.460  1.21   1
    73850  37.289726 -121.666846     5.770       11.5      110.6      869.5      2.8      2.4      5.0 1986  6  2  5  8 18.340  1.52   1
    76654  37.286125 -121.663395     5.800      317.5     -289.0      900.1      3.2      2.6      5.4 1986  7 16 20 59  3.320  2.98   1
    76560  37.285152 -121.662679     5.864      381.0     -396.9      963.7      3.3      2.2      5.2 1986  7 17  4 26  2.170  0.83   1
    77218  37.289600 -121.669718     3.733     -243.2       96.6    -1167.3      2.1      1.7      4.8 1986  7 25  9 22 50.290  2.26   1
    77283  37.289176 -121.669417     3.731     -216.5       49.7    -1169.6      1.8      1.7      5.2 1986  7 25  9 23  5.480  2.35   1
    77296  37.289941 -121.670028     3.745     -270.6      134.6    -1155.0      2.4      2.2      5.5 1986  7 25 16  1 52.100  1.15   1
    81016  37.291886 -121.671338     3.786     -386.8      350.4    -1114.5      4.6      3.2      8.8 1986  9  2  7 22  7.550  0.52   1
    81017  37.291659 -121.671151     3.780     -370.2      325.1    -1120.1      3.6      2.9      6.1 1986  9  2  7 24 15.870  0.83   1
    81735  37.287952 -121.665658     5.733      116.9      -86.3      833.0      2.4      2.1      5.6 1986  9  8 23  4 33.440  1.55   1
    82606  37.291024 -121.670866     3.757     -344.9      254.7    -1143.6      3.4      2.5      6.0 1986  9 15 20 17 49.920  2.67   1
    83579  37.290442 -121.669417     4.270     -216.5      190.1     -630.3      2.3      3.6     10.6 1986  9 22 19 39 11.020  0.83   1
    83805  37.290877 -121.670565     3.779     -318.2      238.4    -1120.6      3.2      2.3      6.2 1986  9 25 12  1 52.830  1.36   1
    85194  37.286613 -121.667228     3.663      -22.4     -234.8    -1237.3      3.8      4.1      8.6 1986 10  9  2  6 22.720  2.95   1
    85669  37.285360 -121.666789     3.443       16.6     -373.9    -1457.1      3.5      3.2      6.6 1986 10 14 15 13 49.290  1.43   1
    87103  37.288534 -121.667570     4.157      -52.7      -21.7     -742.8      3.7      2.6      5.6 1986 11  3  8 20 28.780  0.94   1
    87964  37.284696 -121.662874     5.740      363.7     -447.5      839.3      3.1      2.4      5.6 1986 11 14 11 55 11.210  0.96   1
    88698  37.291650 -121.671143     3.792     -369.5      324.2    -1108.4      3.9      2.5      8.2 1986 11 25 13  0 35.660  1.01   1
    90036  37.290173 -121.669336     4.289     -209.3      160.3     -611.2      3.8      3.6      9.6 1986 12 12 17 46 44.360  0.64   1
    90485  37.290344 -121.669238     4.273     -200.6      179.3     -627.1      3.0      3.2      9.0 1986 12 18  2  5 30.480  1.09   1
    93248  37.289119 -121.669946     3.521     -263.4       43.4    -1379.2      4.9      4.2      7.7 1987  1 26 13 47 46.830  2.35   1
    95188  37.285181 -121.662549     5.874      392.6     -393.8      973.5      3.0      2.0      5.3 1987  2 21  7 40 45.210  1.18   1
    95317  37.285168 -121.662581     5.859      389.7     -395.1      959.1      3.1      2.1      5.4 1987  2 23 17  5  2.320  0.91   1
    97576  37.290426 -121.669417     4.264     -216.5      188.3     -636.6      4.0      3.8     11.8 1987  3 29 10  2  1.050  0.79   1
    98812  37.288558 -121.667603     4.130      -55.6      -19.0     -770.1      3.6      2.6      5.5 1987  4 17 16 13 47.300  1.18   1
   101361  37.289636 -121.669678     3.734     -239.6      100.7    -1165.9      2.1      1.7      4.8 1987  6  3  6 56  7.740  1.92   1
   101362  37.288928 -121.669173     3.719     -194.8       22.1    -1181.5      2.0      1.6      4.8 1987  6  3  6 58 51.320  1.74   1
   101659  37.287646 -121.665544     5.694      127.0     -120.1      793.7      2.3      1.8      4.5 1987  6  9  2  2 39.460  2.37   1
   102139  37.287541 -121.667887     3.601      -80.8     -131.9    -1299.7      3.5      4.2      7.7 1987  6 20 16 35 35.960  0.82   1
   102776  37.291618 -121.671159     3.778     -370.9      320.6    -1122.4      3.7      3.0      6.3 1987  7  7  1 44 26.990  1.01   1
   103138  37.289242 -121.669450     3.724     -219.4       56.9    -1175.8      1.8      1.8      5.0 1987  7 14 19  2 57.020  1.72   1
   103702  37.289705 -121.666829     5.764       13.0      108.4      863.5      2.3      2.1      4.9 1987  7 28  7  4 28.800  1.51   1
   103833  37.291117 -121.668294     5.736     -116.9      265.1      836.1      2.4      2.4      4.8 1987  8  1  1 40 41.980  1.94   1
   105327  37.287410 -121.667830     3.722      -75.8     -146.3    -1178.6      2.1      1.6      3.2 1987  9  4 10 31 17.310  1.74   1
   105800  37.289071 -121.666398     5.721       51.2       37.9      820.8      2.8      2.4      6.5 1987  9 14 23  7 17.840  0.83   1
   106343  37.290442 -121.669474     4.241     -221.5      190.1     -659.3      2.6      3.5     10.6 1987  9 27  7 19 34.920  0.75   1
   106370  37.290336 -121.669255     4.291     -202.1      178.4     -609.6      2.3      3.3      8.6 1987  9 27  8 23 11.780  0.96   1
   106462  37.288525 -121.667668     4.142      -61.3      -22.6     -757.9      3.5      2.6      5.1 1987  9 29  4 47  3.550  0.92   1
   107299  37.285522 -121.662858     5.910      365.2     -355.9     1009.3      2.5      1.8      4.6 1987 10 17  9 43 42.990  1.55   1
   107927  37.289408 -121.666992     5.740       -1.4       75.4      840.0      3.5      2.7      5.1 1987 11  1 22 11 13.060  3.15   1
   107902  37.289726 -121.666903     5.767        6.5      110.6      866.3      2.5      2.0      5.1 1987 11  1 22 13 47.560  1.56   1
   107906  37.287972 -121.665666     5.729      116.2      -84.0      828.3      2.3      1.8      5.0 1987 11  2  3  6 28.290  1.52   1
   108512  37.285368 -121.666740     3.440       20.9     -373.0    -1460.6      3.3      3.0      6.0 1987 11 16 23 19  9.000  1.98   1
   109132  37.290287 -121.669287     4.266     -204.9      173.0     -634.4      2.6      3.8      9.9 1987 11 27  4  7 50.420  0.67   1
   110939  37.290007 -121.670386     3.587     -302.4      141.8    -1313.6      2.3      3.0      6.0 1988  1 15  1 56 42.310  1.39   1
   112178  37.285360 -121.662492     5.848      397.6     -373.9      947.5      3.3      2.5      5.7 1988  2 10 20 13  1.200  0.94   1
   112230  37.286112 -121.665145     4.425      162.4     -290.4     -475.4      3.9      3.3      8.0 1988  2 13  4 54 35.870  1.36   1
   112868  37.291675 -121.671175     3.784     -372.4      327.0    -1116.8      3.5      2.6      6.1 1988  2 25 10  0 17.780  0.92   1
   113569  37.291504 -121.667228     6.181      -22.4      308.0     1281.0      4.8      3.4      7.7 1988  3  9  2  8 11.840  1.40   1
   114006  37.285909 -121.663737     5.747      287.2     -313.0      846.7      2.6      2.1      5.3 1988  3 16 23 10  6.640  2.45   1
   115994  37.290942 -121.668075     5.727      -97.4      245.7      826.3      2.1      1.9      6.1 1988  4 21  4 42 14.550  1.94   1
   115996  37.291760 -121.668734     5.719     -155.9      336.4      818.3      3.3      2.7      6.4 1988  4 21  4 48 47.890  0.84   1
   116401  37.289103 -121.665194     6.171      158.0       41.5     1271.2      4.4      3.2      6.4 1988  4 29  7 29 57.200  1.68   1
   116406  37.289360 -121.665381     6.175      141.4       70.0     1274.8      4.4      3.1      6.2 1988  4 29  7 47 21.590  1.99   1
   117175  37.289701 -121.666829     5.753       13.0      107.9      852.4      2.7      2.2      5.6 1988  5 13 17 17 30.760  1.52   1
   119615  37.290120 -121.666048     6.166       82.3      154.4     1266.2      4.5      3.2      6.5 1988  6 27  4 18 37.320  2.52   1
   119610  37.290068 -121.665959     6.161       90.2      148.6     1260.4      4.5      3.3      6.1 1988  6 27  4 18 52.410  2.72   1
   119763  37.290385 -121.669222     4.260     -199.2      183.8     -639.5      2.9      3.5      9.9 1988  6 30 23 52 27.360  0.97   1
   119888  37.285217 -121.662590     5.863      389.0     -389.7      962.5      3.1      2.1      5.3 1988  7  5  5  2 33.820  0.83   1
   120788  37.290763 -121.670508     3.778     -313.2      225.8    -1122.4      2.9      2.1      5.2 1988  7 23 10 42 21.740  1.53   1
   120974  37.290474 -121.669368     4.250     -212.2      193.7     -650.0      2.6      3.7     10.0 1988  7 26 18  9 59.220  0.80   1
   126189  37.289575 -121.669735     3.743     -244.6       93.9    -1157.1      2.1      1.7      4.8 1988 11  2  3  9 12.610  1.93   1
   126292  37.288879 -121.669206     3.722     -197.7       16.7    -1178.2      1.9      1.8      4.8 1988 11  3  1 30  4.280  1.71   1
   126389  37.288908 -121.669059     3.790     -184.7       19.9    -1109.8      2.1      1.9      5.1 1988 11  4 13 34 34.720  1.87   1
   126560  37.284717 -121.662948     5.745      357.2     -445.3      844.8      3.1      2.5      6.2 1988 11  7 17 51 17.980  1.24   1
   126901  37.285510 -121.666821     3.476       13.7     -357.2    -1424.2      3.6      3.4      6.4 1988 11 12 18 11 57.680  1.07   1
   129454  37.286076 -121.662630     6.327      385.4     -294.4     1426.5      4.4      3.9      9.1 1988 12 30 23 53 29.880  1.74   1
   129428  37.287142 -121.660441     5.891      579.5     -176.1      991.1     13.9     11.5     19.5 1988 12 30 23 54 24.000  4.30   1
   129887  37.290430 -121.669425     4.270     -217.2      188.8     -630.3      3.9      3.7     10.2 1989  1 13 10  9  6.070  0.94   1
   131766  37.289124 -121.665194     6.168      158.0       43.8     1267.3      4.3      3.1      6.1 1989  2 22 14 10 28.230  1.79   1
   132424  37.287166 -121.667733     3.683      -67.1     -173.4    -1217.1      3.6      2.7      6.6 1989  3  7 15  3 21.870  2.62   1
   132469  37.285588 -121.662769     5.848      373.1     -348.6      947.8      2.7      2.1      4.9 1989  3  8 14 47  1.080  1.40   1
   132715  37.285327 -121.662427     5.936      403.4     -377.5     1035.5      3.1      2.0      5.3 1989  3 12  7 15 43.550  0.81   1
   139260  37.290409 -121.669173     4.370     -194.8      186.5     -530.3      2.2      3.5      9.5 1989  7  1  1 11 28.510  0.96   1
   140151  37.287313 -121.663411     6.162      316.1     -157.2     1261.7      4.3      3.3      6.4 1989  7 16 21 54  2.440  1.65   1
   140303  37.285510 -121.666675     3.667       26.7     -357.2    -1233.5      3.7      3.4      6.3 1989  7 19  8 51 59.540  1.28   1
   142196  37.288574 -121.667497     4.203      -46.2      -17.2     -697.5      3.5      2.5      5.8 1989  8 14  4  7  9.360  1.25   1
   144026  37.285209 -121.662573     5.912      390.4     -390.6     1011.7      3.1      2.1      5.2 1989  9 14 10 35 38.140  0.87   1
   144648  37.287537 -121.665308     5.679      147.9     -132.3      779.2      3.4      2.4      4.6 1989  9 26 17  2  0.820  0.92   1
   144843  37.291117 -121.668245     5.731     -112.6      265.1      831.1      2.5      2.4      4.5 1989 10  1 18 21 45.920  1.78   1
   148939  37.289014 -121.669084     3.722     -186.9       31.6    -1178.4      1.9      1.7      5.2 1989 12 13  5 33 46.080  1.60   1
   149804  37.293258 -121.672559     3.720     -495.0      502.6    -1180.6      3.7      2.4      5.2 1989 12 30  6 19 29.350  1.59   1
   150901  37.287081 -121.665698     4.493      113.3     -182.9     -406.9      4.0      3.4      8.0 1990  1 19  9 24  8.400  1.24   1
   151583  37.285470 -121.666667     3.494       27.4     -361.7    -1406.4      3.5      3.3      7.7 1990  1 31  5  8 47.310  1.38   1
   153849  37.285384 -121.662638     5.898      384.6     -371.2      997.3      3.3      2.1      5.8 1990  3  6 23  9 12.960  0.83   1
   154124  37.287736 -121.665413     5.675      138.6     -110.2      774.7      2.4      2.0      4.5 1990  3 11 11 52 34.830  2.34   1
   155780  37.285425 -121.666602     3.478       33.2     -366.7    -1422.1      3.4      3.3      6.9 1990  4 11  5 35 19.420  1.33   1
   157462  37.286426 -121.664046     5.754      259.8     -255.6      853.6      3.4      2.9      7.4 1990  5 10 16 43 48.520  3.18   1
   157486  37.284741 -121.662606     5.718      387.5     -442.6      817.2      3.7      2.9      6.0 1990  5 11 22 59 22.960  0.97   1
   157494  37.290320 -121.668994     4.277     -179.0      176.6     -623.7      3.7      3.6     10.8 1990  5 12  2 57 13.600  0.81   1
   157758  37.289775 -121.666756     5.774       19.5      116.1      874.1      2.2      2.0      5.4 1990  5 16  4 10 37.430  1.59   1
   158154  37.291650 -121.671029     3.831     -359.4      324.2    -1069.6      3.3      2.7      6.6 1990  5 23 11 11 37.580  1.03   1
   158290  37.291907 -121.671305     3.855     -383.9      352.7    -1045.1      4.3      3.3      8.7 1990  5 23 16 30 36.550  0.82   1
 20091514  37.285950 -121.663192     5.875      335.6     -308.4      974.5      3.5      2.9      5.3 1990  6 11  1 38 14.370  3.10   1
   159156  37.287956 -121.665015     5.924      173.9      -85.8     1023.5      2.7      2.2      5.9 1990  6 11  2 45 19.820  1.25   1
   160503  37.289681 -121.669588     3.828     -231.6      105.7    -1072.1      4.4      2.5      5.1 1990  7  5 20  4 42.800  1.71   1
   161358  37.290454 -121.669035     4.348     -182.6      191.5     -551.9      3.6      3.8     11.7 1990  7 20  5 51 45.700  0.96   1
 20092038  37.292594 -121.667155     6.027      -15.9      429.0     1126.2      7.7      4.9     10.3 1990  8 17  2 26 16.740  3.68   1
   163527  37.291231 -121.666854     6.250       10.8      277.7     1349.9      6.0      3.9     13.7 1990  9  1 17 25 25.320  0.96   1
   165437  37.290401 -121.667546     5.701      -50.5      185.6      800.9      2.2      2.3      5.2 1990 10 17  6 15 15.710  1.80   1
   204801  37.290499 -121.669173     4.371     -194.8      196.4     -528.8      3.8      4.0     12.5 1991  1 15 17 29 20.200  0.94   1
   205031  37.290080 -121.670378     3.615     -301.6      149.9    -1285.3      3.8      2.9      5.9 1991  1 20  5  0 30.930  1.17   1
   205737  37.287573 -121.667839     3.687      -76.5     -128.3    -1213.5      3.6      3.5      9.6 1991  2  2  5 39  6.910  0.83   1
   206508  37.287716 -121.667961     3.722      -87.3     -112.4    -1177.5      2.8      2.7      6.5 1991  2 13 19 31  5.060  1.22   1
   207043  37.289030 -121.669824     3.522     -252.6       33.4    -1378.8      3.4      2.7      5.3 1991  2 22 15 51 34.750  2.28   1
   208364  37.291626 -121.671086     3.831     -364.4      321.5    -1069.7      3.1      3.1      6.7 1991  3 22 11 23 27.560  1.05   1
   208389  37.291895 -121.671232     3.840     -377.4      351.3    -1060.8      3.5      3.1      7.8 1991  3 22 11 34  4.350  0.81   1
   211885  37.285217 -121.662476     5.906      399.1     -389.7     1005.6      3.3      2.5      5.6 1991  5  4  6 30 12.620  0.94   1
   212119  37.285201 -121.662500     5.914      396.9     -391.5     1013.4      3.1      2.7      5.7 1991  5  9  0 14 24.910  1.22   1
   215747  37.288993 -121.669051     3.707     -184.0       29.4    -1193.1      1.9      1.7      4.7 1991  5 29  9 45 22.620  1.83   1
   220702  37.284668 -121.662598     5.688      388.2     -450.7      787.3      3.6      2.5      5.8 1991  6 22 16 36 38.560  1.21   1
   227435  37.290051 -121.670329     3.585     -297.3      146.8    -1315.3      2.5      2.6      6.5 1991  8 10 17  6  5.760  1.23   1
   227542  37.285339 -121.666691     3.442       25.3     -376.2    -1458.2      3.4      3.3      6.7 1991  8 12  9 56  3.630  1.43   1
   228484  37.287622 -121.665381     5.653      141.4     -122.8      753.0      2.7      2.6      5.6 1991  8 21 17  7 40.400  2.27   1
   229053  37.290816 -121.667977     5.699      -88.8      231.7      798.6      1.9      2.1      4.1 1991  8 28 14  4 22.080  2.05   1
   229871  37.290523 -121.669043     4.383     -183.3      199.2     -517.6      3.8      4.7     11.3 1991  9  6 16 39 27.620  0.93   1
   234881  37.285380 -121.666715     3.448       23.1     -371.7    -1452.6      3.5      3.2      6.7 1991 10 22 17  4 17.460  1.46   1
   238704  37.289661 -121.669645     3.725     -236.7      103.4    -1175.1      2.5      1.6      4.6 1991 12  3  5 24 24.980  2.01   1
   238790  37.289225 -121.669320     3.716     -207.8       55.1    -1184.4      1.8      1.7      4.7 1991 12  4  0  8 49.550  1.89   1
   238816  37.285539 -121.662744     5.932      375.3     -354.0     1031.6      3.4      2.3      5.7 1991 12  4 13 45 39.520  0.99   1
   241590  37.288346 -121.665845     5.693      100.3      -42.4      792.5      2.8      2.3      5.0 1991 12 23 12 33 19.250  1.22   1
   249781  37.289742 -121.666756     5.766       19.5      112.4      865.6      2.7      2.3      5.8 1992  2 10 12 31  5.020  1.61   1
   253921  37.285380 -121.666659     3.424       28.1     -371.7    -1475.9      3.6      3.4      6.3 1992  3  4 13 13  6.220  1.23   1
   261841  37.291561 -121.671077     3.835     -363.7      314.3    -1065.7      4.3      2.8      8.8 1992  4  6  9 39 49.410  0.92   1
   292015  37.286698 -121.667277     3.696      -26.7     -225.3    -1204.4      3.6      3.7      8.8 1992  6  9 12 59 24.230  2.86   1
   303099  37.286218 -121.665088     4.546      167.4     -278.6     -354.1      4.6      3.7      8.3 1992  7  7  2 47 24.660  1.35   1
   304374  37.285510 -121.666699     3.459       24.5     -357.2    -1441.5      3.6      3.4      6.9 1992  7 17  9 51 49.510  1.02   1
   312743  37.290849 -121.670508     3.812     -313.2      235.3    -1088.5      3.4      3.0      5.7 1992  8 29 17  4 29.020  1.64   1
   314921  37.288940 -121.668937     3.834     -173.9       23.5    -1066.7      2.7      2.2      5.0 1992  9 11  1 22 13.650  1.06   1
   322432  37.287048 -121.665755     4.469      108.2     -186.5     -431.0      4.1      3.8      8.6 1992 11  5 12 35  5.470  1.26   1
   327300  37.291549 -121.668571     5.724     -141.4      313.0      824.1      1.7      2.3      5.9 1992 11 29  5  3  2.720  1.73   1
   330647  37.290462 -121.669141     4.396     -192.0      192.4     -504.0      1.6      3.6      9.4 1993  1  2 11 32 10.020  1.10   1
   331552  37.291602 -121.671118     3.844     -367.3      318.8    -1056.1      3.6      3.0      6.1 1993  1  9 17 48 38.720  1.01   1
   331635  37.291337 -121.671061     3.791     -362.3      289.5    -1109.3      3.0      2.7      6.7 1993  1 10 22 13  9.440  1.20   1
   339439  37.285246 -121.662549     5.926      392.6     -386.6     1026.0      3.4      2.3      5.3 1993  3  7  1 47 38.410  1.22   1
   339511  37.285270 -121.662622     5.917      386.1     -383.9     1017.1      4.2      4.1      7.6 1993  3  8  9 25 39.610  1.01   1
   352620  37.289286 -121.669149     3.741     -192.7       61.9    -1159.0      3.5      3.0      7.6 1993  6  8  9 15  1.380  0.83   1
 30036393  37.291618 -121.671118     3.847     -367.3      320.6    -1053.5      3.6      2.9      6.7 1993 12  1  0 25 49.530  0.98   1
   389286  37.288855 -121.669084     3.741     -186.9       14.0    -1159.5      2.4      1.9      5.3 1993 12 20 22 35  7.800  1.77   1
   391772  37.290328 -121.669165     4.258     -194.1      177.5     -641.8      2.3      3.5      9.8 1994  1 19  7 46 39.590  0.96   1
   391983  37.290344 -121.669214     4.410     -198.4      179.3     -490.0      2.4      3.8     10.0 1994  1 20  7 20 41.680  0.90   1
   399980  37.290059 -121.670272     3.597     -292.3      147.7    -1303.3      2.7      2.8      5.8 1994  4  6  4 11 34.960  1.38   1
   400563  37.285384 -121.666634     3.469       30.3     -371.2    -1430.9      3.4      3.1      6.4 1994  4 16 13 10 52.340  2.00   1
   401879  37.289750 -121.666748     5.784       20.2      113.3      883.6      2.3      2.1      6.2 1994  5  8 23  4 53.240  1.61   1
 30049085  37.287976 -121.665495     5.734      131.3      -83.5      833.5      2.6      2.1      5.4 1994  5 13 11 15 14.850  1.56   1
 30051942  37.290963 -121.668034     5.724      -93.8      247.9      823.9      2.3      2.9      5.4 1994  6 30 14 25 51.030  1.83   1
 30051943  37.291789 -121.668685     5.745     -151.5      339.6      845.1      3.3      3.5      6.2 1994  6 30 14 29 15.060  1.38   1
 30054274  37.293424 -121.672754     3.844     -512.3      521.1    -1056.3      3.9      2.8      5.8 1994  8  4 17 19  8.160  1.37   1
 30057908  37.285722 -121.663631     5.741      296.6     -333.7      841.1      2.3      2.1      4.8 1994  9 17 17 57  1.520  2.38   1
 30058785  37.285864 -121.663900     5.729      272.8     -317.9      828.3      2.3      2.1      4.4 1994  9 25 23  4 28.000  2.36   1
 30062741  37.289681 -121.669686     3.789     -240.3      105.7    -1111.1      5.5      2.6      8.1 1994 11 16 16 50 58.150  2.01   1
 30062748  37.289945 -121.669792     3.689     -249.7      135.0    -1211.7      2.9      2.2      6.7 1994 11 16 18  3 42.360  1.27   1
 30069218  37.288961 -121.668766     3.837     -158.8       25.7    -1063.2      3.6      2.2      6.9 1995  3  3  9 38 49.200  1.20   1
 30069222  37.288920 -121.668848     3.782     -166.0       21.2    -1117.9      2.6      2.3      5.3 1995  3  3 12 30 15.850  1.75   1
 30069457  37.288749 -121.668807     3.726     -162.4        2.3    -1174.4      2.8      2.5      6.5 1995  3  7 13 19 41.960  1.26   1
 30071053  37.285836 -121.663086     5.788      344.9     -321.1      887.7      3.2      2.8      5.4 1995  4  5  7 55 21.350  2.80   1
 30072363  37.284680 -121.662606     5.745      387.5     -449.3      844.9      3.8      2.9      6.7 1995  4 26 17 54  9.660  1.14   1
 30073191  37.291630 -121.671029     3.865     -359.4      322.0    -1035.6      3.7      2.7      6.5 1995  5 14 11 18 47.000  1.02   1
 30074975  37.290527 -121.669116     4.459     -189.8      199.6     -440.9      2.6      4.3     10.1 1995  6 15 22 23  1.320  1.34   1
 30076454  37.290926 -121.670736     3.757     -333.4      243.9    -1142.9      3.2      2.7      5.6 1995  7  4 11 20 49.790  2.65   1
 30077970  37.288273 -121.665747     5.684      109.0      -50.6      783.5      5.0      2.6      7.6 1995  7 24  8 37 43.620  1.26   1
 30090632  37.287040 -121.667619     3.698      -57.0     -187.4    -1202.3      3.8      2.7      6.6 1995 11 25 19 22  6.180  2.56   1
 30091051  37.287248 -121.665153     5.669      161.6     -164.4      768.4      4.0      2.5      7.1 1995 12  2  1 12 15.750  1.40   1
 30092060  37.289046 -121.669100     3.698     -188.3       35.2    -1202.2      4.7      3.3      8.9 1995 12 15 18 53 39.820  1.82   1
 30107700  37.293518 -121.672648     3.785     -503.0      531.5    -1115.3      5.0      2.6      9.4 1996  5 30 18 47 12.480  1.35   1
   478138  37.289547 -121.669637     3.707     -236.0       90.8    -1193.3      2.7      1.8      5.1 1996  9  2 20 27  0.360  1.99   1
   478141  37.289884 -121.669881     3.663     -257.6      128.3    -1237.6      3.3      2.7      6.3 1996  9  2 20 36  3.960  1.38   1
   478159  37.288774 -121.668791     3.719     -160.9        5.0    -1181.4      4.0      3.3     11.7 1996  9  3  0  2  4.940  1.17   1
   482382  37.285120 -121.662459     5.923      400.5     -400.6     1023.0      3.0      2.2      5.1 1996 10 19  4 32 38.790  1.30   1
   483500  37.287671 -121.665495     5.659      131.3     -117.4      758.9      2.7      1.9      4.4 1996 11  2 12 22 52.340  2.29   1
   485145  37.285278 -121.666667     3.449       27.4     -382.9    -1451.4      3.4      3.1      5.9 1996 11 20 12 25 42.190  1.93   1
   502047  37.289966 -121.665845     6.181      100.3      137.3     1280.2      4.8      3.0      6.4 1997  4 20 17  8  1.560  1.79   1
   522670  37.286165 -121.664006     5.695      263.4     -284.5      795.0      2.7      2.4      4.9 1997  9 26 19 58  2.480  3.09   1
   523141  37.289665 -121.666740     5.760       20.9      103.9      859.2      2.9      2.5      5.9 1997  9 29  3  7 46.980  1.55   1
   529274  37.289001 -121.669206     3.694     -197.7       30.3    -1206.8      3.0      1.7      5.2 1997 10 28 12  1 44.750  1.61   1
