    16484  37.286149 -121.663306     5.798      325.5     -286.3      897.6      2.2      1.3      3.5 1984  4 24 21 20 23.480  3.57   1
    16527  37.286597 -121.664323     5.758      235.3     -236.6      857.9      2.0      1.3      3.6 1984  4 24 21 23 39.960  3.54   1
    17496  37.291146 -121.666992     6.196       -1.4      268.2     1296.1      1.6      1.5      4.9 1984  4 25  0  4 49.440  1.23   1
    16521  37.286682 -121.667334     3.695      -31.8     -227.2    -1205.6      4.1      3.0      4.7 1984  4 25  4 16 53.440  3.00   1
    17842  37.288932 -121.668921     3.766     -172.5       22.6    -1134.6      1.2      1.3      2.6 1984  4 25  4 35 19.170  1.90   1
    16635  37.294312 -121.670076     6.103     -274.9      619.6     1202.8      1.3      1.4      2.7 1984  4 25  7 22 22.290  1.40   1
    16576  37.287268 -121.663599     6.081      299.5     -162.1     1180.9      5.0      3.1      3.5 1984  4 25 14  6 57.560  1.62   1
    17929  37.289673 -121.666732     5.777       21.6      104.8      876.2      2.1      1.7      4.3 1984  4 25 22 14 23.140  1.80   1
    16659  37.289962 -121.665999     6.190       86.6      136.8     1289.3      1.5      1.3      5.0 1984  4 26  8 54 51.420  1.52   1
    16701  37.291366 -121.667187     6.203      -18.8      292.6     1302.3      1.3      1.5      4.8 1984  4 26 17 22 44.280  1.57   1
    18075  37.288574 -121.667562     4.151      -52.0      -17.2     -749.6      3.0      2.2      8.6 1984  4 26 20 11 12.520  1.17   1
    16751  37.291305 -121.670988     3.761     -355.8      285.9    -1138.9      2.3      2.2      4.1 1984  4 27  7 48 23.500  0.97   1
    16766  37.287939 -121.665535     5.731      127.7      -87.6      830.4      1.9      1.4      4.7 1984  4 27 11  8  9.220  1.31   1
    16802  37.287301 -121.663599     6.082      299.5     -158.5     1181.7      5.0      3.1      3.9 1984  4 27 19  3 15.040  1.31   1
    16821  37.285185 -121.662573     5.864      390.4     -393.3      963.5      2.3      1.8      4.2 1984  4 28  0  4 31.210  0.83   1
    16827  37.284892 -121.662337     5.862      411.3     -425.9      961.3      2.2      1.8      4.3 1984  4 28  1 43 47.850  1.21   1
    16838  37.294312 -121.670068     6.104     -274.2      619.6     1203.4      1.4      1.1      2.7 1984  4 28  3 54 12.200  1.39   1
    16841  37.286186 -121.665088     4.484      167.4     -282.2     -416.5      1.6      1.3      8.6 1984  4 28  4 43 26.310  1.47   1
    19159  37.290548 -121.666423     6.196       49.1      201.9     1295.4      1.3      1.2      4.8 1984  4 28 16 12 43.750  2.09   1
    16885  37.289071 -121.665275     6.169      150.8       37.9     1268.4      1.7      1.3      5.0 1984  4 28 18 53 49.960  2.18   1
    16911  37.288277 -121.665828     5.735      101.8      -50.1      835.0      1.6      1.5      4.5 1984  4 29  2 29 16.340  1.27   1
    17074  37.289905 -121.665934     6.180       92.4      130.5     1279.4      1.4      1.4      4.8 1984  4 30 14 46  1.740  1.59   1
    17272  37.289714 -121.666756     5.772       19.5      109.3      871.9      2.0      1.6      4.4 1984  5  2  7 34 17.770  1.65   1
    17294  37.293172 -121.672607     3.724     -499.4      493.1    -1176.1      1.7      1.2      3.6 1984  5  2 14 32 55.730  1.70   1
    17356  37.285429 -121.666748     3.479       20.2     -366.2    -1421.6      1.2      1.1      2.9 1984  5  2 22 58 42.360  1.77   1
    17669  37.287276 -121.663590     6.096      300.2     -161.2     1195.6      5.0      3.1      4.3 1984  5  3 23 10 52.920  1.04   1
    17723  37.286202 -121.663159     5.820      338.5     -280.4      920.1      2.2      1.5      3.9 1984  5  4 18 42 58.080  3.05   1
    17526  37.287638 -121.665430     5.702      137.1     -121.0      801.6      1.6      1.3      4.5 1984  5  5  3 31 54.930  2.45   1
    17779  37.285954 -121.663843     5.731      277.8     -308.0      830.7      1.8      1.1      3.6 1984  5  7 14 27 20.420  2.85   1
    17794  37.284652 -121.662809     5.754      369.5     -452.5      853.7      1.7      1.8      4.7 1984  5  7 16 34 13.860  1.30   1
    17834  37.294299 -121.670068     6.103     -274.2      618.2     1202.6      1.4      1.2      2.8 1984  5  8  6 55  3.840  1.17   1
    18466  37.285193 -121.662581     5.860      389.7     -392.4      960.0      2.7      2.3      5.0 1984  5 15  1 42 21.350  1.18   1
    18608  37.291541 -121.667342     6.194      -32.5      312.1     1293.6      1.4      1.2      4.8 1984  5 16 17  9 28.700  2.32   1
    18708  37.289526 -121.666683     5.748       26.0       88.5      848.4      3.5      2.1      5.5 1984  5 17  8 43  3.370  3.32   1
    18857  37.285278 -121.662622     5.882      386.1     -382.9      981.7      2.1      1.9      4.3 1984  5 19  4 20 31.710  0.74   1
    19686  37.290417 -121.669238     4.342     -200.6      187.4     -558.3      1.8      1.6      6.5 1984  5 29 23 53  6.840  0.99   1
    19720  37.289799 -121.665780     6.188      106.1      118.8     1288.1      2.3      2.7      6.1 1984  5 30 12 38 10.840  3.00   1
    19745  37.291109 -121.667000     6.189       -2.2      264.2     1289.2      1.7      1.4      5.0 1984  5 30 17  5  4.160  0.80   1
    19776  37.286955 -121.665674     4.471      115.5     -196.9     -428.8      1.3      0.9      8.7 1984  5 31  1 43 34.410  1.22   1
    19860  37.289697 -121.666756     5.769       19.5      107.5      869.2      2.1      1.6      4.4 1984  6  1  3 27 26.880  1.58   1
    19888  37.294299 -121.670052     6.102     -272.8      618.2     1201.7      1.7      1.3      3.4 1984  6  1  9  7  7.310  1.08   1
    19992  37.286430 -121.664176     5.735      248.2     -255.1      835.1      1.8      1.3      3.6 1984  6  2 17 32  6.480  2.92   1
    20113  37.284648 -121.662817     5.746      368.8     -452.9      845.4      1.6      1.8      4.7 1984  6  4 16 23 29.800  1.15   1
    20328  37.292326 -121.667985     6.220      -89.5      399.2     1320.0      2.0      2.2      5.3 1984  6  5 23 51 14.920  0.93   1
    20622  37.287219 -121.665161     5.692      160.9     -167.5      791.9      1.6      1.2      4.6 1984  6 11  4 58 46.580  1.48   1
    20978  37.286125 -121.663216     5.807      333.4     -289.0      907.1      2.1      1.4      3.6 1984  6 16  3 50 27.150  3.13   1
    21561  37.287512 -121.664217     6.214      244.6     -135.0     1313.7      6.5      4.0     11.1 1984  6 26  7 13 18.280  0.80   1
    21644  37.290715 -121.670435     3.776     -306.7      220.4    -1124.2      1.9      1.7      5.5 1984  6 27 14 50 38.140  1.59   1
    22144  37.286186 -121.665104     4.485      166.0     -282.2     -414.8      1.7      1.3      8.7 1984  7  5 12 49 57.720  1.28   1
    22165  37.288586 -121.667594     4.152      -54.8      -15.8     -748.5      3.1      3.4      9.1 1984  7  5 17  6 28.740  0.96   1
    22271  37.290942 -121.670736     3.744     -333.4      245.7    -1155.9      2.0      1.6      4.5 1984  7  7  0 17  9.970  2.67   1
    22280  37.288586 -121.668872     3.706     -168.1      -15.8    -1193.8      1.7      1.2      4.0 1984  7  7  2 35  4.060  1.53   1
    23190  37.289600 -121.669637     3.735     -236.0       96.6    -1165.0      1.5      1.5      2.7 1984  7 17 16 24 49.440  1.85   1
    23195  37.287626 -121.665446     5.701      135.7     -122.4      801.0      1.7      1.4      4.5 1984  7 17 17 53  4.200  2.33   1
    24519  37.289010 -121.669800     3.547     -250.4       31.2    -1353.0      2.1      1.8      4.9 1984  7 30 14 16 49.060  2.31   1
    24674  37.289685 -121.666772     5.771       18.0      106.1      870.6      2.1      1.7      4.4 1984  8  1 12 29 16.890  1.64   1
    25096  37.290027 -121.670410     3.628     -304.5      144.1    -1271.8      1.5      1.4      3.1 1984  8  7  9  7  6.330  1.17   1
    25305  37.290356 -121.669295     4.319     -205.7      180.6     -581.4      1.9      1.4      6.5 1984  8 10  7  4  4.200  0.95   1
    25937  37.285177 -121.662622     5.867      386.1     -394.2      966.6      2.1      1.8      4.3 1984  8 19 20 27 32.960  0.69   1
    26238  37.290487 -121.669442     4.363     -218.7      195.1     -536.9      2.3      1.9      7.0 1984  8 25  0 19 18.360  0.72   1
    27421  37.285461 -121.662785     5.875      371.6     -362.6      974.4      2.1      1.9      3.8 1984  9  6 16 33 41.640  1.41   1
    27683  37.285848 -121.663916     5.715      271.3     -319.7      815.0      2.0      1.4      3.6 1984  9 10 16 24 47.130  2.39   1
    27684  37.285811 -121.663761     5.742      285.1     -323.8      841.7      2.1      1.5      3.5 1984  9 10 16 33 36.940  1.79   1
    27721  37.285221 -121.662614     5.874      386.8     -389.3      974.1      2.2      1.9      4.1 1984  9 11  8 13 54.330  0.83   1
    27722  37.287984 -121.665633     5.729      119.1      -82.6      828.3      1.8      1.4      4.6 1984  9 11  9 29 23.690  1.78   1
    27724  37.289840 -121.665918     6.174       93.8      123.3     1274.2      1.5      1.5      4.8 1984  9 11 10 26  8.190  1.55   1
    28475  37.291557 -121.671175     3.847     -372.4      313.9    -1053.4      2.4      2.7      5.4 1984  9 23  8 43 14.720  1.07   1
    29752  37.285396 -121.666805     3.471       15.2     -369.9    -1428.8      1.3      1.3      3.2 1984 10 10  7 11 54.160  1.90   1
    29901  37.291443 -121.667253     6.200      -24.5      301.2     1299.4      1.5      1.4      4.8 1984 10 12  7 13 23.200  1.21   1
    30009  37.291113 -121.668091     5.725      -98.9      264.6      824.8      2.5      2.3      4.8 1984 10 13 17 32 47.840  1.83   1
    30159  37.290336 -121.669279     4.311     -204.2      178.4     -588.9      1.7      1.5      6.4 1984 10 17 11 39  4.900  0.89   1
    30929  37.290926 -121.668050     5.695      -95.3      243.9      794.5      2.1      1.8      4.7 1984 10 30  2 49 48.600  1.41   1
    31031  37.286328 -121.664062     5.732      258.3     -266.4      831.5      1.9      1.7      3.9 1984 10 31  3  5 11.660  2.89   1
    31037  37.285156 -121.662646     5.856      383.9     -396.5      956.0      2.1      2.0      4.3 1984 10 31 15 28 48.300  0.79   1
    31068  37.284827 -121.662362     5.855      409.2     -433.1      954.7      2.2      2.1      4.5 1984 11  1  5 22 45.950  0.79   1
    31844  37.286198 -121.665096     4.487      166.7     -280.9     -413.6      1.7      1.2      8.7 1984 11 13 11 59  9.360  1.31   1
    32049  37.288928 -121.669100     3.713     -188.3       22.1    -1187.0      1.1      1.1      2.5 1984 11 18  0 28 55.240  1.69   1
    32676  37.285722 -121.662988     5.798      353.6     -333.7      897.8      2.0      1.2      3.2 1984 11 28 11 54 37.810  2.94   1
    35929  37.287313 -121.665210     5.693      156.6     -157.2      793.1      1.5      1.2      4.4 1984 12  1  8  9 13.540  1.74   1
    33786  37.286975 -121.665674     4.476      115.5     -194.6     -424.4      1.8      1.2      8.7 1984 12 10  7 45 41.770  1.43   1
    34527  37.289709 -121.666756     5.767       19.5      108.8      866.5      2.0      1.6      4.4 1984 12 15 10 28 17.680  1.61   1
    34841  37.284709 -121.662882     5.731      363.0     -446.2      830.9      1.9      1.8      4.7 1984 12 19  8 29 34.630  1.35   1
    35109  37.290710 -121.670426     3.775     -306.0      219.9    -1125.4      1.8      1.7      3.6 1984 12 22  4 43 44.710  1.60   1
    38148  37.287036 -121.667611     3.713      -56.3     -187.9    -1187.6      4.0      2.9      5.1 1985  1 19 11 56 37.340  2.49   1
    39944  37.291479 -121.668392     5.712     -125.6      305.3      812.1      2.4      2.0      5.1 1985  2  5 11 42 49.820  2.05   1
    40913  37.289111 -121.665308     6.168      147.9       42.4     1267.4      1.6      1.3      4.9 1985  2 13 23 52 25.080  1.70   1
    41574  37.290422 -121.669263     4.337     -202.8      187.9     -563.7      2.3      1.6      6.6 1985  2 16 20 53  7.160  1.20   1
    42349  37.289001 -121.668970     3.783     -176.8       30.3    -1117.4      2.0      1.6      3.7 1985  2 28  1  9 58.300  0.84   1
    42555  37.288892 -121.668888     3.765     -169.6       18.1    -1135.2      1.3      1.4      2.6 1985  3  2  6 53 56.010  1.74   1
    42559  37.289608 -121.669629     3.770     -235.3       97.5    -1129.9      1.9      1.5      5.0 1985  3  2  8 55  3.470  1.91   1
    42643  37.289181 -121.669312     3.704     -207.1       50.1    -1195.9      1.4      1.3      2.4 1985  3  2  8 55 29.590  2.08   1
    42560  37.289966 -121.669938     3.698     -262.7      137.3    -1202.5      1.3      1.6      3.0 1985  3  2  8 58  0.480  1.22   1
    43546  37.289494 -121.666772     5.741       18.0       84.9      840.3      3.5      2.0      5.4 1985  3 12  4  3 59.980  3.24   1
    43580  37.289718 -121.666789     5.772       16.6      109.7      871.9      2.1      1.6      4.5 1985  3 12  4  4 51.800  2.04   1
    44335  37.286100 -121.664038     5.731      260.5     -291.7      830.3      2.0      1.3      3.5 1985  3 20  4 57 39.190  2.56   1
    44729  37.287154 -121.665137     5.717      163.1     -174.8      816.9      1.9      1.3      4.6 1985  3 26 11 50 46.600  1.26   1
    45835  37.287874 -121.664909     5.866      183.3      -94.8      965.9      6.8      6.3     17.3 1985  4 10 18 45 20.620  1.07   1
    46041  37.294299 -121.670044     6.097     -272.0      618.2     1197.2      1.4      1.5      3.4 1985  4 13 14  1 53.470  1.16   1
    47288  37.285502 -121.666862     3.464       10.1     -358.1    -1436.2      1.7      1.5      3.1 1985  5  5 16 50  5.800  0.94   1
    49151  37.285539 -121.666943     3.458        2.9     -354.0    -1442.3      1.3      1.6      3.5 1985  6  8  4 58 49.900  0.64   1
    49626  37.291512 -121.671094     3.785     -365.1      308.9    -1115.3      2.2      2.6      5.1 1985  6 15  1 38 57.380  0.94   1
    49633  37.286247 -121.665129     4.479      163.8     -275.5     -421.7      1.7      1.7      8.7 1985  6 16  5 24 54.700  1.29   1
    50591  37.287732 -121.668083     3.724      -98.1     -110.6    -1176.2      2.9      1.9      5.0 1985  7  4  3  6  5.160  1.06   1
    51288  37.285486 -121.666903     3.451        6.5     -359.9    -1449.6      1.3      1.5      3.2 1985  7 17 13 58 38.250  1.02   1
    51325  37.285775 -121.662931     5.856      358.7     -327.9      956.1      2.2      1.6      3.3 1985  7 17 23 39 58.840  1.89   1
    51378  37.285242 -121.662630     5.856      385.4     -387.0      955.7      2.3      1.7      4.1 1985  7 18 23 42  1.800  0.97   1
    51398  37.290389 -121.669295     4.321     -205.7      184.2     -579.0      2.0      1.9      6.6 1985  7 19  9 58 16.960  0.97   1
    52580  37.289726 -121.666829     5.768       13.0      110.6      867.6      2.1      1.6      4.5 1985  8  9 11 45  2.020  1.60   1
    54084  37.289644 -121.669645     3.727     -236.7      101.6    -1173.3      1.9      1.2      2.9 1985  8 28 20 35 10.100  1.58   1
    57271  37.293461 -121.672795     3.746     -516.0      525.2    -1154.6      1.0      1.3      3.6 1985 10 19 16 33 20.030  1.38   1
    57273  37.293221 -121.672681     3.720     -505.8      498.6    -1179.8      1.0      0.9      3.7 1985 10 19 17 35 48.940  1.66   1
    57770  37.290059 -121.670483     3.632     -311.0      147.7    -1268.5      1.5      1.6      3.1 1985 10 28  3 55 38.130  1.31   1
    58027  37.290914 -121.668018     5.713      -92.4      242.5      812.5      2.2      1.7      4.8 1985 10 31 23 53 38.440  1.96   1
    58028  37.291703 -121.668693     5.714     -152.3      330.1      813.8      2.6      2.0      5.2 1985 10 31 23 55 40.960  1.46   1
    58676  37.290210 -121.666260     6.174       63.5      164.4     1273.5      1.5      1.7      4.8 1985 11  9 23 12 11.080  1.88   1
    59070  37.286845 -121.664624     5.748      208.6     -209.1      848.0      1.9      1.6      4.6 1985 11 14  9 21  5.080  0.97   1
    61248  37.284717 -121.662874     5.743      363.7     -445.3      843.2      1.8      1.9      4.8 1985 12 12  7 33 37.950  1.16   1
    61462  37.288611 -121.667635     4.146      -58.5      -13.1     -754.7      2.6      2.1      5.8 1985 12 14 18 25 45.080  1.09   1
    61809  37.290405 -121.669287     4.328     -204.9      186.1     -572.3      2.2      1.7      6.5 1985 12 19  0  2 10.460  0.97   1
    62142  37.290422 -121.669385     4.323     -213.6      187.9     -577.2      2.1      1.8      6.7 1985 12 24 21 18 58.720  0.89   1
    62514  37.288940 -121.669141     3.695     -192.0       23.5    -1205.1      1.3      1.4      2.5 1985 12 31 15 50 52.230  1.74   1
    62520  37.288957 -121.668962     3.752     -176.1       25.3    -1148.5      1.6      1.5      2.6 1985 12 31 18  3  3.480  1.62   1
    65047  37.287032 -121.665698     4.468      113.3     -188.3     -432.6      1.7      1.4      8.7 1986  1 30  3 31 43.810  1.30   1
    65406  37.285250 -121.662614     5.881      386.8     -386.1      980.4      2.1      1.8      4.0 1986  2  2  8 26 42.650  1.18   1
    66346  37.285465 -121.666829     3.461       13.0     -362.2    -1439.7      1.3      1.2      2.5 1986  2 11 10 37 16.920  1.40   1
    66201  37.285531 -121.666829     3.468       13.0     -355.0    -1432.2      1.6      1.5      2.5 1986  2 11 11 50  0.620  1.50   1
    67820  37.290800 -121.670451     3.763     -308.1      229.9    -1137.1      1.7      1.6      3.7 1986  3  8 10 32  4.410  1.63   1
    67803  37.286247 -121.665104     4.483      166.0     -275.5     -417.3      1.8      2.2      8.7 1986  3  9 18 55 22.760  1.42   1
    70356  37.286837 -121.664738     5.760      198.5     -210.0      859.9      2.2      1.6      4.0 1986  4  4 10 16 40.970  3.19   1
    70373  37.287626 -121.665519     5.704      129.2     -122.4      804.0      2.9      2.5      5.2 1986  4  4 10 17 30.150  2.37   1
    70083  37.285250 -121.662638     5.867      384.6     -386.1      967.0      2.2      1.9      4.3 1986  4 12  7 13 35.460  1.00   1
    70826  37.294328 -121.670036     6.091     -271.3      621.4     1190.9      1.5      1.4      3.3 1986  4 21  8 46 14.270  0.99   1
    73536  37.291097 -121.668237     5.729     -111.9      262.8      828.4      2.6      2.3      4.7 1986  5 29  1 41 52.560  1.51   1
    73786  37.289103 -121.669686     3.428     -240.3       41.5    -1472.4      3.9      2.9      5.6 1986  6  1 10 51 31.460  1.21   1
    73850  37.289730 -121.666821     5.764       13.7      111.1      864.0      2.2      1.8      4.5 1986  6  2  5  8 18.340  1.52   1
    76654  37.286137 -121.663403     5.801      316.8     -287.7      900.4      2.0      1.3      3.3 1986  7 16 20 59  3.320  2.98   1
    76560  37.285181 -121.662655     5.848      383.2     -393.8      948.1      2.1      1.9      4.1 1986  7 17  4 26  2.170  0.83   1
    77218  37.289591 -121.669718     3.723     -243.2       95.7    -1177.2      1.3      1.4      2.6 1986  7 25  9 22 50.290  2.26   1
    77283  37.289172 -121.669401     3.713     -215.0       49.2    -1187.7      1.0      1.1      2.5 1986  7 25  9 23  5.480  2.35   1
    77296  37.289921 -121.670028     3.726     -270.6      132.3    -1174.1      1.4      1.3      3.2 1986  7 25 16  1 52.100  1.15   1
    81016  37.291793 -121.671281     3.726     -381.7      340.0    -1174.1      2.7      3.2      8.2 1986  9  2  7 22  7.550  0.52   1
    81017  37.291585 -121.671110     3.750     -366.6      317.0    -1150.7      2.2      2.5      5.6 1986  9  2  7 24 15.870  0.83   1
    81735  37.287948 -121.665625     5.729      119.8      -86.7      828.3      1.6      1.3      4.4 1986  9  8 23  4 33.440  1.55   1
    82606  37.290995 -121.670858     3.764     -344.2      251.5    -1136.2      1.9      1.6      4.3 1986  9 15 20 17 49.920  2.67   1
    83579  37.290462 -121.669434     4.289     -217.9      192.4     -611.4      2.0      1.5      6.8 1986  9 22 19 39 11.020  0.83   1
    83805  37.290820 -121.670540     3.774     -316.1      232.1    -1125.5      1.7      1.8      3.6 1986  9 25 12  1 52.830  1.36   1
    85194  37.286629 -121.667358     3.709      -33.9     -233.0    -1191.5      4.1      3.1      4.8 1986 10  9  2  6 22.720  2.95   1
    85669  37.285396 -121.666854     3.445       10.8     -369.9    -1455.6      1.5      1.1      2.7 1986 10 14 15 13 49.290  1.43   1
    87103  37.288542 -121.667562     4.120      -52.0      -20.8     -780.3      3.3      2.4      8.6 1986 11  3  8 20 28.780  0.94   1
    87964  37.284676 -121.662866     5.730      364.4     -449.8      829.7      1.9      1.8      4.6 1986 11 14 11 55 11.210  0.96   1
    88698  37.291557 -121.671094     3.751     -365.1      313.9    -1149.8      2.2      2.4      4.9 1986 11 25 13  0 35.660  1.01   1
    90036  37.290202 -121.669344     4.306     -210.0      163.5     -594.4      2.7      1.9      7.6 1986 12 12 17 46 44.360  0.64   1
    90485  37.290365 -121.669246     4.290     -201.3      181.5     -609.8      2.0      1.7      6.2 1986 12 18  2  5 30.480  1.09   1
    93248  37.289091 -121.669873     3.540     -256.9       40.2    -1360.3      3.3      2.8      6.1 1987  1 26 13 47 46.830  2.35   1
    95188  37.285197 -121.662533     5.858      394.0     -392.0      957.9      2.1      1.9      4.3 1987  2 21  7 40 45.210  1.18   1
    95317  37.285193 -121.662557     5.842      391.9     -392.4      942.2      2.1      1.8      4.3 1987  2 23 17  5  2.320  0.91   1
    97576  37.290458 -121.669425     4.278     -217.2      191.9     -622.2      4.8      3.4     12.3 1987  3 29 10  2  1.050  0.79   1
    98812  37.288550 -121.667611     4.099      -56.3      -19.9     -800.9      2.6      2.2      5.8 1987  4 17 16 13 47.300  1.18   1
   101361  37.289616 -121.669686     3.723     -240.3       98.4    -1177.5      1.8      1.4      2.9 1987  6  3  6 56  7.740  1.92   1
   101362  37.288912 -121.669173     3.705     -194.8       20.3    -1195.3      1.5      1.4      2.5 1987  6  3  6 58 51.320  1.74   1
   101659  37.287638 -121.665503     5.696      130.6     -121.0      795.2      1.7      1.1      4.5 1987  6  9  2  2 39.460  2.37   1
   102139  37.287524 -121.668026     3.642      -93.1     -133.7    -1258.7      3.4      2.7      6.8 1987  6 20 16 35 35.960  0.82   1
   102776  37.291553 -121.671102     3.746     -365.9      313.4    -1154.7      2.2      2.5      5.1 1987  7  7  1 44 26.990  1.01   1
   103138  37.289221 -121.669450     3.713     -219.4       54.6    -1186.5      1.4      1.1      2.5 1987  7 14 19  2 57.020  1.72   1
   103702  37.289705 -121.666797     5.761       15.9      108.4      860.7      2.1      1.6      4.4 1987  7 28  7  4 28.800  1.51   1
   103833  37.291085 -121.668229     5.723     -111.1      261.5      822.4      2.3      2.1      4.8 1987  8  1  1 40 41.980  1.94   1
   105327  37.287374 -121.667879     3.721      -80.1     -150.4    -1179.1      3.6      2.4      5.9 1987  9  4 10 31 17.310  1.74   1
   105800  37.289075 -121.666341     5.716       56.3       38.4      815.8      2.3      1.7      4.7 1987  9 14 23  7 17.840  0.83   1
   106343  37.290466 -121.669474     4.254     -221.5      192.8     -646.7      2.1      2.3      9.3 1987  9 27  7 19 34.920  0.75   1
   106370  37.290356 -121.669255     4.313     -202.1      180.6     -587.1      1.9      1.5      6.6 1987  9 27  8 23 11.780  0.96   1
   106462  37.288538 -121.667643     4.118      -59.2      -21.2     -782.3      2.0      1.8      5.7 1987  9 29  4 47  3.550  0.92   1
   107299  37.285522 -121.662891     5.909      362.3     -355.9     1009.0      2.1      1.7      4.3 1987 10 17  9 43 42.990  1.55   1
   107927  37.289486 -121.666854     5.750       10.8       84.0      849.6      3.3      2.0      5.2 1987 11  1 22 11 13.060  3.15   1
   107902  37.289726 -121.666870     5.762        9.4      110.6      861.8      2.0      1.5      4.4 1987 11  1 22 13 47.560  1.56   1
   107906  37.287956 -121.665609     5.729      121.2      -85.8      828.5      1.8      1.5      4.5 1987 11  2  3  6 28.290  1.52   1
   108512  37.285384 -121.666813     3.452       14.4     -371.2    -1448.7      1.2      1.2      3.1 1987 11 16 23 19  9.000  1.98   1
   109132  37.290308 -121.669287     4.280     -204.9      175.2     -619.9      3.3      2.9      9.2 1987 11 27  4  7 50.420  0.67   1
   110939  37.289978 -121.670337     3.551     -298.0      138.6    -1349.0      1.9      1.9      3.8 1988  1 15  1 56 42.310  1.39   1
   112178  37.285380 -121.662476     5.836      399.1     -371.7      935.7      3.5      3.0      6.9 1988  2 10 20 13  1.200  0.94   1
   112230  37.286072 -121.665137     4.440      163.1     -294.9     -460.0      1.5      1.3      8.7 1988  2 13  4 54 35.870  1.36   1
   112868  37.291581 -121.671110     3.740     -366.6      316.6    -1160.2      2.4      2.5      5.9 1988  2 25 10  0 17.780  0.92   1
   113569  37.291451 -121.667301     6.172      -28.9      302.1     1272.0      1.4      1.2      4.8 1988  3  9  2  8 11.840  1.40   1
   114006  37.285913 -121.663753     5.742      285.8     -312.5      842.0      1.9      1.2      3.8 1988  3 16 23 10  6.640  2.45   1
   115994  37.290934 -121.668034     5.707      -93.8      244.8      806.5      2.3      1.9      4.8 1988  4 21  4 42 14.550  1.94   1
   115996  37.291720 -121.668677     5.695     -150.8      331.9      794.3      2.4      2.2      5.2 1988  4 21  4 48 47.890  0.84   1
   116401  37.289107 -121.665324     6.156      146.5       42.0     1256.2      1.4      1.4      5.0 1988  4 29  7 29 57.200  1.68   1
   116406  37.289360 -121.665495     6.166      131.3       70.0     1265.7      1.5      1.4      4.9 1988  4 29  7 47 21.590  1.99   1
   117175  37.289709 -121.666797     5.749       15.9      108.8      848.7      2.1      1.6      4.4 1988  5 13 17 17 30.760  1.52   1
   119615  37.290108 -121.666162     6.164       72.2      153.1     1263.6      1.5      1.3      4.8 1988  6 27  4 18 37.320  2.52   1
   119610  37.290047 -121.666081     6.166       79.4      146.3     1266.0      1.4      1.2      4.7 1988  6 27  4 18 52.410  2.72   1
   119763  37.290401 -121.669230     4.276     -199.9      185.6     -623.2      3.0      1.8      8.0 1988  6 30 23 52 27.360  0.97   1
   119888  37.285242 -121.662581     5.847      389.7     -387.0      946.3      2.1      2.2      4.4 1988  7  5  5  2 33.820  0.83   1
   120788  37.290723 -121.670516     3.776     -313.9      221.3    -1124.7      1.7      1.6      3.5 1988  7 23 10 42 21.740  1.53   1
   120974  37.290487 -121.669385     4.273     -213.6      195.1     -627.0      2.4      2.4      7.4 1988  7 26 18  9 59.220  0.80   1
   126189  37.289575 -121.669727     3.731     -243.9       93.9    -1169.2      1.0      1.1      2.5 1988 11  2  3  9 12.610  1.93   1
   126292  37.288879 -121.669189     3.711     -196.3       16.7    -1188.8      1.5      1.2      2.6 1988 11  3  1 30  4.280  1.71   1
   126389  37.288912 -121.669051     3.781     -184.0       20.3    -1119.1      1.4      1.2      2.6 1988 11  4 13 34 34.720  1.87   1
   126560  37.284701 -121.662939     5.734      357.9     -447.1      833.3      1.7      1.8      4.7 1988 11  7 17 51 17.980  1.24   1
   126901  37.285535 -121.666927     3.504        4.3     -354.5    -1395.9      1.8      1.2      4.8 1988 11 12 18 11 57.680  1.07   1
   129454  37.286161 -121.662842     6.398      366.6     -285.0     1498.0      7.9      5.1     13.1 1988 12 30 23 53 29.880  1.74   1
   129428  37.286711 -121.662931     6.240      358.7     -224.0     1339.3     14.9     10.0     14.3 1988 12 30 23 54 24.000  4.30   1
   129887  37.290458 -121.669466     4.303     -220.8      191.9     -597.2      2.5      1.7      7.5 1989  1 13 10  9  6.070  0.94   1
   131766  37.289124 -121.665324     6.149      146.5       43.8     1248.4      1.6      1.5      5.4 1989  2 22 14 10 28.230  1.79   1
   132424  37.287142 -121.667733     3.697      -67.1     -176.1    -1203.4      4.0      2.8      5.1 1989  3  7 15  3 21.870  2.62   1
   132469  37.285567 -121.662752     5.854      374.5     -350.9      953.7      2.3      1.7      4.0 1989  3  8 14 47  1.080  1.40   1
   132715  37.285331 -121.662402     5.897      405.6     -377.1      996.8      2.1      1.8      4.2 1989  3 12  7 15 43.550  0.81   1
   139260  37.290446 -121.669189     4.393     -196.3      190.6     -507.7      1.9      1.6      6.5 1989  7  1  1 11 28.510  0.96   1
   140151  37.287231 -121.663949     6.210      268.4     -166.2     1309.5      6.3      3.7      8.7 1989  7 16 21 54  2.440  1.65   1
   140303  37.285535 -121.666732     3.656       21.6     -354.5    -1244.3      1.9      1.4      5.2 1989  7 19  8 51 59.540  1.28   1
   142196  37.288562 -121.667448     4.163      -41.9      -18.5     -737.4      3.4      2.6      9.5 1989  8 14  4  7  9.360  1.25   1
   144026  37.285229 -121.662573     5.891      390.4     -388.4      991.1      2.0      1.8      4.1 1989  9 14 10 35 38.140  0.87   1
   144648  37.287537 -121.665308     5.682      147.9     -132.3      781.8      1.9      1.5      4.8 1989  9 26 17  2  0.820  0.92   1
   144843  37.291105 -121.668164     5.743     -105.4      263.7      842.7      2.5      2.1      4.8 1989 10  1 18 21 45.920  1.78   1
   148939  37.289022 -121.669067     3.711     -185.5       32.5    -1189.0      1.6      1.6      2.8 1989 12 13  5 33 46.080  1.60   1
   149804  37.293197 -121.672567     3.727     -495.7      495.8    -1173.2      1.7      1.3      4.1 1989 12 30  6 19 29.350  1.59   1
   150901  37.287052 -121.665666     4.468      116.2     -186.1     -432.5      1.8      1.6      8.7 1990  1 19  9 24  8.400  1.24   1
   151583  37.285490 -121.666724     3.491       22.4     -359.5    -1409.7      2.3      2.0      7.0 1990  1 31  5  8 47.310  1.38   1
   153849  37.285400 -121.662638     5.878      384.6     -369.4      977.9      2.5      1.9      4.7 1990  3  6 23  9 12.960  0.83   1
   154124  37.287732 -121.665365     5.693      142.9     -110.6      793.1      1.5      1.2      4.5 1990  3 11 11 52 34.830  2.34   1
   155780  37.285470 -121.666650     3.477       28.9     -361.7    -1423.2      1.7      1.4      2.6 1990  4 11  5 35 19.420  1.33   1
   157462  37.286418 -121.664062     5.767      258.3     -256.5      866.8      1.9      1.4      3.6 1990  5 10 16 43 48.520  3.18   1
   157486  37.284741 -121.662598     5.700      388.2     -442.6      799.2      1.9      1.9      5.0 1990  5 11 22 59 22.960  0.97   1
   157494  37.290356 -121.668945     4.274     -174.6      180.6     -626.1      2.9      1.5      7.6 1990  5 12  2 57 13.600  0.81   1
   157758  37.289795 -121.666724     5.786       22.4      118.3      886.0      2.1      1.6      4.4 1990  5 16  4 10 37.430  1.59   1
   158154  37.291589 -121.671045     3.833     -360.8      317.5    -1067.6      2.7      2.5      5.6 1990  5 23 11 11 37.580  1.03   1
   158290  37.291842 -121.671289     3.846     -382.5      345.5    -1054.4      2.6      2.7      5.3 1990  5 23 16 30 36.550  0.82   1
 20091514  37.285974 -121.663216     5.878      333.4     -305.7      977.9      2.1      1.2      3.6 1990  6 11  1 38 14.370  3.10   1
   159156  37.288066 -121.664909     5.920      183.3      -73.6     1019.4      7.0      5.9     18.8 1990  6 11  2 45 19.820  1.25   1
   160503  37.289673 -121.669572     3.816     -230.2      104.8    -1084.8      1.2      1.5      3.0 1990  7  5 20  4 42.800  1.71   1
   161358  37.290487 -121.669010     4.351     -180.4      195.1     -549.3      2.5      2.1      7.4 1990  7 20  5 51 45.700  0.96   1
 20092038  37.292493 -121.667887     6.165      -80.8      417.7     1264.4     13.0     12.4     14.9 1990  8 17  2 26 16.740  3.68   1
   163527  37.291154 -121.666927     6.239        4.3      269.1     1339.1      1.6      1.5      4.9 1990  9  1 17 25 25.320  0.96   1
   165437  37.290430 -121.667497     5.714      -46.2      188.8      814.1      2.3      1.9      4.4 1990 10 17  6 15 15.710  1.80   1
   204801  37.290540 -121.669157     4.388     -193.4      201.0     -512.3      2.4      1.9      7.4 1991  1 15 17 29 20.200  0.94   1
   205031  37.290092 -121.670280     3.585     -293.0      151.3    -1315.4      1.8      1.6      3.5 1991  1 20  5  0 30.930  1.17   1
   205737  37.287618 -121.667806     3.696      -73.6     -123.3    -1204.0      3.5      3.2      8.3 1991  2  2  5 39  6.910  0.83   1
   206508  37.287756 -121.667952     3.723      -86.6     -107.9    -1176.2      2.2      2.0      4.8 1991  2 13 19 31  5.060  1.22   1
   207043  37.289058 -121.669751     3.531     -246.1       36.6    -1369.5      2.1      1.9      4.5 1991  2 22 15 51 34.750  2.28   1
   208364  37.291569 -121.671061     3.824     -362.3      315.2    -1076.0      2.7      2.6      4.6 1991  3 22 11 23 27.560  1.05   1
   208389  37.291833 -121.671208     3.831     -375.2      344.6    -1069.5      3.1      3.0      6.7 1991  3 22 11 34  4.350  0.81   1
   211885  37.285262 -121.662467     5.889      399.8     -384.8      988.4      2.0      1.7      4.0 1991  5  4  6 30 12.620  0.94   1
   212119  37.285254 -121.662500     5.894      396.9     -385.7      993.4      2.1      1.8      4.1 1991  5  9  0 14 24.910  1.22   1
   215747  37.289018 -121.669035     3.701     -182.6       32.1    -1198.9      1.4      1.3      2.8 1991  5 29  9 45 22.620  1.83   1
   220702  37.284668 -121.662573     5.675      390.4     -450.7      775.1      1.8      1.9      5.0 1991  6 22 16 36 38.560  1.21   1
   227435  37.290096 -121.670288     3.582     -293.7      151.7    -1318.7      2.2      1.8      3.8 1991  8 10 17  6  5.760  1.23   1
   227542  37.285388 -121.666732     3.439       21.6     -370.8    -1461.1      1.5      1.4      3.8 1991  8 12  9 56  3.630  1.43   1
   228484  37.287646 -121.665381     5.691      141.4     -120.1      791.0      1.7      1.8      5.0 1991  8 21 17  7 40.400  2.27   1
   229053  37.290877 -121.667912     5.721      -83.0      238.4      820.8      2.4      2.0      5.1 1991  8 28 14  4 22.080  2.05   1
   229871  37.290592 -121.669027     4.399     -181.8      206.8     -501.5      2.4      1.6      6.5 1991  9  6 16 39 27.620  0.93   1
   234881  37.285437 -121.666732     3.451       21.6     -365.3    -1449.3      1.9      1.9      3.1 1991 10 22 17  4 17.460  1.46   1
   238704  37.289681 -121.669621     3.721     -234.5      105.7    -1179.7      1.2      1.4      2.7 1991 12  3  5 24 24.980  2.01   1
   238790  37.289242 -121.669295     3.709     -205.7       56.9    -1191.2      1.5      1.3      2.6 1991 12  4  0  8 49.550  1.89   1
   238816  37.285596 -121.662728     5.911      376.7     -347.7     1011.2      2.1      1.8      4.2 1991 12  4 13 45 39.520  0.99   1
   241590  37.288387 -121.665804     5.702      103.9      -37.9      801.6      2.0      1.7      4.6 1991 12 23 12 33 19.250  1.22   1
   249781  37.289799 -121.666732     5.791       21.6      118.8      890.8      2.2      1.8      4.5 1992  2 10 12 31  5.020  1.61   1
   253921  37.285429 -121.666699     3.422       24.5     -366.2    -1478.6      1.6      1.4      2.5 1992  3  4 13 13  6.220  1.23   1
   261841  37.291528 -121.671037     3.834     -360.1      310.7    -1066.1      2.6      2.9      5.5 1992  4  6  9 39 49.410  0.92   1
   292015  37.286702 -121.667350     3.739      -33.2     -224.9    -1161.6      4.0      3.0      4.7 1992  6  9 12 59 24.230  2.86   1
   303099  37.286251 -121.664982     4.571      176.8     -275.0     -329.2      1.7      1.6      8.1 1992  7  7  2 47 24.660  1.35   1
   304374  37.285543 -121.666764     3.459       18.8     -353.6    -1441.0      1.3      1.3      2.8 1992  7 17  9 51 49.510  1.02   1
   312743  37.290816 -121.670483     3.818     -311.0      231.7    -1082.1      1.9      2.0      4.7 1992  8 29 17  4 29.020  1.64   1
   314921  37.288957 -121.668937     3.820     -173.9       25.3    -1080.6      1.5      1.6      3.9 1992  9 11  1 22 13.650  1.06   1
   322432  37.287061 -121.665658     4.468      116.9     -185.2     -432.6      1.6      1.5      8.7 1992 11  5 12 35  5.470  1.26   1
   327300  37.291516 -121.668465     5.723     -132.1      309.3      822.8      2.3      2.0      5.0 1992 11 29  5  3  2.720  1.73   1
   330647  37.290495 -121.669165     4.412     -194.1      196.0     -488.0      1.5      1.7      6.4 1993  1  2 11 32 10.020  1.10   1
   331552  37.291553 -121.671086     3.833     -364.4      313.4    -1067.3      2.1      2.5      4.7 1993  1  9 17 48 38.720  1.01   1
   331635  37.291317 -121.671053     3.793     -361.5      287.2    -1107.1      2.2      2.4      4.3 1993  1 10 22 13  9.440  1.20   1
   339439  37.285291 -121.662549     5.907      392.6     -381.6     1007.1      2.1      1.8      4.0 1993  3  7  1 47 38.410  1.22   1
   339511  37.285339 -121.662638     5.901      384.6     -376.2     1000.2      2.2      2.2      4.4 1993  3  8  9 25 39.610  1.01   1
   352620  37.289299 -121.669149     3.739     -192.7       63.2    -1161.0      2.2      1.8      4.5 1993  6  8  9 15  1.380  0.83   1
 30036393  37.291602 -121.671102     3.859     -365.9      318.8    -1041.4      2.4      3.0      5.4 1993 12  1  0 25 49.530  0.98   1
   389286  37.288888 -121.669067     3.726     -185.5       17.6    -1174.4      1.4      1.4      2.8 1993 12 20 22 35  7.800  1.77   1
   391772  37.290352 -121.669165     4.271     -194.1      180.2     -629.7      1.6      1.5      6.6 1994  1 19  7 46 39.590  0.96   1
   391983  37.290389 -121.669214     4.431     -198.4      184.2     -469.5      1.6      1.7      6.5 1994  1 20  7 20 41.680  0.90   1
   399980  37.290100 -121.670256     3.583     -290.8      152.2    -1317.4      1.6      1.5      4.2 1994  4  6  4 11 34.960  1.38   1
   400563  37.285425 -121.666675     3.472       26.7     -366.7    -1428.2      1.3      1.1      2.4 1994  4 16 13 10 52.340  2.00   1
   401879  37.289815 -121.666715     5.814       23.1      120.6      913.4      2.1      1.7      4.5 1994  5  8 23  4 53.240  1.61   1
 30049085  37.288021 -121.665454     5.747      134.9      -78.6      846.9      1.6      1.2      4.7 1994  5 13 11 15 14.850  1.56   1
 30051942  37.291003 -121.667961     5.739      -87.3      252.4      838.4      2.3      2.0      5.0 1994  6 30 14 25 51.030  1.83   1
 30051943  37.291797 -121.668579     5.757     -142.2      340.5      856.6      2.4      2.3      5.1 1994  6 30 14 29 15.060  1.38   1
 30054274  37.293441 -121.672656     3.811     -503.7      522.9    -1088.9      1.9      1.1      3.8 1994  8  4 17 19  8.160  1.37   1
 30057908  37.285742 -121.663639     5.760      295.9     -331.5      859.9      1.9      1.2      3.6 1994  9 17 17 57  1.520  2.38   1
 30058785  37.285885 -121.663908     5.742      272.1     -315.7      841.4      2.0      1.2      3.5 1994  9 25 23  4 28.000  2.36   1
 30062741  37.289661 -121.669564     3.754     -229.5      103.4    -1146.7      1.5      1.3      3.1 1994 11 16 16 50 58.150  2.01   1
 30062748  37.289966 -121.669743     3.665     -245.4      137.3    -1235.6      2.0      1.7      3.4 1994 11 16 18  3 42.360  1.27   1
 30069218  37.288997 -121.668774     3.826     -159.5       29.8    -1074.5      1.8      2.0      3.2 1995  3  3  9 38 49.200  1.20   1
 30069222  37.288940 -121.668831     3.777     -164.5       23.5    -1123.3      1.7      1.5      3.0 1995  3  3 12 30 15.850  1.75   1
 30069457  37.288770 -121.668815     3.718     -163.1        4.5    -1182.3      1.7      1.6      3.1 1995  3  7 13 19 41.960  1.26   1
 30071053  37.285856 -121.663102     5.798      343.5     -318.8      898.1      2.0      1.2      3.4 1995  4  5  7 55 21.350  2.80   1
 30072363  37.284696 -121.662598     5.728      388.2     -447.5      827.2      1.9      1.9      4.8 1995  4 26 17 54  9.660  1.14   1
 30073191  37.291610 -121.671004     3.874     -357.2      319.7    -1025.8      2.5      2.6      4.8 1995  5 14 11 18 47.000  1.02   1
 30074975  37.290564 -121.669116     4.482     -189.8      203.7     -417.9      2.0      2.3      6.9 1995  6 15 22 23  1.320  1.34   1
 30076454  37.290898 -121.670728     3.766     -332.7      240.7    -1134.5      1.9      1.8      4.7 1995  7  4 11 20 49.790  2.65   1
 30077970  37.288318 -121.665690     5.696      114.0      -45.6      795.2      2.3      1.8      5.4 1995  7 24  8 37 43.620  1.26   1
 30090632  37.287056 -121.667627     3.722      -57.7     -185.6    -1178.8      4.1      2.8      4.6 1995 11 25 19 22  6.180  2.56   1
 30091051  37.287329 -121.665169     5.719      160.2     -155.3      818.6      1.7      1.8      5.2 1995 12  2  1 12 15.750  1.40   1
 30092060  37.289058 -121.669149     3.713     -192.7       36.6    -1187.6      1.7      1.6      2.8 1995 12 15 18 53 39.820  1.82   1
 30107700  37.293518 -121.672583     3.783     -497.2      531.5    -1117.4      1.5      1.6      3.9 1996  5 30 18 47 12.480  1.35   1
   478138  37.289551 -121.669596     3.708     -232.4       91.2    -1192.7      1.9      1.4      3.2 1996  9  2 20 27  0.360  1.99   1
   478141  37.289876 -121.669792     3.626     -249.7      127.3    -1274.0      2.0      1.7      3.6 1996  9  2 20 36  3.960  1.38   1
   478159  37.288765 -121.668766     3.699     -158.8        4.1    -1201.2      1.4      1.6      3.3 1996  9  3  0  2  4.940  1.17   1
   482382  37.285156 -121.662443     5.909      402.0     -396.5     1009.1      2.1      1.9      4.1 1996 10 19  4 32 38.790  1.30   1
   483500  37.287667 -121.665454     5.678      134.9     -117.9      778.2      1.4      1.0      4.5 1996 11  2 12 22 52.340  2.29   1
   485145  37.285311 -121.666732     3.449       21.6     -379.3    -1451.1      1.2      1.4      2.7 1996 11 20 12 25 42.190  1.93   1
   502047  37.289933 -121.665959     6.191       90.2      133.7     1290.2      1.3      1.1      4.7 1997  4 20 17  8  1.560  1.79   1
   522670  37.286165 -121.664030     5.705      261.2     -284.5      804.2      1.8      1.8      3.7 1997  9 26 19 58  2.480  3.09   1
   523141  37.289697 -121.666707     5.782       23.8      107.5      882.1      2.1      1.7      4.5 1997  9 29  3  7 46.980  1.55   1
   529274  37.289010 -121.669181     3.691     -195.6       31.2    -1208.9      1.9      1.1      3.1 1997 10 28 12  1 44.750  1.61   1
