    16484  37.285779 -121.663599     6.389      299.5     -327.4     1488.7    119.8    117.5    171.0 1984  4 24 21 20 23.480  3.57   1
    16527  37.285917 -121.664355     5.957      232.4     -312.1     1056.5    106.8    121.9    163.4 1984  4 24 21 23 39.960  3.54   1
    17496  37.291386 -121.665731     6.658      110.4      294.9     1758.2    114.5    118.2    174.5 1984  4 25  0  4 49.440  1.23   1
    16521  37.286528 -121.667318     3.881      -30.3     -244.3    -1019.3    133.8     93.3    214.8 1984  4 25  4 16 53.440  3.00   1
    17842  37.289115 -121.668221     3.519     -110.4       42.9    -1381.6    133.1     86.4    217.5 1984  4 25  4 35 19.170  1.90   1
    16635  37.294613 -121.670117     6.048     -278.5      653.0     1147.7    115.2    123.3    169.9 1984  4 25  7 22 22.290  1.40   1
    16576  37.287056 -121.662606     5.863      387.5     -185.6      962.8    108.9    120.5    162.6 1984  4 25 14  6 57.560  1.62   1
    17929  37.289563 -121.666162     5.273       72.2       92.6      372.6    117.1    116.7    212.8 1984  4 25 22 14 23.140  1.80   1
    16659  37.289815 -121.665365     6.525      142.9      120.6     1625.2    108.2    114.0    180.3 1984  4 26  8 54 51.420  1.52   1
    16701  37.291720 -121.665837     6.165      101.0      331.9     1264.8    109.4    124.4    183.1 1984  4 26 17 22 44.280  1.57   1
    18075  37.288875 -121.667505     3.937      -46.9       16.3     -963.0    166.5    132.6    225.3 1984  4 26 20 11 12.520  1.17   1
    16751  37.292249 -121.671924     3.409     -438.7      390.6    -1490.9    159.9    141.9    279.4 1984  4 27  7 48 23.500  0.97   1
    16766  37.287720 -121.665918     5.817       93.8     -112.0      917.2    107.2    115.1    167.0 1984  4 27 11  8  9.220  1.31   1
    16802  37.286157 -121.663973     6.572      266.3     -285.4     1671.4    125.2    134.0    251.7 1984  4 27 19  3 15.040  1.31   1
    16821  37.284550 -121.662077     6.017      434.4     -463.8     1117.0    123.3    139.5    195.9 1984  4 28  0  4 31.210  0.83   1
    16827  37.284204 -121.660392     5.489      583.8     -502.2      588.5    123.3    127.0    185.6 1984  4 28  1 43 47.850  1.21   1
    16838  37.294368 -121.669889     5.997     -258.3      625.9     1096.7    120.5    122.1    166.3 1984  4 28  3 54 12.200  1.39   1
    16841  37.286951 -121.664225     4.355      243.9     -197.3     -545.4    138.7    107.6    226.1 1984  4 28  4 43 26.310  1.47   1
    19159  37.290898 -121.665861     6.221       98.9      240.7     1320.8    108.6    122.2    176.4 1984  4 28 16 12 43.750  2.09   1
    16885  37.289083 -121.664510     6.544      218.7       39.3     1643.7    106.4    113.5    162.2 1984  4 28 18 53 49.960  2.18   1
    16911  37.289909 -121.666618     7.310       31.8      131.0     2409.8    124.8    209.6    242.7 1984  4 29  2 29 16.340  1.27   1
    17074  37.289986 -121.664803     6.423      192.7      139.5     1523.0    108.8    114.9    170.3 1984  4 30 14 46  1.740  1.59   1
    17272  37.289600 -121.666016     5.878       85.2       96.6      978.0    113.1    119.6    160.0 1984  5  2  7 34 17.770  1.65   1
    17294  37.293551 -121.672550     3.595     -494.3      535.1    -1304.9    167.9    146.0    288.3 1984  5  2 14 32 55.730  1.70   1
    17356  37.285254 -121.665885     3.050       96.7     -385.7    -1850.0    162.7    121.1    246.8 1984  5  2 22 58 42.360  1.77   1
    17669  37.286938 -121.663468     6.503      311.0     -198.7     1602.9    111.9    133.8    261.1 1984  5  3 23 10 52.920  1.04   1
    17723  37.285303 -121.662817     6.133      368.8     -380.2     1232.5    108.1    125.8    149.0 1984  5  4 18 42 58.080  3.05   1
    17526  37.287659 -121.665218     5.879      155.9     -118.8      978.6    107.0    114.8    167.7 1984  5  5  3 31 54.930  2.45   1
    17779  37.285282 -121.663338     5.904      322.6     -382.5     1003.7    102.0    125.2    168.6 1984  5  7 14 27 20.420  2.85   1
    17794  37.284725 -121.661979     5.796      443.1     -444.4      895.6    111.4    137.9    193.1 1984  5  7 16 34 13.860  1.30   1
    17834  37.294694 -121.670369     6.176     -300.9      662.0     1275.3    119.2    124.1    206.2 1984  5  8  6 55  3.840  1.17   1
    18466  37.284896 -121.661792     5.882      459.7     -425.4      981.9    110.4    133.3    161.6 1984  5 15  1 42 21.350  1.18   1
    18608  37.291402 -121.666854     6.541       10.8      296.7     1640.4    120.8    127.4    156.9 1984  5 16 17  9 28.700  2.32   1
    18708  37.289543 -121.667261     6.191      -25.3       90.3     1290.9    101.2    118.1    161.8 1984  5 17  8 43  3.370  3.32   1
    18857  37.284033 -121.661841     5.900      455.4     -521.1      999.8    143.8    182.2    186.2 1984  5 19  4 20 31.710  0.74   1
    19686  37.290470 -121.669368     4.199     -212.2      193.3     -701.4    133.0    102.6    239.2 1984  5 29 23 53  6.840  0.99   1
    19720  37.289726 -121.665210     6.834      156.6      110.6     1934.1    106.1    118.0    158.0 1984  5 30 12 38 10.840  3.00   1
    19745  37.291451 -121.666357     7.230       54.8      302.1     2330.0    140.8    144.8    291.3 1984  5 30 17  5  4.160  0.80   1
    19776  37.287170 -121.665934     4.519       92.4     -173.0     -381.1    135.0     96.2    223.2 1984  5 31  1 43 34.410  1.22   1
    19860  37.289954 -121.666667     5.968       27.4      135.9     1067.4    108.4    116.0    164.0 1984  6  1  3 27 26.880  1.58   1
    19888  37.294096 -121.671826     6.185     -430.1      595.6     1285.1    112.7    140.8    261.0 1984  6  1  9  7  7.310  1.08   1
    19992  37.286633 -121.664681     5.981      203.5     -232.6     1080.5    113.3    132.4    159.2 1984  6  2 17 32  6.480  2.92   1
    20113  37.284253 -121.662427     5.748      403.4     -496.8      847.9    108.5    131.0    146.1 1984  6  4 16 23 29.800  1.15   1
    20328  37.292619 -121.667961     6.911      -87.3      431.7     2010.8    124.7    126.8    214.4 1984  6  5 23 51 14.920  0.93   1
    20622  37.287663 -121.667155     6.930      -15.9     -118.3     2029.9    136.9    133.9    180.5 1984  6 11  4 58 46.580  1.48   1
    20978  37.285461 -121.662801     6.350      370.2     -362.6     1449.3    106.2    114.9    155.0 1984  6 16  3 50 27.150  3.13   1
    21561  37.286975 -121.662931     6.707      358.7     -194.6     1806.9    121.6    114.2    193.7 1984  6 26  7 13 18.280  0.80   1
    21644  37.291585 -121.670858     3.654     -344.2      317.0    -1246.0    136.6     93.0    239.9 1984  6 27 14 50 38.140  1.59   1
    22144  37.285897 -121.665137     4.458      163.1     -314.3     -442.6    138.7     97.9    220.0 1984  7  5 12 49 57.720  1.28   1
    22165  37.288395 -121.667326     4.068      -31.0      -37.0     -832.0    147.3     96.3    248.3 1984  7  5 17  6 28.740  0.96   1
    22271  37.290796 -121.671338     3.939     -386.8      229.4     -961.5    135.2     81.2    236.4 1984  7  7  0 17  9.970  2.67   1
    22280  37.289681 -121.669767     3.450     -247.5      105.7    -1450.2    144.0    111.7    232.8 1984  7  7  2 35  4.060  1.53   1
    23190  37.289604 -121.669629     3.635     -235.3       97.1    -1265.7    136.3     82.1    222.1 1984  7 17 16 24 49.440  1.85   1
    23195  37.287577 -121.665747     6.000      109.0     -127.8     1100.1    109.9    117.6    176.2 1984  7 17 17 53  4.200  2.33   1
    24519  37.288660 -121.669556     3.683     -228.8       -7.7    -1217.2    136.0     90.8    218.6 1984  7 30 14 16 49.060  2.31   1
    24674  37.289722 -121.666325     5.845       57.7      110.2      945.0    108.4    115.6    154.9 1984  8  1 12 29 16.890  1.64   1
    25096  37.290466 -121.670549     3.384     -316.8      192.8    -1516.7    140.3    103.5    236.2 1984  8  7  9  7  6.330  1.17   1
    25305  37.290019 -121.669482     4.180     -222.3      143.2     -720.6    132.8    107.7    240.7 1984  8 10  7  4  4.200  0.95   1
    25937  37.283948 -121.660864     6.292      542.0     -530.6     1392.1    133.4    126.5    204.6 1984  8 19 20 27 32.960  0.69   1
    26238  37.290833 -121.671989     3.892     -444.5      233.5    -1007.9    162.5    132.0    269.0 1984  8 25  0 19 18.360  0.72   1
    27421  37.284973 -121.662012     6.036      440.2     -416.8     1135.9    111.7    133.8    144.5 1984  9  6 16 33 41.640  1.41   1
    27683  37.285437 -121.663631     5.791      296.6     -365.3      890.5    110.5    131.5    173.4 1984  9 10 16 24 47.130  2.39   1
    27684  37.285327 -121.663883     4.356      274.2     -377.5     -544.6    116.2    120.6    212.2 1984  9 10 16 33 36.940  1.79   1
    27721  37.284530 -121.662581     6.186      389.7     -466.0     1285.5    115.6    132.0    178.0 1984  9 11  8 13 54.330  0.83   1
    27722  37.287944 -121.665633     5.744      119.1      -87.2      844.1    108.3    116.2    169.8 1984  9 11  9 29 23.690  1.78   1
    27724  37.289897 -121.664958     6.638      179.0      129.6     1737.8    107.3    115.7    167.5 1984  9 11 10 26  8.190  1.55   1
    28475  37.292444 -121.671379     3.436     -390.4      412.3    -1464.3    156.6    142.4    291.9 1984  9 23  8 43 14.720  1.07   1
    29752  37.285050 -121.666219     3.311       67.1     -408.2    -1589.6    159.5    117.9    224.5 1984 10 10  7 11 54.160  1.90   1
    29901  37.291447 -121.667489     5.857      -45.5      301.7      956.3    118.4    134.4    261.7 1984 10 12  7 13 23.200  1.21   1
    30009  37.291170 -121.668457     5.604     -131.3      271.0      703.4    130.9    119.4    161.8 1984 10 13 17 32 47.840  1.83   1
    30159  37.290063 -121.669702     4.021     -241.7      148.1     -879.0    139.1     84.5    229.6 1984 10 17 11 39  4.900  0.89   1
    30929  37.291565 -121.669116     5.917     -189.8      314.8     1016.9    109.5    122.5    183.4 1984 10 30  2 49 48.600  1.41   1
    31031  37.286544 -121.664030     6.147      261.2     -242.5     1247.0    102.6    119.9    166.3 1984 10 31  3  5 11.660  2.89   1
    31037  37.286361 -121.662874     6.547      363.7     -262.8     1646.5    114.8    164.8    367.9 1984 10 31 15 28 48.300  0.79   1
    31068  37.284220 -121.661751     5.927      463.3     -500.4     1026.7    118.7    145.3    261.3 1984 11  1  5 22 45.950  0.79   1
    31844  37.285409 -121.665910     4.595       94.5     -368.5     -305.0    137.6     90.4    220.4 1984 11 13 11 59  9.360  1.31   1
    32049  37.289152 -121.669661     3.484     -238.1       47.0    -1416.7    139.9     92.4    218.1 1984 11 18  0 28 55.240  1.69   1
    32676  37.285242 -121.662801     6.329      370.2     -387.0     1429.0    111.2    117.7    166.3 1984 11 28 11 54 37.810  2.94   1
    35929  37.287402 -121.665365     5.816      142.9     -147.2      915.8    108.9    119.6    169.9 1984 12  1  8  9 13.540  1.74   1
    33786  37.286532 -121.665641     4.440      118.3     -243.9     -460.3    135.9     93.3    228.9 1984 12 10  7 45 41.770  1.43   1
    34527  37.290116 -121.667301     6.022      -28.9      154.0     1121.5    103.4    119.4    164.2 1984 12 15 10 28 17.680  1.61   1
    34841  37.284452 -121.661556     5.538      480.6     -474.6      638.2    108.5    127.8    161.6 1984 12 19  8 29 34.630  1.35   1
    35109  37.290804 -121.670809     3.661     -339.9      230.3    -1239.4    134.6     80.5    223.8 1984 12 22  4 43 44.710  1.60   1
    38148  37.286877 -121.667749     4.049      -68.6     -205.5     -851.4    129.5     89.5    206.7 1985  1 19 11 56 37.340  2.49   1
    39944  37.290983 -121.668734     5.708     -155.9      250.2      808.2    116.2    121.6    172.8 1985  2  5 11 42 49.820  2.05   1
    40913  37.289091 -121.665544     6.589      127.0       40.2     1688.5    106.2    114.6    158.6 1985  2 13 23 52 25.080  1.70   1
    41574  37.290116 -121.669548     4.062     -228.0      154.0     -837.8    136.2     84.0    237.6 1985  2 16 20 53  7.160  1.20   1
    42349  37.288737 -121.668335     3.689     -120.5        0.9    -1211.5    149.3    106.0    225.7 1985  2 28  1  9 58.300  0.84   1
    42555  37.288729 -121.668872     3.716     -168.1        0.0    -1184.5    134.2     78.6    211.9 1985  3  2  6 53 56.010  1.74   1
    42559  37.289945 -121.669963     3.562     -264.8      135.0    -1337.8    137.8     85.1    216.7 1985  3  2  8 55  3.470  1.91   1
    42643  37.289119 -121.669206     3.551     -197.7       43.4    -1349.2    140.5     91.2    219.6 1985  3  2  8 55 29.590  2.08   1
    42560  37.289982 -121.670483     3.524     -311.0      139.1    -1376.5    141.6     99.9    225.1 1985  3  2  8 58  0.480  1.22   1
    43546  37.289103 -121.667025     6.515       -4.3       41.5     1614.4    103.4    113.4    161.6 1985  3 12  4  3 59.980  3.24   1
    43580  37.290104 -121.666829     5.777       13.0      152.6      876.3    112.3    126.8    241.1 1985  3 12  4  4 51.800  2.04   1
    44335  37.285364 -121.663761     5.970      285.1     -373.5     1069.4    107.1    126.1    144.6 1985  3 20  4 57 39.190  2.56   1
    44729  37.289303 -121.666154     5.636       72.9       63.7      736.0    133.8    149.1    235.0 1985  3 26 11 50 46.600  1.26   1
    45835  37.287451 -121.664917     6.426      182.6     -141.8     1525.5    100.9    112.1    175.2 1985  4 10 18 45 20.620  1.07   1
    46041  37.294845 -121.670614     6.267     -322.6      678.7     1366.6    115.0    130.3    224.3 1985  4 13 14  1 53.470  1.16   1
    47288  37.285111 -121.666113     3.069       76.5     -401.5    -1831.1    160.9    210.5    495.8 1985  5  5 16 50  5.800  0.94   1
    49151  37.285457 -121.666073     3.403       80.1     -363.1    -1496.9    172.9    129.4    259.6 1985  6  8  4 58 49.900  0.64   1
    49626  37.292505 -121.671208     3.721     -375.2      419.1    -1179.4    159.1    132.6    252.5 1985  6 15  1 38 57.380  0.94   1
    49633  37.286060 -121.665747     4.316      109.0     -296.2     -584.6    129.2     93.4    211.1 1985  6 16  5 24 54.700  1.29   1
    50591  37.287651 -121.666870     3.506        9.4     -119.7    -1394.0    147.3     96.4    215.8 1985  7  4  3  6  5.160  1.06   1
    51288  37.286873 -121.667708     3.396      -64.9     -205.9    -1504.2    162.8    127.4    250.7 1985  7 17 13 58 38.250  1.02   1
    51325  37.285872 -121.662939     5.619      357.9     -317.0      718.7    127.0    126.4    212.5 1985  7 17 23 39 58.840  1.89   1
    51378  37.284639 -121.661515     6.131      484.2     -453.8     1230.4    120.8    146.8    209.1 1985  7 18 23 42  1.800  0.97   1
    51398  37.290377 -121.669645     4.167     -236.7      182.9     -733.6    132.2     98.6    236.3 1985  7 19  9 58 16.960  0.97   1
    52580  37.290755 -121.665918     5.747       93.8      224.9      846.4    110.9    117.0    152.7 1985  8  9 11 45  2.020  1.60   1
    54084  37.289640 -121.670060     3.491     -273.5      101.2    -1409.5    141.7     91.7    220.9 1985  8 28 20 35 10.100  1.58   1
    57271  37.294006 -121.673568     3.598     -584.5      585.7    -1302.2    161.1    149.7    283.4 1985 10 19 16 33 20.030  1.38   1
    57273  37.293583 -121.673869     3.626     -611.2      538.7    -1273.9    160.5    141.9    264.0 1985 10 19 17 35 48.940  1.66   1
    57770  37.290519 -121.671720     3.271     -420.7      198.7    -1628.8    141.2    110.9    241.4 1985 10 28  3 55 38.130  1.31   1
    58027  37.291081 -121.668188     5.727     -107.5      261.0      827.2    120.1    128.0    183.3 1985 10 31 23 53 38.440  1.96   1
    58028  37.292098 -121.667887     5.617      -80.8      373.9      716.8    113.6    121.4    163.7 1985 10 31 23 55 40.960  1.46   1
    58676  37.290324 -121.666113     6.364       76.5      177.0     1463.8    104.9    115.3    178.7 1985 11  9 23 12 11.080  1.88   1
    59070  37.286747 -121.664535     5.838      216.5     -219.9      937.4    107.8    119.6    168.6 1985 11 14  9 21  5.080  0.97   1
    61248  37.284648 -121.661898     5.535      450.3     -452.9      634.9    125.0    131.0    174.8 1985 12 12  7 33 37.950  1.16   1
    61462  37.288554 -121.668237     4.106     -111.9      -19.4     -794.1    134.9     95.6    220.3 1985 12 14 18 25 45.080  1.09   1
    61809  37.290417 -121.669198     4.170     -197.0      187.4     -730.1    134.4    118.5    247.5 1985 12 19  0  2 10.460  0.97   1
    62142  37.290751 -121.668921     4.843     -172.5      224.4      -57.2    133.3    105.5    203.6 1985 12 24 21 18 58.720  0.89   1
    62514  37.288916 -121.668758     3.637     -158.0       20.8    -1263.0    142.6    100.6    222.5 1985 12 31 15 50 52.230  1.74   1
    62520  37.289242 -121.669621     3.301     -234.5       56.9    -1598.9    149.4    110.7    247.2 1985 12 31 18  3  3.480  1.62   1
    65047  37.286715 -121.665812     4.586      103.2     -223.5     -314.7    131.9    105.9    230.6 1986  1 30  3 31 43.810  1.30   1
    65406  37.284945 -121.662581     6.213      389.7     -420.0     1312.5    105.0    125.8    193.3 1986  2  2  8 26 42.650  1.18   1
    66346  37.285388 -121.667432     3.268      -40.4     -370.8    -1632.2    148.9    109.9    213.0 1986  2 11 10 37 16.920  1.40   1
    66201  37.285742 -121.666919     3.102        5.1     -331.5    -1798.7    160.5    122.8    247.5 1986  2 11 11 50  0.620  1.50   1
    67820  37.291239 -121.671672     3.551     -416.4      278.6    -1349.4    138.9    107.1    236.6 1986  3  8 10 32  4.410  1.63   1
    67803  37.285905 -121.664819     4.273      191.2     -313.4     -627.3    144.0     97.8    210.3 1986  3  9 18 55 22.760  1.42   1
    70356  37.285413 -121.663859     6.239      276.4     -368.0     1338.7    110.2    117.4    172.4 1986  4  4 10 16 40.970  3.19   1
    70373  37.287390 -121.665470     5.873      133.5     -148.6      972.8    104.6    117.7    162.2 1986  4  4 10 17 30.150  2.37   1
    70083  37.284957 -121.662272     6.298      417.1     -418.6     1397.9    117.1    125.8    224.3 1986  4 12  7 13 35.460  1.00   1
    70826  37.294283 -121.670980     5.910     -355.0      616.4     1009.4    126.9    129.7    204.3 1986  4 21  8 46 14.270  0.99   1
    73536  37.291211 -121.666707     5.798       23.8      275.5      898.1    115.8    119.0    155.2 1986  5 29  1 41 52.560  1.51   1
    73786  37.289087 -121.669857     3.206     -255.5       39.7    -1694.8    139.4    102.2    232.9 1986  6  1 10 51 31.460  1.21   1
    73850  37.289502 -121.666927     5.804        4.3       85.8      903.6    110.3    115.6    155.1 1986  6  2  5  8 18.340  1.52   1
    76654  37.285575 -121.663216     6.303      333.4     -350.0     1403.2    104.4    116.1    162.0 1986  7 16 20 59  3.320  2.98   1
    76560  37.283976 -121.663574     6.372      301.7     -527.5     1472.0    124.9    130.7    190.0 1986  7 17  4 26  2.170  0.83   1
    77218  37.289722 -121.670418     3.726     -305.2      110.2    -1174.3    132.4     74.1    219.8 1986  7 25  9 22 50.290  2.26   1
    77283  37.289498 -121.669198     3.464     -197.0       85.4    -1436.4    138.2     98.2    230.7 1986  7 25  9 23  5.480  2.35   1
    77296  37.291309 -121.671086     3.520     -364.4      286.3    -1379.8    153.2    129.4    251.7 1986  7 25 16  1 52.100  1.15   1
    81016  37.292179 -121.671680     3.568     -417.1      382.9    -1331.9    153.5    135.2    253.2 1986  9  2  7 22  7.550  0.52   1
    81017  37.291878 -121.671981     3.612     -443.8      349.5    -1288.4    151.3    123.0    248.1 1986  9  2  7 24 15.870  0.83   1
    81735  37.287870 -121.666056     5.749       81.5      -95.3      848.5    105.5    116.9    165.3 1986  9  8 23  4 33.440  1.55   1
    82606  37.290837 -121.671297     4.030     -383.2      233.9     -870.6    132.3    103.6    223.4 1986  9 15 20 17 49.920  2.67   1
    83579  37.290116 -121.667839     4.965      -76.5      154.0       64.6    134.1     96.0    199.5 1986  9 22 19 39 11.020  0.83   1
    83805  37.290861 -121.671029     3.598     -359.4      236.6    -1301.4    137.4     90.9    226.7 1986  9 25 12  1 52.830  1.36   1
    85194  37.286959 -121.667782     4.105      -71.4     -196.4     -795.3    129.1     95.0    219.3 1986 10  9  2  6 22.720  2.95   1
    85669  37.285547 -121.666789     3.115       16.6     -353.1    -1784.9    162.4    120.5    243.5 1986 10 14 15 13 49.290  1.43   1
    87103  37.288330 -121.668001     3.865      -90.9      -44.3    -1035.6    135.2     82.7    212.8 1986 11  3  8 20 28.780  0.94   1
    87964  37.284444 -121.661849     5.811      454.6     -475.5      910.7    108.8    130.6    149.7 1986 11 14 11 55 11.210  0.96   1
    88698  37.291569 -121.670605     4.180     -321.8      315.2     -720.4    139.6    109.7    226.2 1986 11 25 13  0 35.660  1.01   1
    90036  37.289860 -121.669238     4.124     -200.6      125.5     -776.3    132.3     95.4    226.0 1986 12 12 17 46 44.360  0.64   1
    90485  37.290157 -121.669661     4.087     -238.1      158.5     -813.6    128.9     83.6    222.0 1986 12 18  2  5 30.480  1.09   1
    93248  37.289197 -121.670076     3.694     -274.9       51.9    -1206.4    186.4    144.7    278.8 1987  1 26 13 47 46.830  2.35   1
    95188  37.285010 -121.662321     6.244      412.8     -412.8     1343.9    110.2    121.2    173.4 1987  2 21  7 40 45.210  1.18   1
    95317  37.284888 -121.661759     6.792      462.6     -426.3     1891.5    104.1    125.6    211.0 1987  2 23 17  5  2.320  0.91   1
    97576  37.290462 -121.669661     4.821     -238.1      192.4      -79.4    142.8    107.2    223.4 1987  3 29 10  2  1.050  0.79   1
    98812  37.288298 -121.668799     4.030     -161.6      -47.9     -870.4    134.8     80.9    208.5 1987  4 17 16 13 47.300  1.18   1
   101361  37.289600 -121.669784     4.029     -249.0       96.6     -870.9    126.4     84.5    210.3 1987  6  3  6 56  7.740  1.92   1
   101362  37.288822 -121.669800     3.704     -250.4       10.4    -1195.9    133.2     77.5    219.9 1987  6  3  6 58 51.320  1.74   1
   101659  37.287504 -121.665601     6.009      122.0     -135.9     1109.1    101.5    112.2    165.9 1987  6  9  2  2 39.460  2.37   1
   102139  37.287288 -121.666512     3.485       41.1     -159.9    -1415.6    156.0    111.9    231.1 1987  6 20 16 35 35.960  0.82   1
   102776  37.292179 -121.671501     3.520     -401.2      382.9    -1379.9    158.1    135.6    269.0 1987  7  7  1 44 26.990  1.01   1
   103138  37.289360 -121.669474     3.549     -221.5       70.0    -1350.0    138.1     82.5    214.3 1987  7 14 19  2 57.020  1.72   1
   103702  37.290328 -121.667440     5.918      -41.1      177.5     1017.6    103.4    120.1    148.1 1987  7 28  7  4 28.800  1.51   1
   103833  37.290959 -121.668652     6.080     -148.7      247.5     1179.8    108.5    123.3    173.0 1987  8  1  1 40 41.980  1.94   1
   105327  37.287435 -121.668237     3.796     -111.9     -143.6    -1104.2    127.3     83.1    202.7 1987  9  4 10 31 17.310  1.74   1
   105800  37.289160 -121.666374     5.836       53.4       47.9      935.8    113.8    124.3    183.1 1987  9 14 23  7 17.840  0.83   1
   106343  37.290226 -121.669132     4.694     -191.2      166.2     -205.8    136.0    107.1    212.7 1987  9 27  7 19 34.920  0.75   1
   106370  37.289250 -121.668538     4.563     -138.6       57.8     -337.8    129.7     91.0    215.1 1987  9 27  8 23 11.780  0.96   1
   106462  37.288277 -121.667399     4.154      -37.5      -50.1     -745.8    130.6     87.9    198.3 1987  9 29  4 47  3.550  0.92   1
   107299  37.285445 -121.663330     6.168      323.3     -364.4     1267.3    112.1    117.8    171.7 1987 10 17  9 43 42.990  1.55   1
   107927  37.289294 -121.666911     6.548        5.8       62.8     1647.3    103.6    114.7    154.9 1987 11  1 22 11 13.060  3.15   1
   107902  37.290324 -121.666878     5.925        8.7      177.0     1024.9    105.4    119.6    142.7 1987 11  1 22 13 47.560  1.56   1
   107906  37.288005 -121.665910     5.918       94.5      -80.4     1017.7    101.9    114.6    160.7 1987 11  2  3  6 28.290  1.52   1
   108512  37.285356 -121.666984     3.342       -0.7     -374.4    -1558.4    160.7    122.9    227.1 1987 11 16 23 19  9.000  1.98   1
   109132  37.290234 -121.669474     4.360     -221.5      167.1     -539.8    138.3    114.9    235.0 1987 11 27  4  7 50.420  0.67   1
   110939  37.290824 -121.671606     3.231     -410.6      232.6    -1669.7    147.9    118.8    260.6 1988  1 15  1 56 42.310  1.39   1
   112178  37.286357 -121.662329     7.026      412.1     -263.3     2125.3    145.1    151.9    222.8 1988  2 10 20 13  1.200  0.94   1
   112230  37.285579 -121.665405     4.696      139.3     -349.5     -203.9    152.0    126.8    236.5 1988  2 13  4 54 35.870  1.36   1
   112868  37.291687 -121.671419     4.437     -394.0      328.3     -463.6    136.3    112.4    229.7 1988  2 25 10  0 17.780  0.92   1
   113569  37.291361 -121.666121     6.255       75.8      292.2     1355.2    113.7    120.1    181.9 1988  3  9  2  8 11.840  1.40   1
   114006  37.285677 -121.663875     6.118      274.9     -338.7     1218.1    104.1    117.6    165.4 1988  3 16 23 10  6.640  2.45   1
   115994  37.291191 -121.668408     6.104     -127.0      273.2     1203.4    108.9    123.2    172.5 1988  4 21  4 42 14.550  1.94   1
   115996  37.291654 -121.668864     5.949     -167.4      324.7     1049.2    106.3    120.9    158.6 1988  4 21  4 48 47.890  0.84   1
   116401  37.289193 -121.664551     6.398      215.0       51.5     1497.9     98.1    112.7    155.6 1988  4 29  7 29 57.200  1.68   1
   116406  37.289689 -121.665796     6.578      104.6      106.6     1678.2    130.0    131.1    207.2 1988  4 29  7 47 21.590  1.99   1
   117175  37.290108 -121.667375     5.997      -35.4      153.1     1096.6    101.4    117.6    155.6 1988  5 13 17 17 30.760  1.52   1
   119615  37.290011 -121.665405     6.729      139.3      142.3     1828.8    103.3    114.2    158.2 1988  6 27  4 18 37.320  2.52   1
   119610  37.289990 -121.666219     6.725       67.1      140.0     1824.5    101.9    114.2    160.6 1988  6 27  4 18 52.410  2.72   1
   119763  37.290271 -121.669287     3.969     -204.9      171.2     -930.7    138.7     91.3    230.0 1988  6 30 23 52 27.360  0.97   1
   119888  37.284924 -121.661841     6.513      455.4     -422.2     1612.2    114.5    138.5    274.2 1988  7  5  5  2 33.820  0.83   1
   120788  37.290653 -121.671134     3.761     -368.7      213.6    -1139.0    136.1     79.8    234.1 1988  7 23 10 42 21.740  1.53   1
   120974  37.290556 -121.669328     3.993     -208.5      202.8     -907.7    236.0    218.1    253.3 1988  7 26 18  9 59.220  0.80   1
   126189  37.289347 -121.670459     3.729     -308.9       68.6    -1171.6    129.8     73.4    215.6 1988 11  2  3  9 12.610  1.93   1
   126292  37.288977 -121.669425     3.708     -217.2       27.5    -1191.8    137.1     81.8    214.2 1988 11  3  1 30  4.280  1.71   1
   126389  37.288538 -121.669572     4.011     -230.2      -21.2     -889.4    130.3     79.9    217.9 1988 11  4 13 34 34.720  1.87   1
   126560  37.284835 -121.662183     5.783      425.1     -432.2      883.2    108.1    129.8    150.3 1988 11  7 17 51 17.980  1.24   1
   126901  37.285364 -121.666455     3.305       46.2     -373.5    -1594.8    159.5    120.1    236.9 1988 11 12 18 11 57.680  1.07   1
   129454  37.286601 -121.661735     7.015      464.7     -236.2     2114.3    114.9    114.4    155.8 1988 12 30 23 53 29.880  1.74   1
   129428  37.286235 -121.661833     7.231      456.1     -276.8     2330.8    103.5    119.9    150.8 1988 12 30 23 54 24.000  4.30   1
   129887  37.290047 -121.669531     4.122     -226.6      146.3     -778.2    132.2     89.1    230.7 1989  1 13 10  9  6.070  0.94   1
   131766  37.289124 -121.664950     6.764      179.7       43.8     1863.7    103.6    113.4    169.4 1989  2 22 14 10 28.230  1.79   1
   132424  37.287199 -121.667904     4.002      -82.3     -169.8     -897.9    133.9     90.0    208.2 1989  3  7 15  3 21.870  2.62   1
   132469  37.285128 -121.662223     6.149      421.4     -399.7     1248.6    112.8    129.2    167.0 1989  3  8 14 47  1.080  1.40   1
   132715  37.284798 -121.662402     6.268      405.6     -436.2     1367.7    102.1    130.5    182.2 1989  3 12  7 15 43.550  0.81   1
   139260  37.289970 -121.668612     4.167     -145.0      137.7     -733.8    132.7    103.5    241.5 1989  7  1  1 11 28.510  0.96   1
   140151  37.286796 -121.663070     6.810      346.4     -214.5     1909.7    101.6    116.9    162.9 1989  7 16 21 54  2.440  1.65   1
   140303  37.285775 -121.666789     3.348       16.6     -327.9    -1552.1    164.3    123.3    236.4 1989  7 19  8 51 59.540  1.28   1
   142196  37.288184 -121.667236     4.426      -23.1      -60.5     -473.8    139.0     95.5    223.9 1989  8 14  4  7  9.360  1.25   1
   144026  37.284684 -121.662207     6.037      422.9     -448.9     1136.9    119.8    137.5    149.7 1989  9 14 10 35 38.140  0.87   1
   144648  37.287504 -121.665308     5.887      147.9     -135.9      986.4    106.6    118.8    174.5 1989  9 26 17  2  0.820  0.92   1
   144843  37.291178 -121.668498     5.963     -134.9      271.9     1063.1    111.5    122.5    152.6 1989 10  1 18 21 45.920  1.78   1
   148939  37.288570 -121.668384     3.611     -124.8      -17.6    -1288.8    132.0     96.8    240.9 1989 12 13  5 33 46.080  1.60   1
   149804  37.293319 -121.673210     3.358     -552.8      509.4    -1542.5    158.0    143.2    337.1 1989 12 30  6 19 29.350  1.59   1
   150901  37.286715 -121.666138     4.538       74.3     -223.5     -362.4    134.4     92.6    222.4 1990  1 19  9 24  8.400  1.24   1
   151583  37.285380 -121.667163     3.174      -16.6     -371.7    -1726.5    162.8    123.1    242.5 1990  1 31  5  8 47.310  1.38   1
   153849  37.284599 -121.661743     5.795      464.0     -458.4      894.8    129.2    156.2    240.6 1990  3  6 23  9 12.960  0.83   1
   154124  37.287626 -121.664567     6.043      213.6     -122.4     1143.0    105.8    111.0    151.3 1990  3 11 11 52 34.830  2.34   1
   155780  37.285421 -121.666650     3.328       28.9     -367.1    -1572.1    158.5    117.6    229.9 1990  4 11  5 35 19.420  1.33   1
   157462  37.285640 -121.663745     6.126      286.5     -342.8     1225.7    103.8    117.6    164.0 1990  5 10 16 43 48.520  3.18   1
   157486  37.284652 -121.661906     5.800      449.6     -452.5      899.6    116.6    135.2    168.2 1990  5 11 22 59 22.960  0.97   1
   157494  37.289864 -121.669108     4.101     -189.1      126.0     -799.3    133.7     96.4    225.8 1990  5 12  2 57 13.600  0.81   1
   157758  37.290503 -121.667603     5.920      -55.6      196.9     1020.2    105.7    117.8    149.2 1990  5 16  4 10 37.430  1.59   1
   158154  37.291980 -121.671867     3.678     -433.7      360.8    -1222.1    152.9    127.1    239.1 1990  5 23 11 11 37.580  1.03   1
   158290  37.292167 -121.671704     3.664     -419.3      381.6    -1236.2    148.4    125.6    252.9 1990  5 23 16 30 36.550  0.82   1
 20091514  37.285417 -121.662533     6.645      394.0     -367.6     1744.6    107.4    116.9    153.7 1990  6 11  1 38 14.370  3.10   1
   159156  37.287598 -121.665055     6.074      170.3     -125.5     1173.4    114.5    116.6    147.4 1990  6 11  2 45 19.820  1.25   1
   160503  37.290068 -121.669613     3.778     -233.8      148.6    -1122.6    133.0     70.7    218.7 1990  7  5 20  4 42.800  1.71   1
   161358  37.290731 -121.669930     4.248     -261.9      222.2     -652.4    150.4    112.8    241.1 1990  7 20  5 51 45.700  0.96   1
 20092038  37.292074 -121.667000     7.142       -2.2      371.2     2241.6    105.8    118.4    144.8 1990  8 17  2 26 16.740  3.68   1
   163527  37.290959 -121.665739     6.459      109.7      247.5     1558.6    111.5    127.4    208.7 1990  9  1 17 25 25.320  0.96   1
   165437  37.290491 -121.667733     6.009      -67.1      195.5     1108.3    106.3    123.2    178.2 1990 10 17  6 15 15.710  1.80   1
   204801  37.290548 -121.668677     4.219     -150.8      201.9     -680.9    176.3    172.6    348.5 1991  1 15 17 29 20.200  0.94   1
   205031  37.290710 -121.670809     3.375     -339.9      219.9    -1525.6    138.0    103.5    236.2 1991  1 20  5  0 30.930  1.17   1
   205737  37.287248 -121.666016     3.514       85.2     -164.4    -1386.5    160.6    124.4    248.2 1991  2  2  5 39  6.910  0.83   1
   206508  37.287349 -121.666724     3.642       22.4     -153.1    -1257.2    144.9     98.0    206.7 1991  2 13 19 31  5.060  1.22   1
   207043  37.288757 -121.669458     3.413     -220.1        3.2    -1486.8    140.4     97.7    221.6 1991  2 22 15 51 34.750  2.28   1
   208364  37.291988 -121.671134     3.724     -368.7      361.7    -1176.1    142.0     95.5    230.0 1991  3 22 11 23 27.560  1.05   1
   208389  37.292114 -121.671606     3.707     -410.6      375.7    -1193.0    146.7     99.1    238.8 1991  3 22 11 34  4.350  0.81   1
   211885  37.284859 -121.662256     6.507      418.6     -429.5     1606.5    126.4    133.0    258.9 1991  5  4  6 30 12.620  0.94   1
   212119  37.285014 -121.661865     6.140      453.2     -412.3     1239.7    119.8    136.2    179.1 1991  5  9  0 14 24.910  1.22   1
   215747  37.288790 -121.670256     3.799     -290.8        6.8    -1101.3    131.8     80.8    214.0 1991  5 29  9 45 22.620  1.83   1
   220702  37.284509 -121.661898     5.817      450.3     -468.3      916.8    115.9    139.7    167.2 1991  6 22 16 36 38.560  1.21   1
   227435  37.290450 -121.669857     3.509     -255.5      191.0    -1391.2    143.5     96.7    223.0 1991  8 10 17  6  5.760  1.23   1
   227542  37.285075 -121.666512     3.378       41.1     -405.5    -1522.3    158.0    119.6    229.1 1991  8 12  9 56  3.630  1.43   1
   228484  37.288175 -121.665780     5.888      106.1      -61.4      987.8    109.4    115.0    169.3 1991  8 21 17  7 40.400  2.27   1
   229053  37.291329 -121.668734     5.869     -155.9      288.6      968.5    108.0    122.2    162.1 1991  8 28 14  4 22.080  2.05   1
   229871  37.290133 -121.668490     4.189     -134.2      155.8     -711.4    138.6    111.7    235.6 1991  9  6 16 39 27.620  0.93   1
   234881  37.285506 -121.666585     3.314       34.6     -357.7    -1586.0    157.8    118.1    226.2 1991 10 22 17  4 17.460  1.46   1
   238704  37.290002 -121.669320     3.668     -207.8      141.3    -1231.9    137.3     77.3    222.4 1991 12  3  5 24 24.980  2.01   1
   238790  37.289099 -121.669222     3.790     -199.2       41.1    -1110.2    134.7     77.3    214.6 1991 12  4  0  8 49.550  1.89   1
   238816  37.284753 -121.662012     6.401      440.2     -441.2     1500.7    112.7    124.5    180.9 1991 12  4 13 45 39.520  0.99   1
   241590  37.288432 -121.666040     5.923       83.0      -33.0     1023.0    110.6    116.6    151.5 1991 12 23 12 33 19.250  1.22   1
   249781  37.290548 -121.666756     5.908       19.5      201.9     1007.8    106.4    119.4    149.6 1992  2 10 12 31  5.020  1.61   1
   253921  37.285600 -121.666520     3.264       40.4     -347.3    -1636.8    156.6    118.3    235.3 1992  3  4 13 13  6.220  1.23   1
   261841  37.291687 -121.671704     3.402     -419.3      328.3    -1498.5    155.4    158.6    330.0 1992  4  6  9 39 49.410  0.92   1
   292015  37.286890 -121.667301     4.267      -28.9     -204.1     -633.4    131.7     88.1    213.3 1992  6  9 12 59 24.230  2.86   1
   303099  37.285689 -121.665389     4.773      140.7     -337.3     -127.0    136.4     92.2    219.0 1992  7  7  2 47 24.660  1.35   1
   304374  37.285376 -121.667090     3.357      -10.1     -372.1    -1543.5    168.7    125.5    253.1 1992  7 17  9 51 49.510  1.02   1
   312743  37.290267 -121.669409     3.485     -215.8      170.7    -1415.0    144.1    102.9    222.4 1992  8 29 17  4 29.020  1.64   1
   314921  37.288078 -121.668970     3.980     -176.8      -72.3     -920.3    134.7    101.0    217.4 1992  9 11  1 22 13.650  1.06   1
   322432  37.286910 -121.666024     4.443       84.4     -201.9     -457.1    130.6     92.6    224.2 1992 11  5 12 35  5.470  1.26   1
   327300  37.292004 -121.668896     6.100     -170.3      363.5     1199.4    106.1    122.3    177.0 1992 11 29  5  3  2.720  1.73   1
   330647  37.290381 -121.669596     4.151     -232.4      183.3     -749.4    134.9     99.3    240.6 1993  1  2 11 32 10.020  1.10   1
   331552  37.292106 -121.671842     3.692     -431.5      374.8    -1207.8    147.8    123.6    254.1 1993  1  9 17 48 38.720  1.01   1
   331635  37.291451 -121.670890     3.475     -347.1      302.1    -1425.6    153.2    128.7    238.1 1993  1 10 22 13  9.440  1.20   1
   339439  37.284859 -121.661564     6.001      479.9     -429.5     1100.7    142.0    155.1    217.0 1993  3  7  1 47 38.410  1.22   1
   339511  37.285144 -121.662809     6.143      369.5     -397.9     1242.8    123.4    137.5    197.6 1993  3  8  9 25 39.610  1.01   1
   352620  37.289111 -121.667749     3.653      -68.6       42.4    -1247.0    141.1    102.8    214.2 1993  6  8  9 15  1.380  0.83   1
 30036393  37.291838 -121.671216     4.092     -376.0      345.0     -807.8    137.5    127.3    233.5 1993 12  1  0 25 49.530  0.98   1
   389286  37.289193 -121.669344     3.541     -210.0       51.5    -1359.5    139.8     89.7    215.3 1993 12 20 22 35  7.800  1.77   1
   391772  37.290560 -121.669401     4.196     -215.0      203.2     -704.6    129.7    103.1    233.1 1994  1 19  7 46 39.590  0.96   1
   391983  37.290238 -121.669548     4.314     -228.0      167.5     -586.2    137.3    109.4    247.6 1994  1 20  7 20 41.680  0.90   1
   399980  37.290352 -121.670483     3.420     -311.0      180.2    -1480.6    139.9     94.2    222.0 1994  4  6  4 11 34.960  1.38   1
   400563  37.285364 -121.666846     3.320       11.5     -373.5    -1580.7    149.9    111.3    229.9 1994  4 16 13 10 52.340  2.00   1
   401879  37.290177 -121.666382     5.774       52.7      160.8      873.7    103.2    122.7    175.2 1994  5  8 23  4 53.240  1.61   1
 30049085  37.287858 -121.665503     5.855      130.6      -96.6      954.6    110.3    117.9    168.4 1994  5 13 11 15 14.850  1.56   1
 30051942  37.291020 -121.667871     5.539      -79.4      254.2      638.6    106.0    121.6    181.3 1994  6 30 14 25 51.030  1.83   1
 30051943  37.291772 -121.668433     5.779     -129.2      337.8      879.1    115.7    121.5    158.9 1994  6 30 14 29 15.060  1.38   1
 30054274  37.293754 -121.673226     3.440     -554.2      557.7    -1460.6    159.7    139.6    271.5 1994  8  4 17 19  8.160  1.37   1
 30057908  37.285429 -121.663859     6.123      276.4     -366.2     1223.2    105.0    117.6    166.6 1994  9 17 17 57  1.520  2.38   1
 30058785  37.285571 -121.664062     6.062      258.3     -350.4     1161.8     98.5    116.7    165.4 1994  9 25 23  4 28.000  2.36   1
 30062741  37.289917 -121.670028     3.505     -270.6      131.9    -1395.0    137.1     82.3    218.7 1994 11 16 16 50 58.150  2.01   1
 30062748  37.290190 -121.669645     3.587     -236.7      162.1    -1312.8    143.0     99.9    221.7 1994 11 16 18  3 42.360  1.27   1
 30069218  37.288452 -121.668327     4.016     -119.8      -30.7     -884.0    136.9     83.4    223.7 1995  3  3  9 38 49.200  1.20   1
 30069222  37.288794 -121.669613     3.918     -233.8        7.2     -982.4    132.4     83.3    214.3 1995  3  3 12 30 15.850  1.75   1
 30069457  37.289189 -121.669653     3.429     -237.4       51.0    -1470.8    140.8     97.5    229.1 1995  3  7 13 19 41.960  1.26   1
 30071053  37.285392 -121.662695     6.455      379.6     -370.3     1554.2    108.0    115.0    158.4 1995  4  5  7 55 21.350  2.80   1
 30072363  37.284680 -121.661751     5.869      463.3     -449.3      969.0    108.8    138.2    187.9 1995  4 26 17 54  9.660  1.14   1
 30073191  37.292171 -121.672013     3.634     -446.7      382.0    -1266.6    158.4    138.0    251.1 1995  5 14 11 18 47.000  1.02   1
 30074975  37.290784 -121.668905     4.298     -171.0      228.1     -602.4    136.0    111.8    225.2 1995  6 15 22 23  1.320  1.34   1
 30076454  37.290670 -121.670687     4.776     -329.1      215.4     -123.9    132.3    119.7    197.1 1995  7  4 11 20 49.790  2.65   1
 30077970  37.288053 -121.665951     5.815       90.9      -75.0      914.7    105.1    122.5    173.4 1995  7 24  8 37 43.620  1.26   1
 30090632  37.286983 -121.666984     4.207       -0.7     -193.7     -692.9    135.8     92.8    246.0 1995 11 25 19 22  6.180  2.56   1
 30091051  37.287354 -121.665446     5.920      135.7     -152.6     1020.1    108.8    110.1    213.3 1995 12  2  1 12 15.750  1.40   1
 30092060  37.289119 -121.670101     3.740     -277.1       43.4    -1159.9    135.3     73.5    209.8 1995 12 15 18 53 39.820  1.82   1
 30107700  37.294080 -121.672811     3.538     -517.4      593.8    -1362.5    158.1    136.6    254.8 1996  5 30 18 47 12.480  1.35   1
   478138  37.290153 -121.669425     3.697     -217.2      158.1    -1203.1    130.7     99.2    236.3 1996  9  2 20 27  0.360  1.99   1
   478141  37.291528 -121.669686     4.058     -240.3      310.7     -842.5    139.5    104.9    323.8 1996  9  2 20 36  3.960  1.38   1
   478159  37.288444 -121.668579     4.522     -142.2      -31.6     -378.0    130.4    108.3    268.5 1996  9  3  0  2  4.940  1.17   1
   482382  37.284937 -121.661833     6.041      456.1     -420.9     1140.8    118.1    130.4    217.3 1996 10 19  4 32 38.790  1.30   1
   483500  37.287992 -121.666333     6.550       57.0      -81.7     1649.8    101.4    113.6    168.5 1996 11  2 12 22 52.340  2.29   1
   485145  37.284770 -121.666382     3.465       52.7     -439.4    -1435.2    158.1    117.2    222.1 1996 11 20 12 25 42.190  1.93   1
   502047  37.289856 -121.665552     6.698      126.3      125.1     1798.0    117.9    115.8    158.1 1997  4 20 17  8  1.560  1.79   1
   522670  37.286064 -121.663851     6.674      277.1     -295.8     1773.6    100.3    113.5    160.9 1997  9 26 19 58  2.480  3.09   1
   523141  37.289848 -121.667220     5.994      -21.6      124.2     1093.4    130.9    124.4    174.2 1997  9 29  3  7 46.980  1.55   1
   529274  37.288635 -121.669466     3.758     -220.8      -10.4    -1141.9    135.7     77.9    215.6 1997 10 28 12  1 44.750  1.61   1
