    16484  37.286153 -121.663550     6.012      303.8     -285.9     1111.2     21.1     16.7     36.6 1984  4 24 21 20 23.480  3.57   1
    16527  37.286056 -121.663696     5.799      290.8     -296.7      898.9     17.7     12.9     26.7 1984  4 24 21 23 39.960  3.54   1
    17496  37.291178 -121.666097     6.333       77.9      271.9     1433.1     22.1     18.1     37.1 1984  4 25  0  4 49.440  1.23   1
    16521  37.287329 -121.667562     3.681      -52.0     -155.3    -1218.9     12.6     12.3     25.8 1984  4 25  4 16 53.440  3.00   1
    17842  37.289034 -121.668441     3.691     -129.9       33.9    -1209.8     13.8     13.7     26.8 1984  4 25  4 35 19.170  1.90   1
    16635  37.294364 -121.670426     5.989     -306.0      625.5     1089.0     20.0     16.2     36.7 1984  4 25  7 22 22.290  1.40   1
    16576  37.287154 -121.663363     6.148      320.4     -174.8     1247.5     18.6     17.1     36.9 1984  4 25 14  6 57.560  1.62   1
    17929  37.289486 -121.666382     5.601       52.7       84.0      700.7     18.5     14.8     33.9 1984  4 25 22 14 23.140  1.80   1
    16659  37.289730 -121.665275     6.429      150.8      111.1     1528.7     20.0     15.8     35.1 1984  4 26  8 54 51.420  1.52   1
    16701  37.291638 -121.666105     6.194       77.2      322.9     1293.3     20.9     18.4     39.9 1984  4 26 17 22 44.280  1.57   1
    18075  37.288867 -121.668197     4.085     -108.2       15.4     -815.8     16.8     16.8     24.0 1984  4 26 20 11 12.520  1.17   1
    16751  37.291711 -121.671615     3.569     -411.3      331.0    -1331.2     20.2     19.1     37.4 1984  4 27  7 48 23.500  0.97   1
    16766  37.287773 -121.665991     5.679       87.3     -106.1      779.1     17.4     11.1     29.6 1984  4 27 11  8  9.220  1.31   1
    16802  37.286938 -121.663452     6.221      312.5     -198.7     1320.8     19.7     15.3     35.9 1984  4 27 19  3 15.040  1.31   1
    16821  37.284749 -121.662419     5.888      404.1     -441.7      987.5     17.5     14.4     30.8 1984  4 28  0  4 31.210  0.83   1
    16827  37.284497 -121.661629     5.776      474.1     -469.7      875.3     19.3     14.1     37.0 1984  4 28  1 43 47.850  1.21   1
    16838  37.293945 -121.670101     5.861     -277.1      578.9      961.0     19.4     12.9     35.7 1984  4 28  3 54 12.200  1.39   1
    16841  37.285885 -121.665601     4.534      122.0     -315.7     -366.1     16.6     15.2     31.9 1984  4 28  4 43 26.310  1.47   1
    19159  37.290369 -121.665763     6.275      107.5      182.0     1374.5     19.1     15.1     35.4 1984  4 28 16 12 43.750  2.09   1
    16885  37.289058 -121.664852     6.418      188.3       36.6     1517.8     16.8     13.1     29.8 1984  4 28 18 53 49.960  2.18   1
    16911  37.288550 -121.665503     5.585      130.6      -19.9      685.0     22.8     17.2     39.4 1984  4 29  2 29 16.340  1.27   1
    17074  37.289791 -121.664827     6.433      190.5      117.9     1533.0     20.7     14.7     35.1 1984  4 30 14 46  1.740  1.59   1
    17272  37.289754 -121.666463     5.690       45.5      113.8      789.8     18.8     13.1     33.4 1984  5  2  7 34 17.770  1.65   1
    17294  37.293176 -121.672933     3.849     -528.2      493.6    -1051.3     18.5     18.8     38.2 1984  5  2 14 32 55.730  1.70   1
    17356  37.285543 -121.666235     3.274       65.7     -353.6    -1626.5     18.2     14.9     31.6 1984  5  2 22 58 42.360  1.77   1
    17669  37.287174 -121.663647     6.208      295.2     -172.5     1307.3     18.4     16.8     37.3 1984  5  3 23 10 52.920  1.04   1
    17723  37.285742 -121.663314     5.940      324.7     -331.5     1039.7     17.0     13.3     29.8 1984  5  4 18 42 58.080  3.05   1
    17526  37.288135 -121.665641     5.657      118.3      -65.9      756.8     18.7     12.9     29.9 1984  5  5  3 31 54.930  2.45   1
    17779  37.285596 -121.663420     5.673      315.4     -347.7      772.3     17.8     15.6     27.0 1984  5  7 14 27 20.420  2.85   1
    17794  37.284762 -121.662321     5.656      412.8     -440.3      755.9     18.2     15.3     32.0 1984  5  7 16 34 13.860  1.30   1
    17834  37.294356 -121.670239     5.947     -289.4      624.6     1046.9     18.9     14.2     33.0 1984  5  8  6 55  3.840  1.17   1
    18466  37.285042 -121.662419     5.820      404.1     -409.1      919.7     17.7     14.4     33.6 1984  5 15  1 42 21.350  1.18   1
    18608  37.291467 -121.666610     6.349       32.5      303.9     1448.9     17.9     13.7     33.1 1984  5 16 17  9 28.700  2.32   1
    18708  37.289221 -121.666642     5.681       29.6       54.6      782.2     18.3     13.2     34.4 1984  5 17  8 43  3.370  3.32   1
    18857  37.284473 -121.662052     5.750      436.6     -472.4      849.6     19.5     15.4     31.5 1984  5 19  4 20 31.710  0.74   1
    19686  37.290251 -121.669377     4.285     -212.9      168.9     -615.2     15.1     14.0     27.2 1984  5 29 23 53  6.840  0.99   1
    19720  37.289941 -121.665747     6.434      109.0      134.6     1533.8     17.2     13.0     28.8 1984  5 30 12 38 10.840  3.00   1
    19745  37.291166 -121.666284     6.709       61.3      270.5     1808.3     20.3     17.4     36.4 1984  5 30 17  5  4.160  0.80   1
    19776  37.286959 -121.666007     4.577       85.9     -196.4     -323.0     15.8     14.0     30.2 1984  5 31  1 43 34.410  1.22   1
    19860  37.289640 -121.666976     5.637        0.0      101.2      737.1     18.1     12.7     36.3 1984  6  1  3 27 26.880  1.58   1
    19888  37.294409 -121.670549     5.983     -316.8      630.4     1083.0     19.5     12.7     33.5 1984  6  1  9  7  7.310  1.08   1
    19992  37.287101 -121.664893     5.721      184.7     -180.6      820.9     17.0     14.1     29.8 1984  6  2 17 32  6.480  2.92   1
    20113  37.284509 -121.662614     5.544      386.8     -468.3      643.9     18.4     14.9     35.1 1984  6  4 16 23 29.800  1.15   1
    20328  37.292456 -121.667879     6.625      -80.1      413.7     1724.3     19.0     16.2     37.4 1984  6  5 23 51 14.920  0.93   1
    20622  37.287191 -121.664982     5.509      176.8     -170.7      608.3     22.8     20.2     48.1 1984  6 11  4 58 46.580  1.48   1
    20978  37.285815 -121.663053     5.999      347.8     -323.3     1099.2     17.9     13.9     34.2 1984  6 16  3 50 27.150  3.13   1
    21561  37.287317 -121.663721     6.630      288.7     -156.7     1729.3     20.9     19.0     53.2 1984  6 26  7 13 18.280  0.80   1
    21644  37.290706 -121.670662     3.853     -326.9      219.5    -1047.4     11.9     14.6     24.2 1984  6 27 14 50 38.140  1.59   1
    22144  37.285758 -121.664933     4.494      181.1     -329.7     -406.7     16.2     15.3     31.6 1984  7  5 12 49 57.720  1.28   1
    22165  37.288615 -121.667660     4.142      -60.6      -12.6     -758.5     16.5     16.4     21.8 1984  7  5 17  6 28.740  0.96   1
    22271  37.290942 -121.671061     3.797     -362.3      245.7    -1103.6     15.0     13.5     28.6 1984  7  7  0 17  9.970  2.67   1
    22280  37.289315 -121.669312     3.631     -207.1       65.0    -1269.1     15.7     15.7     31.4 1984  7  7  2 35  4.060  1.53   1
    23190  37.289506 -121.669596     3.791     -232.4       86.3    -1109.6     10.9     13.2     21.9 1984  7 17 16 24 49.440  1.85   1
    23195  37.287724 -121.665723     5.690      111.1     -111.5      789.5     19.1     14.0     30.6 1984  7 17 17 53  4.200  2.33   1
    24519  37.289140 -121.669800     3.521     -250.4       45.6    -1379.4     13.1     13.5     31.6 1984  7 30 14 16 49.060  2.31   1
    24674  37.289742 -121.666960     5.796        1.4      112.4      896.0     18.1     12.0     31.1 1984  8  1 12 29 16.890  1.64   1
    25096  37.290369 -121.670036     3.498     -271.3      182.0    -1401.8     15.1     16.5     33.2 1984  8  7  9  7  6.330  1.17   1
    25305  37.289852 -121.669108     4.154     -189.1      124.6     -746.8     16.1     14.9     27.7 1984  8 10  7  4  4.200  0.95   1
    25937  37.285111 -121.662321     6.290      412.8     -401.5     1389.9     19.7     16.6     38.8 1984  8 19 20 27 32.960  0.69   1
    26238  37.290141 -121.669914     4.002     -260.5      156.7     -898.7     18.2     17.6     30.4 1984  8 25  0 19 18.360  0.72   1
    27421  37.285124 -121.662573     5.899      390.4     -400.1      998.6     17.5     15.8     30.2 1984  9  6 16 33 41.640  1.41   1
    27683  37.285791 -121.663924     5.666      270.6     -326.0      765.8     20.3     16.9     33.3 1984  9 10 16 24 47.130  2.39   1
    27684  37.285775 -121.663664     5.259      293.7     -327.9      358.3     28.1     23.1     63.5 1984  9 10 16 33 36.940  1.79   1
    27721  37.284798 -121.662760     5.964      373.8     -436.2     1064.0     17.5     17.4     27.5 1984  9 11  8 13 54.330  0.83   1
    27722  37.288139 -121.665910     5.690       94.5      -65.5      789.7     17.5     12.2     29.1 1984  9 11  9 29 23.690  1.78   1
    27724  37.289758 -121.665649     6.485      117.6      114.3     1584.6     18.7     14.4     32.1 1984  9 11 10 26  8.190  1.55   1
    28475  37.291663 -121.670817     3.517     -340.6      325.6    -1383.4     19.6     18.9     36.5 1984  9 23  8 43 14.720  1.07   1
    29752  37.285588 -121.666528     3.290       39.7     -348.6    -1609.9     16.9     14.4     30.7 1984 10 10  7 11 54.160  1.90   1
    29901  37.291345 -121.667367     6.500      -34.6      290.4     1599.5     18.4     18.6     48.1 1984 10 12  7 13 23.200  1.21   1
    30009  37.290637 -121.667782     5.700      -71.4      211.8      799.7     18.3     12.2     35.3 1984 10 13 17 32 47.840  1.83   1
    30159  37.289889 -121.669206     4.248     -197.7      128.7     -652.2     12.2     13.2     20.7 1984 10 17 11 39  4.900  0.89   1
    30929  37.291211 -121.668840     5.705     -165.3      275.5      805.1     18.9     13.1     35.4 1984 10 30  2 49 48.600  1.41   1
    31031  37.287012 -121.664640     5.792      207.1     -190.6      892.1     18.2     14.1     29.7 1984 10 31  3  5 11.660  2.89   1
    31037  37.285417 -121.662354     5.919      409.9     -367.6     1018.5     19.3     30.5     51.9 1984 10 31 15 28 48.300  0.79   1
    31068  37.284314 -121.661971     5.752      443.8     -490.0      851.6     18.7     23.2     39.1 1984 11  1  5 22 45.950  0.79   1
    31844  37.285840 -121.665299     4.548      148.7     -320.6     -352.5     17.5     15.7     32.0 1984 11 13 11 59  9.360  1.31   1
    32049  37.288786 -121.669092     3.690     -187.6        6.3    -1210.0     12.8     13.9     25.9 1984 11 18  0 28 55.240  1.69   1
    32676  37.285909 -121.663216     5.987      333.4     -313.0     1086.9     18.6     15.2     35.0 1984 11 28 11 54 37.810  2.94   1
    35929  37.287516 -121.665462     5.663      134.2     -134.6      762.5     16.8     10.8     30.0 1984 12  1  8  9 13.540  1.74   1
    33786  37.286690 -121.665796     4.471      104.6     -226.2     -429.3     17.8     15.4     32.6 1984 12 10  7 45 41.770  1.43   1
    34527  37.289876 -121.667131     5.784      -13.7      127.3      884.0     18.0     12.3     33.0 1984 12 15 10 28 17.680  1.61   1
    34841  37.284709 -121.662207     5.572      422.9     -446.2      671.3     17.8     13.7     34.2 1984 12 19  8 29 34.630  1.35   1
    35109  37.290645 -121.670508     3.771     -313.2      212.7    -1128.8     10.9     13.6     22.5 1984 12 22  4 43 44.710  1.60   1
    38148  37.287394 -121.667977     3.821      -88.8     -148.1    -1079.0     15.5     14.5     32.6 1985  1 19 11 56 37.340  2.49   1
    39944  37.290466 -121.667871     5.733      -79.4      192.8      832.8     20.1     15.0     36.2 1985  2  5 11 42 49.820  2.05   1
    40913  37.288806 -121.664982     6.427      176.8        8.6     1526.5     17.9     12.6     30.7 1985  2 13 23 52 25.080  1.70   1
    41574  37.289978 -121.669019     4.246     -181.1      138.6     -654.3     12.5     13.9     25.0 1985  2 16 20 53  7.160  1.20   1
    42349  37.288375 -121.667187     3.867      -18.8      -39.3    -1033.4     21.4     21.9     36.3 1985  2 28  1  9 58.300  0.84   1
    42555  37.288810 -121.668815     3.760     -163.1        9.0    -1140.3     11.3     12.1     22.6 1985  3  2  6 53 56.010  1.74   1
    42559  37.289648 -121.669588     3.719     -231.6      102.1    -1181.3     10.8     13.2     22.0 1985  3  2  8 55  3.470  1.91   1
    42643  37.288997 -121.669100     3.699     -188.3       29.8    -1201.5     11.5     13.2     22.2 1985  3  2  8 55 29.590  2.08   1
    42560  37.289893 -121.670337     3.703     -298.0      129.2    -1197.6     13.5     14.6     28.1 1985  3  2  8 58  0.480  1.22   1
    43546  37.289681 -121.667480     6.033      -44.7      105.7     1132.6     17.8     12.2     34.6 1985  3 12  4  3 59.980  3.24   1
    43580  37.289884 -121.666781     5.664       17.3      128.3      763.7     17.8     13.0     32.0 1985  3 12  4  4 51.800  2.04   1
    44335  37.285771 -121.663949     5.722      268.5     -328.3      821.6     16.9     13.4     30.3 1985  3 20  4 57 39.190  2.56   1
    44729  37.286938 -121.665299     5.703      148.7     -198.7      802.6     17.2     13.1     27.8 1985  3 26 11 50 46.600  1.26   1
    45835  37.287626 -121.665210     5.930      156.6     -122.4     1029.4     18.3     16.2     29.6 1985  4 10 18 45 20.620  1.07   1
    46041  37.294486 -121.670483     5.988     -311.0      639.0     1087.9     21.0     14.4     32.9 1985  4 13 14  1 53.470  1.16   1
    47288  37.285425 -121.666178     2.833       70.7     -366.7    -2067.6     18.4     24.1     56.0 1985  5  5 16 50  5.800  0.94   1
    49151  37.285982 -121.666390     3.328       52.0     -304.8    -1572.0     17.8     14.7     30.3 1985  6  8  4 58 49.900  0.64   1
    49626  37.291341 -121.670923     3.800     -350.0      289.9    -1100.1     18.2     19.4     39.9 1985  6 15  1 38 57.380  0.94   1
    49633  37.285856 -121.665519     4.454      129.2     -318.8     -446.2     15.3     15.3     31.5 1985  6 16  5 24 54.700  1.29   1
    50591  37.287569 -121.666805     3.662       15.2     -128.7    -1238.1     14.4     14.2     23.7 1985  7  4  3  6  5.160  1.06   1
    51288  37.286414 -121.667367     3.400      -34.6     -257.0    -1500.7     17.0     15.6     29.4 1985  7 17 13 58 38.250  1.02   1
    51325  37.285360 -121.662638     5.706      384.6     -373.9      806.2     19.7     18.0     37.0 1985  7 17 23 39 58.840  1.89   1
    51378  37.284949 -121.661816     5.917      457.5     -419.5     1016.8     18.0     15.6     27.3 1985  7 18 23 42  1.800  0.97   1
    51398  37.290116 -121.669442     4.252     -218.7      154.0     -648.6     14.8     13.6     25.8 1985  7 19  9 58 16.960  0.97   1
    52580  37.289771 -121.666951     5.737        2.2      115.6      836.8     18.0     11.9     34.0 1985  8  9 11 45  2.020  1.60   1
    54084  37.289441 -121.669930     3.672     -262.0       79.0    -1228.4     11.5     13.2     22.2 1985  8 28 20 35 10.100  1.58   1
    57271  37.293392 -121.673291     3.828     -560.0      517.5    -1072.5     18.4     19.1     38.1 1985 10 19 16 33 20.030  1.38   1
    57273  37.293152 -121.673438     3.775     -573.0      490.9    -1125.4     18.3     18.4     38.5 1985 10 19 17 35 48.940  1.66   1
    57770  37.290263 -121.670776     3.471     -337.0      170.3    -1429.1     15.9     16.2     31.5 1985 10 28  3 55 38.130  1.31   1
    58027  37.290841 -121.667904     5.780      -82.3      234.4      879.5     19.5     12.1     35.1 1985 10 31 23 53 38.440  1.96   1
    58028  37.291870 -121.668799     5.671     -161.6      348.6      770.7     21.5     14.7     39.1 1985 10 31 23 55 40.960  1.46   1
    58676  37.290063 -121.665755     6.386      108.2      148.1     1486.1     18.4     15.2     32.9 1985 11  9 23 12 11.080  1.88   1
    59070  37.286943 -121.664787     5.723      194.1     -198.2      822.6     17.5     13.4     28.1 1985 11 14  9 21  5.080  0.97   1
    61248  37.284794 -121.662817     5.552      368.8     -436.7      651.8     19.9     16.3     36.8 1985 12 12  7 33 37.950  1.16   1
    61462  37.288444 -121.667871     4.213      -79.4      -31.6     -687.0     13.5     13.3     27.6 1985 12 14 18 25 45.080  1.09   1
    61809  37.290218 -121.669255     4.229     -202.1      165.3     -671.7     15.9     15.7     27.2 1985 12 19  0  2 10.460  0.97   1
    62142  37.290556 -121.668929     4.849     -173.2      202.8      -51.1     17.1     14.6     32.2 1985 12 24 21 18 58.720  0.89   1
    62514  37.288782 -121.668848     3.757     -166.0        5.9    -1143.5     16.1     14.9     25.9 1985 12 31 15 50 52.230  1.74   1
    62520  37.288798 -121.668994     3.725     -179.0        7.7    -1175.7     15.9     15.7     29.4 1985 12 31 18  3  3.480  1.62   1
    65047  37.286768 -121.665959     4.568       90.2     -217.7     -332.3     16.8     15.1     31.4 1986  1 30  3 31 43.810  1.30   1
    65406  37.284998 -121.662622     5.946      386.1     -414.1     1045.5     17.5     14.5     26.4 1986  2  2  8 26 42.650  1.18   1
    66346  37.285409 -121.666642     3.401       29.6     -368.5    -1499.4     15.7     13.7     27.8 1986  2 11 10 37 16.920  1.40   1
    66201  37.285746 -121.666756     3.312       19.5     -331.0    -1588.2     17.8     15.5     30.7 1986  2 11 11 50  0.620  1.50   1
    67820  37.290767 -121.671346     3.800     -387.5      226.2    -1099.9     13.4     14.9     27.3 1986  3  8 10 32  4.410  1.63   1
    67803  37.285824 -121.665446     4.447      135.7     -322.4     -453.8     15.3     14.6     29.7 1986  3  9 18 55 22.760  1.42   1
    70356  37.285868 -121.664225     5.837      243.9     -317.5      936.5     18.4     15.1     34.1 1986  4  4 10 16 40.970  3.19   1
    70373  37.287504 -121.665552     5.715      126.3     -135.9      814.2     18.0     10.5     30.2 1986  4  4 10 17 30.150  2.37   1
    70083  37.285079 -121.662622     5.969      386.1     -405.1     1069.0     19.2     15.7     30.3 1986  4 12  7 13 35.460  1.00   1
    70826  37.293925 -121.670549     5.761     -316.8      576.7      860.3     20.1     14.0     36.5 1986  4 21  8 46 14.270  0.99   1
    73536  37.290613 -121.667708     5.770      -64.9      209.1      869.5     18.7     11.9     34.1 1986  5 29  1 41 52.560  1.51   1
    73786  37.288920 -121.669572     3.375     -230.2       21.2    -1525.7     14.8     14.7     27.8 1986  6  1 10 51 31.460  1.21   1
    73850  37.289746 -121.666968     5.740        0.7      112.9      840.1     18.2     13.2     31.4 1986  6  2  5  8 18.340  1.52   1
    76654  37.285734 -121.663281     5.994      327.6     -332.4     1094.0     18.2     14.7     34.5 1986  7 16 20 59  3.320  2.98   1
    76560  37.284200 -121.663468     6.169      311.0     -502.6     1269.1     20.2     17.7     37.0 1986  7 17  4 26  2.170  0.83   1
    77218  37.289486 -121.669840     3.841     -254.0       84.0    -1059.5     13.4     13.4     25.1 1986  7 25  9 22 50.290  2.26   1
    77283  37.289286 -121.669027     3.617     -181.9       61.9    -1283.5     13.5     14.9     27.5 1986  7 25  9 23  5.480  2.35   1
    77296  37.290104 -121.670068     3.656     -274.2      152.6    -1244.7     17.4     17.3     38.0 1986  7 25 16  1 52.100  1.15   1
    81016  37.291654 -121.671305     3.787     -383.9      324.7    -1113.0     16.8     17.6     36.7 1986  9  2  7 22  7.550  0.52   1
    81017  37.291471 -121.671395     3.792     -391.8      304.4    -1108.3     15.8     16.3     33.2 1986  9  2  7 24 15.870  0.83   1
    81735  37.287911 -121.665641     5.685      118.3      -90.8      785.2     17.2     10.3     29.1 1986  9  8 23  4 33.440  1.55   1
    82606  37.291227 -121.671265     3.821     -380.3      277.3    -1078.9     15.8     13.9     29.8 1986  9 15 20 17 49.920  2.67   1
    83579  37.290238 -121.668848     4.844     -166.0      167.5      -56.3     16.4     15.4     34.4 1986  9 22 19 39 11.020  0.83   1
    83805  37.290682 -121.670809     3.737     -339.9      216.8    -1162.2     10.3     13.9     24.2 1986  9 25 12  1 52.830  1.36   1
    85194  37.287541 -121.668034     3.823      -93.8     -131.9    -1076.9     17.0     15.5     35.3 1986 10  9  2  6 22.720  2.95   1
    85669  37.285445 -121.666821     3.323       13.7     -364.4    -1577.6     18.2     14.9     30.5 1986 10 14 15 13 49.290  1.43   1
    87103  37.287895 -121.667448     4.089      -41.9      -92.6     -811.3     11.5     12.6     20.4 1986 11  3  8 20 28.780  0.94   1
    87964  37.284469 -121.662305     5.642      414.2     -472.8      741.6     17.1     14.3     33.4 1986 11 14 11 55 11.210  0.96   1
    88698  37.291545 -121.670361     4.324     -300.2      312.5     -576.7     16.4     14.7     31.6 1986 11 25 13  0 35.660  1.01   1
    90036  37.289807 -121.668726     4.018     -155.1      119.7     -882.3     15.0     13.2     25.9 1986 12 12 17 46 44.360  0.64   1
    90485  37.289889 -121.669417     4.223     -216.5      128.7     -676.8     14.1     12.8     25.4 1986 12 18  2  5 30.480  1.09   1
    93248  37.289262 -121.670142     3.467     -280.7       59.2    -1432.9     22.7     16.9     41.5 1987  1 26 13 47 46.830  2.35   1
    95188  37.285189 -121.662573     6.013      390.4     -392.9     1112.4     18.4     14.9     40.0 1987  2 21  7 40 45.210  1.18   1
    95317  37.285547 -121.662199     6.707      423.6     -353.1     1807.2     22.0     19.7     47.5 1987  2 23 17  5  2.320  0.91   1
    97576  37.290426 -121.669141     4.835     -192.0      188.3      -65.8     15.6     13.8     29.2 1987  3 29 10  2  1.050  0.79   1
    98812  37.288025 -121.667619     4.166      -57.0      -78.1     -733.9     13.5     12.9     23.8 1987  4 17 16 13 47.300  1.18   1
   101361  37.289718 -121.669548     3.903     -228.0      109.7     -997.0     14.7     12.8     26.9 1987  6  3  6 56  7.740  1.92   1
   101362  37.288904 -121.669515     3.761     -225.1       19.4    -1139.6     13.2     12.5     24.2 1987  6  3  6 58 51.320  1.74   1
   101659  37.287781 -121.665609     5.744      121.2     -105.2      843.3     17.8     12.4     27.9 1987  6  9  2  2 39.460  2.37   1
   102139  37.287374 -121.666585     3.561       34.6     -150.4    -1339.3     18.3     16.3     28.7 1987  6 20 16 35 35.960  0.82   1
   102776  37.291589 -121.670947     3.741     -352.1      317.5    -1159.1     18.3     18.2     40.2 1987  7  7  1 44 26.990  1.01   1
   103138  37.289400 -121.669368     3.722     -212.2       74.5    -1177.8     10.8     12.6     19.0 1987  7 14 19  2 57.020  1.72   1
   103702  37.290063 -121.667350     5.779      -33.2      148.1      878.8     18.4     12.9     33.9 1987  7 28  7  4 28.800  1.51   1
   103833  37.290727 -121.668172     5.807     -106.1      221.7      907.2     18.5     12.4     34.4 1987  8  1  1 40 41.980  1.94   1
   105327  37.287569 -121.668172     3.738     -106.1     -128.7    -1161.8     14.0     13.8     29.7 1987  9  4 10 31 17.310  1.74   1
   105800  37.289372 -121.666333     5.833       57.0       71.4      932.7     18.4     12.3     31.7 1987  9 14 23  7 17.840  0.83   1
   106343  37.290214 -121.668831     4.707     -164.5      164.8     -193.2     15.2     13.9     27.9 1987  9 27  7 19 34.920  0.75   1
   106370  37.289970 -121.669263     4.577     -202.8      137.7     -322.8     16.3     15.0     30.3 1987  9 27  8 23 11.780  0.96   1
   106462  37.288241 -121.667220     4.186      -21.6      -54.2     -714.4     13.6     13.1     27.3 1987  9 29  4 47  3.550  0.92   1
   107299  37.285527 -121.663175     6.043      337.0     -355.4     1142.4     18.5     15.7     35.7 1987 10 17  9 43 42.990  1.55   1
   107927  37.289677 -121.667521     6.117      -48.3      105.2     1216.5     17.9     13.3     33.9 1987 11  1 22 11 13.060  3.15   1
   107902  37.290149 -121.666821     5.802       13.7      157.6      902.0     18.6     12.3     33.5 1987 11  1 22 13 47.560  1.56   1
   107906  37.288151 -121.666040     5.779       83.0      -64.1      878.3     17.3     10.6     28.6 1987 11  2  3  6 28.290  1.52   1
   108512  37.285608 -121.666748     3.317       20.2     -346.4    -1583.0     17.1     14.9     30.8 1987 11 16 23 19  9.000  1.98   1
   109132  37.290186 -121.669246     4.462     -201.3      161.7     -437.9     15.5     15.0     27.4 1987 11 27  4  7 50.420  0.67   1
   110939  37.290405 -121.670728     3.446     -332.7      186.1    -1454.2     16.4     17.1     33.0 1988  1 15  1 56 42.310  1.39   1
   112178  37.286450 -121.662655     6.727      383.2     -252.9     1827.2     26.1     20.3     40.8 1988  2 10 20 13  1.200  0.94   1
   112230  37.285795 -121.664958     4.725      179.0     -325.6     -175.2     25.8     24.3     63.9 1988  2 13  4 54 35.870  1.36   1
   112868  37.291728 -121.671110     4.425     -366.6      332.8     -475.1     14.6     13.6     27.9 1988  2 25 10  0 17.780  0.92   1
   113569  37.291260 -121.667220     6.273      -21.6      280.9     1372.4     18.4     13.9     38.6 1988  3  9  2  8 11.840  1.40   1
   114006  37.285852 -121.663623     5.824      297.3     -319.3      923.6     17.9     14.4     31.8 1988  3 16 23 10  6.640  2.45   1
   115994  37.290926 -121.668172     5.775     -106.1      243.9      875.0     18.4     12.2     34.5 1988  4 21  4 42 14.550  1.94   1
   115996  37.291569 -121.668750     5.795     -157.3      315.2      894.6     18.8     12.8     35.5 1988  4 21  4 48 47.890  0.84   1
   116401  37.288912 -121.665397     6.344      140.0       20.3     1443.4     20.5     15.2     35.1 1988  4 29  7 29 57.200  1.68   1
   116406  37.289294 -121.665438     6.520      136.4       62.8     1619.8     17.9     13.4     33.7 1988  4 29  7 47 21.590  1.99   1
   117175  37.289889 -121.666984     5.776       -0.7      128.7      875.5     18.2     11.5     33.4 1988  5 13 17 17 30.760  1.52   1
   119615  37.289937 -121.665804     6.453      103.9      134.1     1552.8     17.9     11.6     28.1 1988  6 27  4 18 37.320  2.52   1
   119610  37.290011 -121.665837     6.481      101.0      142.3     1581.0     18.4     11.9     27.5 1988  6 27  4 18 52.410  2.72   1
   119763  37.290080 -121.669189     4.219     -196.3      149.9     -680.0     11.2     13.6     25.5 1988  6 30 23 52 27.360  0.97   1
   119888  37.285095 -121.662174     6.315      425.8     -403.3     1415.0     18.8     16.3     34.4 1988  7  5  5  2 33.820  0.83   1
   120788  37.290621 -121.670573     3.791     -319.0      210.0    -1109.3     10.7     13.9     23.1 1988  7 23 10 42 21.740  1.53   1
   120974  37.289937 -121.668742     4.249     -156.6      134.1     -651.6     14.6     15.8     30.0 1988  7 26 18  9 59.220  0.80   1
   126189  37.289620 -121.669604     3.845     -233.1       98.9    -1055.3     14.2     13.5     25.5 1988 11  2  3  9 12.610  1.93   1
   126292  37.289026 -121.669100     3.718     -188.3       33.0    -1182.1      9.9     12.3     18.5 1988 11  3  1 30  4.280  1.71   1
   126389  37.288786 -121.669377     3.902     -212.9        6.3     -998.5     15.3     13.4     29.3 1988 11  4 13 34 34.720  1.87   1
   126560  37.284969 -121.662744     5.870      375.3     -417.3      970.0     17.4     14.1     30.7 1988 11  7 17 51 17.980  1.24   1
   126901  37.285872 -121.666886     3.350        7.9     -317.0    -1550.2     17.0     14.2     29.8 1988 11 12 18 11 57.680  1.07   1
   129454  37.286019 -121.662484     6.651      398.3     -300.8     1750.8     19.6     15.3     30.9 1988 12 30 23 53 29.880  1.74   1
   129428  37.286796 -121.662939     6.677      357.9     -214.5     1777.1     18.4     10.9     28.6 1988 12 30 23 54 24.000  4.30   1
   129887  37.289970 -121.669287     4.214     -204.9      137.7     -686.0     13.7     12.8     24.4 1989  1 13 10  9  6.070  0.94   1
   131766  37.289067 -121.664868     6.509      186.9       37.5     1609.2     17.5     11.5     26.9 1989  2 22 14 10 28.230  1.79   1
   132424  37.287651 -121.668123     3.821     -101.8     -119.7    -1079.6     12.1     13.1     26.6 1989  3  7 15  3 21.870  2.62   1
   132469  37.285510 -121.662728     6.107      376.7     -357.2     1206.6     19.2     14.1     30.5 1989  3  8 14 47  1.080  1.40   1
   132715  37.285103 -121.662573     6.044      390.4     -402.4     1143.7     17.4     14.6     32.0 1989  3 12  7 15 43.550  0.81   1
   139260  37.289917 -121.668555     4.191     -140.0      131.9     -709.2     14.9     14.6     37.1 1989  7  1  1 11 28.510  0.96   1
   140151  37.286890 -121.663224     6.592      332.7     -204.1     1691.8     19.8     13.7     29.1 1989  7 16 21 54  2.440  1.65   1
   140303  37.285986 -121.666545     3.383       38.2     -304.4    -1517.1     16.9     14.5     30.0 1989  7 19  8 51 59.540  1.28   1
   142196  37.288472 -121.667554     4.289      -51.2      -28.5     -610.9     18.4     15.3     33.1 1989  8 14  4  7  9.360  1.25   1
   144026  37.285034 -121.662630     5.935      385.4     -410.0     1034.7     18.7     15.7     29.9 1989  9 14 10 35 38.140  0.87   1
   144648  37.287659 -121.665299     5.744      148.7     -118.8      843.4     17.2     12.7     30.0 1989  9 26 17  2  0.820  0.92   1
   144843  37.290686 -121.668075     5.768      -97.4      217.2      867.9     18.7     12.4     35.1 1989 10  1 18 21 45.920  1.78   1
   148939  37.288993 -121.668953     3.694     -175.4       29.4    -1206.5     13.2     13.4     27.2 1989 12 13  5 33 46.080  1.60   1
   149804  37.293014 -121.673014     3.681     -535.4      475.5    -1219.5     18.4     17.4     40.4 1989 12 30  6 19 29.350  1.59   1
   150901  37.286808 -121.665666     4.525      116.2     -213.2     -374.9     18.1     16.0     32.8 1990  1 19  9 24  8.400  1.24   1
   151583  37.285453 -121.666764     3.289       18.8     -363.5    -1611.4     17.7     15.0     30.9 1990  1 31  5  8 47.310  1.38   1
   153849  37.284668 -121.662004     5.642      440.9     -450.7      741.6     18.9     16.4     35.7 1990  3  6 23  9 12.960  0.83   1
   154124  37.288151 -121.665926     5.724       93.1      -64.1      824.2     17.5     11.7     27.6 1990  3 11 11 52 34.830  2.34   1
   155780  37.285539 -121.666569     3.413       36.1     -354.0    -1487.5     16.8     14.4     29.4 1990  4 11  5 35 19.420  1.33   1
   157462  37.286100 -121.663997     5.762      264.1     -291.7      861.7     17.9     14.3     31.8 1990  5 10 16 43 48.520  3.18   1
   157486  37.284928 -121.662451     5.727      401.2     -421.8      826.6     18.3     16.4     35.9 1990  5 11 22 59 22.960  0.97   1
   157494  37.289709 -121.668937     4.151     -173.9      108.8     -749.5     13.2     13.4     20.6 1990  5 12  2 57 13.600  0.81   1
   157758  37.290035 -121.667114     5.816      -12.3      145.0      915.5     18.4     11.7     33.9 1990  5 16  4 10 37.430  1.59   1
   158154  37.291443 -121.671493     3.929     -400.5      301.2     -971.7     17.2     17.8     33.5 1990  5 23 11 11 37.580  1.03   1
   158290  37.291650 -121.671647     3.824     -414.2      324.2    -1076.1     15.8     16.0     32.6 1990  5 23 16 30 36.550  0.82   1
 20091514  37.285917 -121.663159     6.185      338.5     -312.1     1284.5     18.3     12.9     33.1 1990  6 11  1 38 14.370  3.10   1
   159156  37.287691 -121.665161     5.950      160.9     -115.2     1050.2     17.6     12.5     26.7 1990  6 11  2 45 19.820  1.25   1
   160503  37.290072 -121.669539     3.863     -227.3      149.0    -1037.0     10.4     12.8     20.5 1990  7  5 20  4 42.800  1.71   1
   161358  37.290662 -121.669897     4.324     -259.1      214.5     -576.1     15.8     13.9     28.7 1990  7 20  5 51 45.700  0.96   1
 20092038  37.292594 -121.667757     6.584      -69.3      429.0     1684.0     18.1     13.2     31.0 1990  8 17  2 26 16.740  3.68   1
   163527  37.290658 -121.666610     6.548       32.5      214.1     1647.9     19.0     15.8     42.6 1990  9  1 17 25 25.320  0.96   1
   165437  37.290271 -121.667456     5.818      -42.6      171.2      917.7     18.4     12.1     33.9 1990 10 17  6 15 15.710  1.80   1
   204801  37.290190 -121.669645     4.423     -236.7      162.1     -477.1     21.9     22.1     39.6 1991  1 15 17 29 20.200  0.94   1
   205031  37.290393 -121.670353     3.550     -299.5      184.7    -1350.4     15.3     16.1     30.5 1991  1 20  5  0 30.930  1.17   1
   205737  37.287333 -121.666479     3.576       44.0     -154.9    -1324.8     16.9     15.4     28.1 1991  2  2  5 39  6.910  0.83   1
   206508  37.287317 -121.666846     3.790       11.5     -156.7    -1109.8     14.6     14.1     22.5 1991  2 13 19 31  5.060  1.22   1
   207043  37.289140 -121.669425     3.495     -217.2       45.6    -1405.7     12.3     13.8     23.8 1991  2 22 15 51 34.750  2.28   1
   208364  37.291650 -121.671094     3.866     -365.1      324.2    -1033.9     11.0     14.3     23.9 1991  3 22 11 23 27.560  1.05   1
   208389  37.291858 -121.671549     3.869     -405.5      347.3    -1031.6     11.8     14.5     23.4 1991  3 22 11 34  4.350  0.81   1
   211885  37.285396 -121.662297     6.411      414.9     -369.9     1510.8     23.3     20.7     46.7 1991  5  4  6 30 12.620  0.94   1
   212119  37.285254 -121.662166     5.990      426.5     -385.7     1089.7     18.2     16.0     35.1 1991  5  9  0 14 24.910  1.22   1
   215747  37.288611 -121.669385     3.808     -213.6      -13.1    -1092.4     12.7     12.6     24.6 1991  5 29  9 45 22.620  1.83   1
   220702  37.284587 -121.662101     5.712      432.3     -459.7      811.3     18.7     15.2     37.4 1991  6 22 16 36 38.560  1.21   1
   227435  37.290340 -121.670158     3.603     -282.2      178.8    -1296.9     13.5     14.6     27.7 1991  8 10 17  6  5.760  1.23   1
   227542  37.285441 -121.666496     3.374       42.6     -364.9    -1526.1     16.8     14.4     29.9 1991  8 12  9 56  3.630  1.43   1
   228484  37.288139 -121.665698     5.710      113.3      -65.5      810.0     17.3     10.6     30.0 1991  8 21 17  7 40.400  2.27   1
   229053  37.290865 -121.667896     5.773      -81.5      237.1      872.4     19.3     12.0     35.7 1991  8 28 14  4 22.080  2.05   1
   229871  37.290011 -121.668660     4.274     -149.4      142.3     -626.5     15.4     14.1     27.1 1991  9  6 16 39 27.620  0.93   1
   234881  37.285645 -121.666699     3.386       24.5     -342.3    -1514.2     16.6     14.3     29.6 1991 10 22 17  4 17.460  1.46   1
   238704  37.289677 -121.669368     3.733     -212.2      105.2    -1167.5     11.5     12.8     20.9 1991 12  3  5 24 24.980  2.01   1
   238790  37.289274 -121.669466     3.811     -220.8       60.5    -1089.7     13.2     12.7     22.7 1991 12  4  0  8 49.550  1.89   1
   238816  37.285213 -121.662549     6.165      392.6     -390.2     1264.9     19.8     17.4     39.0 1991 12  4 13 45 39.520  0.99   1
   241590  37.288460 -121.666032     5.769       83.7      -29.8      868.7     18.0     12.8     31.0 1991 12 23 12 33 19.250  1.22   1
   249781  37.290055 -121.666862     5.759       10.1      147.2      858.7     18.4     12.6     34.2 1992  2 10 12 31  5.020  1.61   1
   253921  37.285734 -121.666366     3.338       54.1     -332.4    -1562.4     16.5     14.0     29.6 1992  3  4 13 13  6.220  1.23   1
   261841  37.291292 -121.671216     3.745     -376.0      284.5    -1155.2     16.0     17.2     34.8 1992  4  6  9 39 49.410  0.92   1
   292015  37.287435 -121.667578     3.851      -53.4     -143.6    -1049.5     17.1     15.6     35.6 1992  6  9 12 59 24.230  2.86   1
   303099  37.286047 -121.665584     4.644      123.4     -297.6     -256.4     17.1     15.0     31.1 1992  7  7  2 47 24.660  1.35   1
   304374  37.285608 -121.667000     3.354       -2.2     -346.4    -1546.5     18.0     14.9     30.6 1992  7 17  9 51 49.510  1.02   1
   312743  37.290735 -121.670915     3.831     -349.3      222.6    -1069.4     14.7     14.4     25.7 1992  8 29 17  4 29.020  1.64   1
   314921  37.287882 -121.668758     3.946     -158.0      -93.9     -954.6     13.4     14.9     26.8 1992  9 11  1 22 13.650  1.06   1
   322432  37.286764 -121.665894     4.553       96.0     -218.1     -346.9     18.1     16.4     32.6 1992 11  5 12 35  5.470  1.26   1
   327300  37.291699 -121.668791     5.804     -160.9      329.7      903.4     18.7     12.4     34.4 1992 11 29  5  3  2.720  1.73   1
   330647  37.290312 -121.669352     4.279     -210.7      175.7     -621.5     12.2     13.1     23.1 1993  1  2 11 32 10.020  1.10   1
   331552  37.291618 -121.671501     3.859     -401.2      320.6    -1041.2     15.4     16.8     31.2 1993  1  9 17 48 38.720  1.01   1
   331635  37.291056 -121.670882     3.700     -346.4      258.3    -1200.6     15.9     17.4     34.2 1993  1 10 22 13  9.440  1.20   1
   339439  37.285278 -121.662345     6.014      410.6     -382.9     1113.3     18.6     17.3     40.9 1993  3  7  1 47 38.410  1.22   1
   339511  37.285173 -121.662467     5.989      399.8     -394.7     1089.2     19.7     16.1     33.4 1993  3  8  9 25 39.610  1.01   1
   352620  37.289050 -121.668066     3.836      -96.7       35.7    -1064.3     12.8     14.0     22.9 1993  6  8  9 15  1.380  0.83   1
 30036393  37.291630 -121.671151     4.112     -370.2      322.0     -788.6     16.2     16.5     30.2 1993 12  1  0 25 49.530  0.98   1
   389286  37.289034 -121.668978     3.636     -177.5       33.9    -1264.6     12.8     13.6     24.7 1993 12 20 22 35  7.800  1.77   1
   391772  37.290214 -121.669312     4.293     -207.1      164.8     -607.4     14.9     13.4     27.3 1994  1 19  7 46 39.590  0.96   1
   391983  37.289937 -121.669482     4.377     -222.3      134.1     -523.6     14.9     14.0     26.8 1994  1 20  7 20 41.680  0.90   1
   399980  37.290169 -121.670199     3.578     -285.8      159.9    -1322.7     12.7     14.3     26.6 1994  4  6  4 11 34.960  1.38   1
   400563  37.285583 -121.666642     3.331       29.6     -349.1    -1569.7     15.6     14.3     28.7 1994  4 16 13 10 52.340  2.00   1
   401879  37.289844 -121.666357     5.752       54.8      123.7      851.9     19.8     13.4     32.0 1994  5  8 23  4 53.240  1.61   1
 30049085  37.288009 -121.665454     5.709      134.9      -79.9      808.8     17.4     11.7     29.2 1994  5 13 11 15 14.850  1.56   1
 30051942  37.290877 -121.667782     5.719      -71.4      238.4      818.8     18.4     12.9     36.5 1994  6 30 14 25 51.030  1.83   1
 30051943  37.291923 -121.668970     5.735     -176.8      354.5      834.8     18.9     12.1     36.2 1994  6 30 14 29 15.060  1.38   1
 30054274  37.293392 -121.673283     3.746     -559.2      517.5    -1154.0     18.4     18.0     39.9 1994  8  4 17 19  8.160  1.37   1
 30057908  37.285726 -121.663835     5.808      278.6     -333.3      907.6     17.8     14.8     32.6 1994  9 17 17 57  1.520  2.38   1
 30058785  37.285876 -121.664046     5.722      259.8     -316.6      822.0     18.4     14.7     30.1 1994  9 25 23  4 28.000  2.36   1
 30062741  37.289933 -121.669938     3.614     -262.7      133.7    -1286.0     10.9     13.5     25.7 1994 11 16 16 50 58.150  2.01   1
 30062748  37.290023 -121.669604     3.780     -233.1      143.6    -1120.8     12.9     13.9     26.1 1994 11 16 18  3 42.360  1.27   1
 30069218  37.288700 -121.668815     3.955     -163.1       -3.2     -945.4     12.1     12.7     21.6 1995  3  3  9 38 49.200  1.20   1
 30069222  37.288879 -121.669287     3.901     -204.9       16.7     -999.3     12.4     12.5     24.6 1995  3  3 12 30 15.850  1.75   1
 30069457  37.289071 -121.669019     3.577     -181.1       37.9    -1323.3     15.6     16.0     26.9 1995  3  7 13 19 41.960  1.26   1
 30071053  37.285795 -121.663021     6.057      350.7     -325.6     1156.5     17.8     14.3     34.2 1995  4  5  7 55 21.350  2.80   1
 30072363  37.284855 -121.662126     5.748      430.1     -429.9      847.4     17.6     13.8     32.1 1995  4 26 17 54  9.660  1.14   1
 30073191  37.291610 -121.671476     3.832     -399.1      319.7    -1068.0     18.0     17.4     37.5 1995  5 14 11 18 47.000  1.02   1
 30074975  37.290344 -121.669035     4.301     -182.6      179.3     -599.5     21.9     21.9     35.7 1995  6 15 22 23  1.320  1.34   1
 30076454  37.290987 -121.670980     4.288     -355.0      250.6     -611.9     22.8     15.8     46.6 1995  7  4 11 20 49.790  2.65   1
 30077970  37.288114 -121.666081     5.695       79.4      -68.2      795.1     16.9     10.7     29.3 1995  7 24  8 37 43.620  1.26   1
 30090632  37.287528 -121.667342     3.760      -32.5     -133.2    -1140.4     18.1     16.0     39.5 1995 11 25 19 22  6.180  2.56   1
 30091051  37.287667 -121.665495     5.726      131.3     -117.9      825.4     17.6     12.9     25.6 1995 12  2  1 12 15.750  1.40   1
 30092060  37.289046 -121.669238     3.722     -200.6       35.2    -1178.6     12.1     12.3     22.4 1995 12 15 18 53 39.820  1.82   1
 30107700  37.293477 -121.673153     3.669     -547.7      527.0    -1231.7     18.4     18.0     40.4 1996  5 30 18 47 12.480  1.35   1
   478138  37.289331 -121.669629     3.814     -235.3       66.8    -1086.8     14.7     13.2     26.9 1996  9  2 20 27  0.360  1.99   1
   478141  37.290263 -121.670125     3.671     -279.3      170.3    -1229.3     15.3     18.3     52.2 1996  9  2 20 36  3.960  1.38   1
   478159  37.289046 -121.668604     4.534     -144.3       35.2     -365.8     17.0     13.8     32.2 1996  9  3  0  2  4.940  1.17   1
   482382  37.285087 -121.662126     5.744      430.1     -404.2      843.3     18.4     15.5     32.9 1996 10 19  4 32 38.790  1.30   1
   483500  37.288017 -121.665902     5.993       95.3      -79.0     1092.5     18.9     12.3     38.6 1996 11  2 12 22 52.340  2.29   1
   485145  37.285588 -121.666593     3.327       33.9     -348.6    -1573.4     16.7     15.0     29.8 1996 11 20 12 25 42.190  1.93   1
   502047  37.289795 -121.665715     6.395      111.9      118.3     1494.3     19.0     12.6     28.9 1997  4 20 17  8  1.560  1.79   1
   522670  37.286528 -121.664478     6.162      221.5     -244.3     1261.2     17.5     10.1     30.3 1997  9 26 19 58  2.480  3.09   1
   523141  37.289766 -121.666984     5.783       -0.7      115.2      882.5     18.8     12.2     35.5 1997  9 29  3  7 46.980  1.55   1
   529274  37.288631 -121.669328     3.682     -208.6      -10.8    -1218.0     13.3     13.7     23.9 1997 10 28 12  1 44.750  1.61   1
