    16484  37.286003 -121.663761     6.242      285.0     -302.6     1342.0     90.7     81.0    198.8 1984  4 24 21 20 23.480  3.57   1
    16527  37.286117 -121.664486     5.877      220.8     -289.9      976.5     91.1     76.9    188.0 1984  4 24 21 23 39.960  3.54   1
    17496  37.291329 -121.665788     6.471      105.4      288.6     1570.3    107.3     76.3    203.6 1984  4 25  0  4 49.440  1.23   1
    16521  37.286678 -121.667187     3.912      -18.8     -227.6     -988.7    117.4     87.2    170.6 1984  4 25  4 16 53.440  3.00   1
    17842  37.289201 -121.668083     3.610      -98.1       52.4    -1290.7    118.0     92.3    168.7 1984  4 25  4 35 19.170  1.90   1
    16635  37.294340 -121.670052     5.936     -272.8      622.7     1035.7     93.4    109.4    189.1 1984  4 25  7 22 22.290  1.40   1
    16576  37.287146 -121.662728     5.777      376.7     -175.7      876.2     96.2     76.8    194.9 1984  4 25 14  6 57.560  1.62   1
    17929  37.289551 -121.666187     5.202       70.0       91.2      301.3     95.1     79.0    207.8 1984  4 25 22 14 23.140  1.80   1
    16659  37.289832 -121.665438     6.383      136.4      122.4     1482.4    104.1     69.3    196.8 1984  4 26  8 54 51.420  1.52   1
    16701  37.291593 -121.665780     6.024      106.1      317.9     1124.2     92.8     94.6    198.5 1984  4 26 17 22 44.280  1.57   1
    18075  37.288989 -121.668148     4.009     -103.9       28.9     -891.2    143.2    105.1    180.9 1984  4 26 20 11 12.520  1.17   1
    16751  37.291833 -121.671606     3.474     -410.6      344.6    -1426.5    146.9    123.9    302.8 1984  4 27  7 48 23.500  0.97   1
    16766  37.287744 -121.666016     5.736       85.2     -109.3      835.7     98.4     79.8    195.5 1984  4 27 11  8  9.220  1.31   1
    16802  37.286251 -121.664233     6.452      243.2     -275.0     1552.1     96.7     75.6    216.5 1984  4 27 19  3 15.040  1.31   1
    16821  37.284652 -121.662313     5.915      413.5     -452.5     1014.4     91.7     87.3    181.9 1984  4 28  0  4 31.210  0.83   1
    16827  37.284347 -121.660514     5.451      573.0     -486.4      550.7     94.4     75.2    210.5 1984  4 28  1 43 47.850  1.21   1
    16838  37.294161 -121.669849     5.885     -254.7      602.9      985.0    118.1     98.9    182.7 1984  4 28  3 54 12.200  1.39   1
    16841  37.287000 -121.664119     4.448      253.3     -191.9     -452.6    108.8    108.0    163.7 1984  4 28  4 43 26.310  1.47   1
    19159  37.290804 -121.665804     6.111      103.9      230.3     1210.6     94.2     88.0    189.1 1984  4 28 16 12 43.750  2.09   1
    16885  37.289107 -121.664559     6.374      214.3       42.0     1473.6     95.0     67.4    198.1 1984  4 28 18 53 49.960  2.18   1
    16911  37.289738 -121.665910     6.023       94.5      112.0     1122.7    132.7    192.6    465.7 1984  4 29  2 29 16.340  1.27   1
    17074  37.289982 -121.664925     6.266      181.8      139.1     1365.9     99.0     65.0    196.6 1984  4 30 14 46  1.740  1.59   1
    17272  37.289494 -121.666032     5.769       83.7       84.9      869.0     94.4     94.7    200.0 1984  5  2  7 34 17.770  1.65   1
    17294  37.293115 -121.672363     3.651     -477.7      486.8    -1249.7    136.1    128.9    347.1 1984  5  2 14 32 55.730  1.70   1
    17356  37.285506 -121.665999     3.006       86.6     -357.7    -1894.6    148.2     95.1    239.2 1984  5  2 22 58 42.360  1.77   1
    17669  37.286979 -121.663664     6.371      293.7     -194.2     1470.2    108.8     71.3    204.5 1984  5  3 23 10 52.920  1.04   1
    17723  37.285478 -121.663005     6.147      352.2     -360.8     1247.1     94.3     74.7    202.3 1984  5  4 18 42 58.080  3.05   1
    17526  37.287691 -121.665267     5.769      151.5     -115.2      868.3     91.5     74.2    188.0 1984  5  5  3 31 54.930  2.45   1
    17779  37.285494 -121.663534     5.821      305.3     -359.0      920.8     89.4     82.1    194.6 1984  5  7 14 27 20.420  2.85   1
    17794  37.284831 -121.662199     5.786      423.6     -432.6      885.4     88.7     82.1    193.7 1984  5  7 16 34 13.860  1.30   1
    17834  37.294486 -121.670304     6.005     -295.1      639.0     1104.4    117.0    102.1    259.1 1984  5  8  6 55  3.840  1.17   1
    18466  37.285038 -121.662004     5.830      440.9     -409.6      929.9     97.3     83.9    195.2 1984  5 15  1 42 21.350  1.18   1
    18608  37.291321 -121.666732     6.386       21.6      287.7     1485.7     97.7     91.4    187.5 1984  5 16 17  9 28.700  2.32   1
    18708  37.289433 -121.667277     6.058      -26.7       78.1     1157.7     90.1     85.5    193.2 1984  5 17  8 43  3.370  3.32   1
    18857  37.284399 -121.661857     5.847      453.9     -480.5      946.7    104.1     84.8    191.4 1984  5 19  4 20 31.710  0.74   1
    19686  37.290336 -121.669255     4.300     -202.1      178.4     -600.4    110.5     84.9    170.3 1984  5 29 23 53  6.840  0.99   1
    19720  37.289750 -121.665316     6.647      147.2      113.3     1746.4    104.7     79.5    190.4 1984  5 30 12 38 10.840  3.00   1
    19745  37.291300 -121.666414     6.902       49.8      285.4     2002.2    134.3    117.3    237.3 1984  5 30 17  5  4.160  0.80   1
    19776  37.287052 -121.665763     4.585      107.5     -186.1     -315.7    105.5     91.8    147.4 1984  5 31  1 43 34.410  1.22   1
    19860  37.289872 -121.666707     5.887       23.8      126.9      986.8     91.4     89.9    181.2 1984  6  1  3 27 26.880  1.58   1
    19888  37.293807 -121.671729     5.946     -421.4      563.6     1046.2    109.8    121.7    300.9 1984  6  1  9  7  7.310  1.08   1
    19992  37.286910 -121.664925     5.923      181.9     -201.9     1023.1     93.8     76.4    193.5 1984  6  2 17 32  6.480  2.92   1
    20113  37.284391 -121.662663     5.658      382.5     -481.4      758.2     97.6     79.1    204.4 1984  6  4 16 23 29.800  1.15   1
    20328  37.292554 -121.668018     6.729      -92.4      424.5     1828.7    114.2     86.2    209.0 1984  6  5 23 51 14.920  0.93   1
    20622  37.287984 -121.667057     6.638       -7.2      -82.6     1737.4    113.8     91.0    198.2 1984  6 11  4 58 46.580  1.48   1
    20978  37.285665 -121.662882     6.184      363.0     -340.0     1284.1     92.9     80.1    196.2 1984  6 16  3 50 27.150  3.13   1
    21561  37.287056 -121.663053     6.542      347.8     -185.6     1641.5    103.8     80.5    189.4 1984  6 26  7 13 18.280  0.80   1
    21644  37.291451 -121.670736     3.775     -333.4      302.1    -1125.6    120.3     76.5    195.7 1984  6 27 14 50 38.140  1.59   1
    22144  37.285819 -121.664974     4.540      177.5     -322.9     -360.2    109.0     98.7    158.1 1984  7  5 12 49 57.720  1.28   1
    22165  37.288558 -121.667277     4.156      -26.7      -19.0     -744.3    117.9     93.8    145.6 1984  7  5 17  6 28.740  0.96   1
    22271  37.290739 -121.671159     3.992     -370.9      223.1     -907.9    113.7     70.7    171.4 1984  7  7  0 17  9.970  2.67   1
    22280  37.289453 -121.669507     3.527     -224.4       80.4    -1372.9    149.9    112.2    207.0 1984  7  7  2 35  4.060  1.53   1
    23190  37.289530 -121.669515     3.708     -225.1       89.0    -1192.3    117.9     86.5    168.0 1984  7 17 16 24 49.440  1.85   1
    23195  37.287630 -121.665894     5.863       96.0     -121.9      962.6     88.9     69.6    182.2 1984  7 17 17 53  4.200  2.33   1
    24519  37.288737 -121.669434     3.746     -217.9        0.9    -1154.7    120.3     94.2    179.9 1984  7 30 14 16 49.060  2.31   1
    24674  37.289669 -121.666325     5.766       57.7      104.3      866.0     89.0     81.1    188.7 1984  8  1 12 29 16.890  1.64   1
    25096  37.290271 -121.670312     3.475     -295.9      171.2    -1425.3    125.9     93.9    207.2 1984  8  7  9  7  6.330  1.17   1
    25305  37.289811 -121.669328     4.116     -208.6      120.1     -784.2    113.6    137.8    262.2 1984  8 10  7  4  4.200  0.95   1
    25937  37.284147 -121.660889     6.162      539.8     -508.5     1261.9     91.2     80.0    209.8 1984  8 19 20 27 32.960  0.69   1
    26238  37.290393 -121.671484     3.756     -399.8      184.7    -1144.5    154.6    145.6    378.2 1984  8 25  0 19 18.360  0.72   1
    27421  37.285168 -121.662223     5.981      421.4     -395.1     1080.6     98.2     82.7    196.8 1984  9  6 16 33 41.640  1.41   1
    27683  37.285742 -121.663851     5.724      277.1     -331.5      823.8     98.8     85.2    198.3 1984  9 10 16 24 47.130  2.39   1
    27684  37.285282 -121.663859     4.147      276.4     -382.5     -753.7     83.5    117.6    211.4 1984  9 10 16 33 36.940  1.79   1
    27721  37.284713 -121.662769     6.117      373.1     -445.7     1216.2     93.2     89.5    223.6 1984  9 11  8 13 54.330  0.83   1
    27722  37.287956 -121.665763     5.626      107.5      -85.8      725.6     91.9     67.2    192.8 1984  9 11  9 29 23.690  1.78   1
    27724  37.289913 -121.665039     6.451      171.7      131.4     1550.7    105.5     71.6    193.0 1984  9 11 10 26  8.190  1.55   1
    28475  37.292314 -121.671126     3.447     -368.0      397.9    -1452.8    159.4    136.1    301.0 1984  9 23  8 43 14.720  1.07   1
    29752  37.285303 -121.666268     3.264       62.8     -380.2    -1635.9    148.9     92.1    224.7 1984 10 10  7 11 54.160  1.90   1
    29901  37.291081 -121.667432     5.339      -40.4      261.0      438.5    158.3    126.9    277.2 1984 10 12  7 13 23.200  1.21   1
    30009  37.291085 -121.668514     5.527     -136.4      261.5      626.8     90.3     90.1    195.8 1984 10 13 17 32 47.840  1.83   1
    30159  37.290072 -121.669670     4.197     -238.9      149.0     -703.6    123.8     92.3    193.3 1984 10 17 11 39  4.900  0.89   1
    30929  37.291366 -121.669051     5.759     -184.0      292.6      858.2    102.6     99.9    183.4 1984 10 30  2 49 48.600  1.41   1
    31031  37.286768 -121.664193     6.013      246.8     -217.7     1112.8     90.6     80.1    203.8 1984 10 31  3  5 11.660  2.89   1
    31037  37.286145 -121.662931     6.109      358.7     -286.8     1209.0     96.8     79.8    220.6 1984 10 31 15 28 48.300  0.79   1
    31068  37.284399 -121.661995     5.896      441.7     -480.5      996.0     90.7     95.7    180.5 1984 11  1  5 22 45.950  0.79   1
    31844  37.285384 -121.665771     4.630      106.8     -371.2     -270.4    109.3    109.3    152.1 1984 11 13 11 59  9.360  1.31   1
    32049  37.289058 -121.669548     3.600     -228.0       36.6    -1300.5    118.4     80.7    195.1 1984 11 18  0 28 55.240  1.69   1
    32676  37.285486 -121.662915     6.185      360.1     -359.9     1285.2     92.0     79.2    199.5 1984 11 28 11 54 37.810  2.94   1
    35929  37.287410 -121.665446     5.707      135.7     -146.3      806.6     93.2     69.2    191.9 1984 12  1  8  9 13.540  1.74   1
    33786  37.286560 -121.665552     4.505      126.3     -240.7     -395.4    109.6    110.6    160.1 1984 12 10  7 45 41.770  1.43   1
    34527  37.290019 -121.667277     5.848      -26.7      143.2      947.7     89.1     87.6    179.7 1984 12 15 10 28 17.680  1.61   1
    34841  37.284627 -121.661792     5.545      459.7     -455.2      644.7    103.0     86.5    242.7 1984 12 19  8 29 34.630  1.35   1
    35109  37.290702 -121.670695     3.745     -329.8      219.0    -1154.8    114.0     74.6    161.3 1984 12 22  4 43 44.710  1.60   1
    38148  37.286963 -121.667578     4.094      -53.4     -196.0     -806.4    110.9     76.4    157.2 1985  1 19 11 56 37.340  2.49   1
    39944  37.290833 -121.668652     5.614     -148.7      233.5      713.7     91.5     94.0    194.6 1985  2  5 11 42 49.820  2.05   1
    40913  37.289128 -121.665666     6.418      116.2       44.3     1517.3    100.0     74.3    195.1 1985  2 13 23 52 25.080  1.70   1
    41574  37.290080 -121.669450     4.164     -219.4      149.9     -736.7    118.5     77.9    147.4 1985  2 16 20 53  7.160  1.20   1
    42349  37.288643 -121.667969     3.753      -88.0       -9.5    -1147.7    120.0     88.3    205.5 1985  2 28  1  9 58.300  0.84   1
    42555  37.288753 -121.668774     3.790     -159.5        2.7    -1110.0    119.7     94.2    166.2 1985  3  2  6 53 56.010  1.74   1
    42559  37.289872 -121.669840     3.663     -254.0      126.9    -1237.8    117.8     80.3    183.4 1985  3  2  8 55  3.470  1.91   1
    42643  37.289050 -121.669173     3.710     -194.8       35.7    -1190.4    126.0     90.8    229.2 1985  3  2  8 55 29.590  2.08   1
    42560  37.289864 -121.670369     3.605     -300.9      126.0    -1295.5    118.4     81.2    187.0 1985  3  2  8 58  0.480  1.22   1
    43546  37.289128 -121.667106     6.381      -11.5       44.3     1480.9     96.5     65.2    192.7 1985  3 12  4  3 59.980  3.24   1
    43580  37.289978 -121.666813     5.714       14.4      138.6      814.1     94.1     87.4    176.7 1985  3 12  4  4 51.800  2.04   1
    44335  37.285583 -121.663981     5.915      265.6     -349.1     1014.5     94.0     73.0    193.3 1985  3 20  4 57 39.190  2.56   1
    44729  37.288875 -121.665959     5.047       90.2       16.3      146.6     94.1     89.4    196.3 1985  3 26 11 50 46.600  1.26   1
    45835  37.287500 -121.665072     6.297      168.9     -136.4     1396.5     93.2     79.0    210.3 1985  4 10 18 45 20.620  1.07   1
    46041  37.294596 -121.670549     6.075     -316.8      651.2     1174.6     98.0    106.2    248.2 1985  4 13 14  1 53.470  1.16   1
    47288  37.284855 -121.666130     2.368       75.1     -429.9    -2532.6    182.5    142.1    598.0 1985  5  5 16 50  5.800  0.94   1
    49151  37.285795 -121.666138     3.323       74.3     -325.6    -1577.7    152.9    100.1    222.3 1985  6  8  4 58 49.900  0.64   1
    49626  37.291927 -121.671004     3.672     -357.2      355.0    -1228.4    133.9    124.8    320.3 1985  6 15  1 38 57.380  0.94   1
    49633  37.286060 -121.665617     4.382      120.5     -296.2     -518.6    107.6     93.6    162.7 1985  6 16  5 24 54.700  1.29   1
    50591  37.287651 -121.666943     3.583        2.9     -119.7    -1317.7    125.8     86.7    182.4 1985  7  4  3  6  5.160  1.06   1
    51288  37.287101 -121.667871     3.369      -79.4     -180.6    -1531.6    153.8    102.4    227.4 1985  7 17 13 58 38.250  1.02   1
    51325  37.285982 -121.663208     5.552      334.1     -304.8      651.6     99.0     85.5    201.7 1985  7 17 23 39 58.840  1.89   1
    51378  37.284778 -121.661670     6.008      470.5     -438.5     1107.5     91.4     91.1    214.7 1985  7 18 23 42  1.800  0.97   1
    51398  37.290255 -121.669564     4.254     -229.5      169.3     -646.0    109.5     87.2    167.1 1985  7 19  9 58 16.960  0.97   1
    52580  37.290743 -121.665918     5.766       93.8      223.5      865.9     88.7     90.2    189.6 1985  8  9 11 45  2.020  1.60   1
    54084  37.289608 -121.669954     3.581     -264.1       97.5    -1319.5    120.0     82.4    204.7 1985  8 28 20 35 10.100  1.58   1
    57271  37.293624 -121.673332     3.695     -563.6      543.3    -1205.6    138.6    128.0    325.5 1985 10 19 16 33 20.030  1.38   1
    57273  37.293225 -121.673665     3.700     -593.2      499.0    -1200.3    135.1    117.6    319.7 1985 10 19 17 35 48.940  1.66   1
    57770  37.290316 -121.671517     3.358     -402.7      176.1    -1542.6    120.7     93.1    204.5 1985 10 28  3 55 38.130  1.31   1
    58027  37.291028 -121.668099     5.660      -99.6      255.1      760.1    108.1     96.3    213.0 1985 10 31 23 53 38.440  1.96   1
    58028  37.291972 -121.667879     5.487      -80.1      359.9      586.3     88.5     92.8    199.4 1985 10 31 23 55 40.960  1.46   1
    58676  37.290336 -121.666211     6.182       67.8      178.4     1282.1     97.8     65.4    199.5 1985 11  9 23 12 11.080  1.88   1
    59070  37.286743 -121.664657     5.719      205.7     -220.4      819.0     92.5     69.7    187.1 1985 11 14  9 21  5.080  0.97   1
    61248  37.284790 -121.662126     5.467      430.1     -437.1      566.3    100.9     81.9    209.7 1985 12 12  7 33 37.950  1.16   1
    61462  37.288554 -121.668213     4.226     -109.7      -19.4     -674.8    114.3     82.1    171.5 1985 12 14 18 25 45.080  1.09   1
    61809  37.290214 -121.669051     4.223     -184.0      164.8     -677.7    110.7    100.7    174.0 1985 12 19  0  2 10.460  0.97   1
    62142  37.290796 -121.668758     5.044     -158.0      229.4      143.6    118.6    108.4    175.0 1985 12 24 21 18 58.720  0.89   1
    62514  37.288826 -121.668669     3.776     -150.1       10.8    -1124.1    120.9     88.6    199.2 1985 12 31 15 50 52.230  1.74   1
    62520  37.289095 -121.669401     3.394     -215.0       40.6    -1506.7    124.0     91.3    200.0 1985 12 31 18  3  3.480  1.62   1
    65047  37.286743 -121.665674     4.626      115.5     -220.4     -274.7    110.5    108.3    156.9 1986  1 30  3 31 43.810  1.30   1
    65406  37.285189 -121.662736     6.114      376.0     -392.9     1213.4     88.4     87.4    217.0 1986  2  2  8 26 42.650  1.18   1
    66346  37.285645 -121.667424     3.189      -39.7     -342.3    -1711.6    139.3     90.8    201.3 1986  2 11 10 37 16.920  1.40   1
    66201  37.285950 -121.667017     3.063       -3.6     -308.4    -1837.3    150.4     90.7    237.4 1986  2 11 11 50  0.620  1.50   1
    67820  37.291016 -121.671598     3.669     -409.9      253.8    -1231.3    129.5     92.9    230.0 1986  3  8 10 32  4.410  1.63   1
    67803  37.285893 -121.664705     4.343      201.3     -314.8     -557.4    107.7     67.8    146.2 1986  3  9 18 55 22.760  1.42   1
    70356  37.285661 -121.663965     6.089      267.0     -340.5     1189.0     91.9     80.0    203.5 1986  4  4 10 16 40.970  3.19   1
    70373  37.287374 -121.665576     5.777      124.1     -150.4      876.9     93.8     71.9    186.9 1986  4  4 10 17 30.150  2.37   1
    70083  37.285136 -121.662443     6.138      402.0     -398.8     1237.4     95.4     81.5    205.6 1986  4 12  7 13 35.460  1.00   1
    70826  37.294059 -121.670728     5.791     -332.7      591.6      891.0    133.5    128.8    224.8 1986  4 21  8 46 14.270  0.99   1
    73536  37.291125 -121.666683     5.769       26.0      266.0      869.1     90.9     91.9    188.0 1986  5 29  1 41 52.560  1.51   1
    73786  37.288961 -121.669686     3.307     -240.3       25.7    -1592.9    120.5     90.5    195.2 1986  6  1 10 51 31.460  1.21   1
    73850  37.289449 -121.666960     5.712        1.4       79.9      811.4     90.2     78.1    184.8 1986  6  2  5  8 18.340  1.52   1
    76654  37.285787 -121.663314     6.129      324.7     -326.5     1228.6     90.3     78.7    202.6 1986  7 16 20 59  3.320  2.98   1
    76560  37.284180 -121.663721     6.253      288.7     -504.9     1352.3    106.8     95.5    213.2 1986  7 17  4 26  2.170  0.83   1
    77218  37.289726 -121.670247     3.779     -290.1      110.6    -1121.0    114.0     79.2    171.1 1986  7 25  9 22 50.290  2.26   1
    77283  37.289392 -121.669059     3.520     -184.7       73.6    -1380.2    119.7     87.0    193.8 1986  7 25  9 23  5.480  2.35   1
    77296  37.291069 -121.670833     3.417     -342.0      259.7    -1483.4    190.3    181.3    348.5 1986  7 25 16  1 52.100  1.15   1
    81016  37.291846 -121.671533     3.635     -404.1      345.9    -1264.8    137.2    112.3    289.0 1986  9  2  7 22  7.550  0.52   1
    81017  37.291597 -121.671802     3.724     -427.9      318.4    -1176.6    126.0     98.6    266.9 1986  9  2  7 24 15.870  0.83   1
    81735  37.287866 -121.666138     5.642       74.3      -95.7      742.1     91.0     68.2    188.9 1986  9  8 23  4 33.440  1.55   1
    82606  37.290743 -121.671094     4.033     -365.1      223.5     -866.9    111.8     84.4    170.1 1986  9 15 20 17 49.920  2.67   1
    83579  37.290031 -121.667814     5.046      -74.3      144.5      145.7    111.4    113.4    164.4 1986  9 22 19 39 11.020  0.83   1
    83805  37.290763 -121.670955     3.687     -352.9      225.8    -1211.8    115.1     80.1    167.0 1986  9 25 12  1 52.830  1.36   1
    85194  37.287020 -121.667635     4.113      -58.5     -189.7     -786.9    109.3    102.2    163.4 1986 10  9  2  6 22.720  2.95   1
    85669  37.285819 -121.666919     3.039        5.1     -322.9    -1860.9    149.8     90.1    238.3 1986 10 14 15 13 49.290  1.43   1
    87103  37.288326 -121.667896     3.979      -81.5      -44.7     -921.5    116.6     92.7    151.5 1986 11  3  8 20 28.780  0.94   1
    87964  37.284611 -121.662069     5.733      435.2     -457.0      833.0     96.3     78.3    199.8 1986 11 14 11 55 11.210  0.96   1
    88698  37.291451 -121.670565     4.186     -318.2      302.1     -714.0    114.9    103.0    206.8 1986 11 25 13  0 35.660  1.01   1
    90036  37.289783 -121.669084     4.181     -186.9      117.0     -719.5    137.4    101.0    257.4 1986 12 12 17 46 44.360  0.64   1
    90485  37.290100 -121.669556     4.172     -228.8      152.2     -728.5    108.5     70.7    151.4 1986 12 18  2  5 30.480  1.09   1
    93248  37.289290 -121.670150     3.764     -281.4       62.3    -1136.0    149.3    102.4    237.3 1987  1 26 13 47 46.830  2.35   1
    95188  37.285225 -121.662386     6.149      407.0     -388.8     1248.6     95.1     81.1    207.5 1987  2 21  7 40 45.210  1.18   1
    95317  37.285075 -121.661898     6.650      450.3     -405.5     1749.8    105.9     93.6    200.2 1987  2 23 17  5  2.320  0.91   1
    97576  37.290304 -121.669393     4.895     -214.3      174.8       -4.8    111.8     99.9    182.0 1987  3 29 10  2  1.050  0.79   1
    98812  37.288342 -121.668677     4.097     -150.8      -42.9     -803.5    116.4     85.3    144.1 1987  4 17 16 13 47.300  1.18   1
   101361  37.289559 -121.669604     4.077     -233.1       92.1     -823.2    108.2     67.7    153.1 1987  6  3  6 56  7.740  1.92   1
   101362  37.288835 -121.669661     3.770     -238.1       11.7    -1129.8    118.6     89.9    174.6 1987  6  3  6 58 51.320  1.74   1
   101659  37.287590 -121.665690     5.856      114.0     -126.4      955.9     95.7     77.3    183.1 1987  6  9  2  2 39.460  2.37   1
   102139  37.287500 -121.666634     3.461       30.3     -136.4    -1438.9    142.5     89.7    203.4 1987  6 20 16 35 35.960  0.82   1
   102776  37.291777 -121.671265     3.561     -380.3      338.2    -1339.4    135.1    117.2    322.6 1987  7  7  1 44 26.990  1.01   1
   103138  37.289335 -121.669352     3.634     -210.7       67.3    -1265.0    118.5     84.7    196.3 1987  7 14 19  2 57.020  1.72   1
   103702  37.290186 -121.667383     5.787      -36.1      161.7      886.4     87.9     91.2    178.9 1987  7 28  7  4 28.800  1.51   1
   103833  37.290820 -121.668636     5.909     -147.2      232.1     1008.4    100.6     90.7    195.0 1987  8  1  1 40 41.980  1.94   1
   105327  37.287484 -121.668083     3.857      -98.1     -138.2    -1043.6    113.6     75.9    160.3 1987  9  4 10 31 17.310  1.74   1
   105800  37.289095 -121.666374     5.764       53.4       40.6      863.9     94.9     84.2    187.8 1987  9 14 23  7 17.840  0.83   1
   106343  37.290112 -121.668864     4.803     -167.4      153.5      -97.4    111.2    104.5    171.8 1987  9 27  7 19 34.920  0.75   1
   106370  37.289221 -121.668465     4.529     -132.1       54.6     -371.6    109.5    108.1    149.5 1987  9 27  8 23 11.780  0.96   1
   106462  37.288318 -121.667301     4.208      -28.9      -45.6     -692.0    111.7     71.7    151.3 1987  9 29  4 47  3.550  0.92   1
   107299  37.285673 -121.663428     6.003      314.6     -339.1     1102.9     91.4     83.5    207.2 1987 10 17  9 43 42.990  1.55   1
   107927  37.289294 -121.666984     6.393       -0.7       62.8     1492.6    100.4     70.8    194.8 1987 11  1 22 11 13.060  3.15   1
   107902  37.290218 -121.666870     5.836        9.4      165.3      936.0    109.0     99.0    187.5 1987 11  1 22 13 47.560  1.56   1
   107906  37.288005 -121.665959     5.808       90.2      -80.4      908.1     95.1     68.7    185.8 1987 11  2  3  6 28.290  1.52   1
   108512  37.285628 -121.667114     3.304      -12.3     -344.1    -1596.1    147.7    100.6    227.0 1987 11 16 23 19  9.000  1.98   1
   109132  37.289994 -121.669312     4.472     -207.1      140.4     -428.0    108.3     89.7    156.3 1987 11 27  4  7 50.420  0.67   1
   110939  37.290540 -121.671297     3.319     -383.2      201.0    -1580.9    127.0     98.3    235.7 1988  1 15  1 56 42.310  1.39   1
   112178  37.286499 -121.662427     6.881      403.4     -247.5     1980.4    106.8     86.2    197.0 1988  2 10 20 13  1.200  0.94   1
   112230  37.285535 -121.665625     4.475      119.8     -354.5     -425.5     94.3     74.3    197.3 1988  2 13  4 54 35.870  1.36   1
   112868  37.291597 -121.671330     4.481     -386.1      318.4     -419.7    110.0     90.3    158.7 1988  2 25 10  0 17.780  0.92   1
   113569  37.291268 -121.666162     6.109       72.2      281.8     1208.4    103.3    107.4    216.7 1988  3  9  2  8 11.840  1.40   1
   114006  37.285913 -121.663997     5.974      264.1     -312.5     1073.2     89.9     78.2    204.2 1988  3 16 23 10  6.640  2.45   1
   115994  37.291060 -121.668408     5.907     -127.0      258.8     1006.6    102.1     97.4    201.7 1988  4 21  4 42 14.550  1.94   1
   115996  37.291475 -121.668783     5.879     -160.2      304.8      978.4     92.4     93.5    182.4 1988  4 21  4 48 47.890  0.84   1
   116401  37.289128 -121.664575     6.263      212.9       44.3     1362.3     94.4     77.8    197.4 1988  4 29  7 29 57.200  1.68   1
   116406  37.289518 -121.665568     6.492      124.8       87.6     1592.0     97.5     90.2    178.7 1988  4 29  7 47 21.590  1.99   1
   117175  37.289986 -121.667358     5.842      -33.9      139.5      942.1     87.2     86.6    176.0 1988  5 13 17 17 30.760  1.52   1
   119615  37.290043 -121.665519     6.550      129.2      145.9     1649.8     99.3     74.4    189.5 1988  6 27  4 18 37.320  2.52   1
   119610  37.290027 -121.666349     6.555       55.6      144.1     1654.9    101.4     79.5    196.6 1988  6 27  4 18 52.410  2.72   1
   119763  37.290186 -121.669132     4.062     -191.2      161.7     -837.2    119.0     80.0    150.2 1988  6 30 23 52 27.360  0.97   1
   119888  37.285059 -121.662028     6.385      438.8     -407.3     1484.7     88.2     84.7    211.0 1988  7  5  5  2 33.820  0.83   1
   120788  37.290535 -121.670964     3.829     -353.6      200.5    -1071.2    115.8     79.1    168.1 1988  7 23 10 42 21.740  1.53   1
   120974  37.289962 -121.668840     4.135     -165.3      136.8     -765.3    125.2     95.9    167.6 1988  7 26 18  9 59.220  0.80   1
   126189  37.289347 -121.670321     3.783     -296.6       68.6    -1117.6    113.0     76.2    167.5 1988 11  2  3  9 12.610  1.93   1
   126292  37.288977 -121.669295     3.780     -205.7       27.5    -1119.9    118.5     88.0    177.7 1988 11  3  1 30  4.280  1.71   1
   126389  37.288558 -121.669393     4.054     -214.3      -19.0     -846.3    110.6     68.4    158.0 1988 11  4 13 34 34.720  1.87   1
   126560  37.285014 -121.662435     5.720      402.7     -412.3      819.4     92.9     75.3    199.8 1988 11  7 17 51 17.980  1.24   1
   126901  37.285592 -121.666504     3.263       41.9     -348.2    -1637.3    146.9     90.9    224.5 1988 11 12 18 11 57.680  1.07   1
   129454  37.286764 -121.661882     6.851      451.7     -218.1     1951.1    101.3     77.4    175.8 1988 12 30 23 53 29.880  1.74   1
   129428  37.286389 -121.662061     6.995      435.9     -259.7     2095.0    105.3     80.3    181.9 1988 12 30 23 54 24.000  4.30   1
   129887  37.290035 -121.669458     4.216     -220.1      145.0     -684.2    108.6     74.3    159.7 1989  1 13 10  9  6.070  0.94   1
   131766  37.289168 -121.665039     6.589      171.7       48.8     1689.1     99.6     65.9    185.1 1989  2 22 14 10 28.230  1.79   1
   132424  37.287349 -121.667806     4.047      -73.6     -153.1     -853.4    117.4     88.5    142.3 1989  3  7 15  3 21.870  2.62   1
   132469  37.285327 -121.662435     6.069      402.7     -377.5     1168.5     99.2     79.2    209.5 1989  3  8 14 47  1.080  1.40   1
   132715  37.284993 -121.662573     6.168      390.4     -414.6     1267.4     89.5     84.1    214.8 1989  3 12  7 15 43.550  0.81   1
   139260  37.289864 -121.668465     4.183     -132.1      126.0     -717.7    111.4     79.4    212.0 1989  7  1  1 11 28.510  0.96   1
   140151  37.286910 -121.663200     6.643      334.8     -201.9     1742.7    101.0     84.5    180.9 1989  7 16 21 54  2.440  1.65   1
   140303  37.286007 -121.666805     3.307       15.2     -302.1    -1593.4    146.9     93.2    220.7 1989  7 19  8 51 59.540  1.28   1
   142196  37.288196 -121.667163     4.499      -16.6      -59.2     -401.7    109.3    114.7    158.0 1989  8 14  4  7  9.360  1.25   1
   144026  37.284875 -121.662443     6.021      402.0     -427.7     1120.8     93.2     81.9    215.3 1989  9 14 10 35 38.140  0.87   1
   144648  37.287516 -121.665356     5.779      143.6     -134.6      878.2     92.7     68.9    187.2 1989  9 26 17  2  0.820  0.92   1
   144843  37.291032 -121.668490     5.856     -134.2      255.6      955.6     91.0     93.5    180.7 1989 10  1 18 21 45.920  1.78   1
   148939  37.288647 -121.668278     3.629     -115.5       -9.0    -1271.4    116.6     92.5    161.6 1989 12 13  5 33 46.080  1.60   1
   149804  37.293014 -121.672795     3.466     -516.0      475.5    -1434.6    141.0    128.7    327.8 1989 12 30  6 19 29.350  1.59   1
   150901  37.286723 -121.665983     4.559       88.0     -222.6     -340.9    108.3    111.5    151.6 1990  1 19  9 24  8.400  1.24   1
   151583  37.285600 -121.667310     3.134      -29.6     -347.3    -1766.2    152.9     93.6    233.7 1990  1 31  5  8 47.310  1.38   1
   153849  37.284672 -121.661963     5.724      444.5     -450.2      823.7    103.8     92.0    194.5 1990  3  6 23  9 12.960  0.83   1
   154124  37.287590 -121.664543     5.923      215.8     -126.4     1022.9     95.6     86.4    185.9 1990  3 11 11 52 34.830  2.34   1
   155780  37.285669 -121.666789     3.291       16.6     -339.6    -1609.3    146.1     89.4    220.7 1990  4 11  5 35 19.420  1.33   1
   157462  37.285876 -121.663859     5.977      276.4     -316.6     1076.5     90.0     78.2    203.5 1990  5 10 16 43 48.520  3.18   1
   157486  37.284806 -121.662183     5.750      425.1     -435.3      849.6     96.3     80.8    205.8 1990  5 11 22 59 22.960  0.97   1
   157494  37.289836 -121.669027     4.161     -181.8      122.8     -738.9    116.5     79.0    151.1 1990  5 12  2 57 13.600  0.81   1
   157758  37.290361 -121.667594     5.833      -54.8      181.1      932.3     86.6     90.7    180.8 1990  5 16  4 10 37.430  1.59   1
   158154  37.291573 -121.671753     3.807     -423.6      315.7    -1093.1    129.1    116.1    267.5 1990  5 23 11 11 37.580  1.03   1
   158290  37.291874 -121.671525     3.761     -403.4      349.1    -1139.2    133.7    113.1    268.6 1990  5 23 16 30 36.550  0.82   1
 20091514  37.285588 -121.662663     6.484      382.5     -348.6     1583.9     97.7     78.2    182.3 1990  6 11  1 38 14.370  3.10   1
   159156  37.287614 -121.665202     5.962      157.3     -123.7     1062.1     94.3     80.0    175.0 1990  6 11  2 45 19.820  1.25   1
   160503  37.289990 -121.669499     3.866     -223.7      140.0    -1034.7    115.9     78.8    161.9 1990  7  5 20  4 42.800  1.71   1
   161358  37.290641 -121.669865     4.392     -256.2      212.2     -508.4    107.9     96.3    162.3 1990  7 20  5 51 45.700  0.96   1
 20092038  37.292106 -121.667293     6.825      -28.1      374.8     1924.4    114.8     85.0    218.6 1990  8 17  2 26 16.740  3.68   1
   163527  37.290837 -121.665763     6.312      107.5      233.9     1411.9     97.5    101.2    215.0 1990  9  1 17 25 25.320  0.96   1
   165437  37.290373 -121.667692     5.881      -63.5      182.4      980.6     94.1     93.4    182.3 1990 10 17  6 15 15.710  1.80   1
   204801  37.289921 -121.668294     4.283     -116.9      132.3     -617.6    149.2    131.9    319.3 1991  1 15 17 29 20.200  0.94   1
   205031  37.290527 -121.670630     3.478     -324.0      199.6    -1421.8    127.9     96.1    202.3 1991  1 20  5  0 30.930  1.17   1
   205737  37.287390 -121.666162     3.440       72.2     -148.6    -1460.0    147.7     98.9    210.9 1991  2  2  5 39  6.910  0.83   1
   206508  37.287472 -121.666756     3.684       19.5     -139.5    -1215.0    120.3     89.5    151.0 1991  2 13 19 31  5.060  1.22   1
   207043  37.288688 -121.669303     3.508     -206.4       -4.5    -1392.5    119.8     89.6    233.7 1991  2 22 15 51 34.750  2.28   1
   208364  37.291842 -121.671102     3.802     -365.9      345.5    -1098.4    118.9     80.2    181.3 1991  3 22 11 23 27.560  1.05   1
   208389  37.292045 -121.671582     3.792     -408.4      368.0    -1107.9    119.1     82.9    173.0 1991  3 22 11 34  4.350  0.81   1
   211885  37.285111 -121.662435     6.378      402.7     -401.5     1477.9     91.2     81.2    214.2 1991  5  4  6 30 12.620  0.94   1
   212119  37.285189 -121.662077     6.049      434.4     -392.9     1148.8     95.6     81.1    217.9 1991  5  9  0 14 24.910  1.22   1
   215747  37.288831 -121.670150     3.859     -281.4       11.3    -1041.4    118.4     91.8    162.5 1991  5 29  9 45 22.620  1.83   1
   220702  37.284611 -121.662142     5.715      428.7     -457.0      815.1     97.3     84.5    211.6 1991  6 22 16 36 38.560  1.21   1
   227435  37.290377 -121.669751     3.551     -246.1      182.9    -1349.2    118.8     86.1    187.2 1991  8 10 17  6  5.760  1.23   1
   227542  37.285286 -121.666585     3.343       34.6     -382.0    -1557.2    146.9     90.2    218.3 1991  8 12  9 56  3.630  1.43   1
   228484  37.288159 -121.665828     5.802      101.8      -63.2      901.4     92.0     75.4    186.5 1991  8 21 17  7 40.400  2.27   1
   229053  37.291138 -121.668644     5.761     -147.9      267.3      860.3    103.7     97.6    190.4 1991  8 28 14  4 22.080  2.05   1
   229871  37.290031 -121.668424     4.320     -128.4      144.5     -580.5    108.8     85.2    179.6 1991  9  6 16 39 27.620  0.93   1
   234881  37.285758 -121.666683     3.273       26.0     -329.7    -1627.3    146.6     92.0    223.1 1991 10 22 17  4 17.460  1.46   1
   238704  37.289966 -121.669141     3.741     -192.0      137.3    -1159.4    118.3     83.3    174.3 1991 12  3  5 24 24.980  2.01   1
   238790  37.289091 -121.669067     3.859     -185.5       40.2    -1041.7    120.7     90.0    166.4 1991 12  4  0  8 49.550  1.89   1
   238816  37.284937 -121.662134     6.269      429.4     -420.9     1368.7     95.3     80.3    202.4 1991 12  4 13 45 39.520  0.99   1
   241590  37.288391 -121.666089     5.800       78.7      -37.5      900.1     95.4     79.1    186.0 1991 12 23 12 33 19.250  1.22   1
   249781  37.290393 -121.666732     5.810       21.6      184.7      909.2     93.2     99.0    185.4 1992  2 10 12 31  5.020  1.61   1
   253921  37.285811 -121.666610     3.229       32.5     -323.8    -1670.9    145.3     88.6    220.8 1992  3  4 13 13  6.220  1.23   1
   261841  37.291663 -121.671558     3.552     -406.3      325.6    -1348.8    132.5    136.5    282.7 1992  4  6  9 39 49.410  0.92   1
   292015  37.286886 -121.667114     4.270      -12.3     -204.6     -630.2    109.3    112.9    163.9 1992  6  9 12 59 24.230  2.86   1
   303099  37.285718 -121.665251     4.796      153.0     -334.2     -104.6    109.1    113.5    149.0 1992  7  7  2 47 24.660  1.35   1
   304374  37.285685 -121.667196     3.269      -19.5     -337.8    -1631.6    151.2     92.5    226.9 1992  7 17  9 51 49.510  1.02   1
   312743  37.290295 -121.669491     3.584     -223.0      173.9    -1316.4    121.7     97.5    200.8 1992  8 29 17  4 29.020  1.64   1
   314921  37.288167 -121.668856     4.068     -166.7      -62.3     -832.2    117.8     97.3    152.8 1992  9 11  1 22 13.650  1.06   1
   322432  37.286922 -121.665894     4.453       96.0     -200.5     -447.2    106.9    114.6    154.4 1992 11  5 12 35  5.470  1.26   1
   327300  37.291858 -121.668864     5.957     -167.4      347.3     1056.5     93.6     99.9    198.4 1992 11 29  5  3  2.720  1.73   1
   330647  37.290328 -121.669442     4.230     -218.7      177.5     -670.5    113.7     79.3    163.8 1993  1  2 11 32 10.020  1.10   1
   331552  37.291833 -121.671655     3.780     -414.9      344.6    -1120.4    135.3    109.3    264.0 1993  1  9 17 48 38.720  1.01   1
   331635  37.291227 -121.670760     3.554     -335.6      277.3    -1346.0    143.7    126.3    228.2 1993  1 10 22 13  9.440  1.20   1
   339439  37.285067 -121.661841     5.985      455.4     -406.4     1085.1     90.2     89.9    200.5 1993  3  7  1 47 38.410  1.22   1
   339511  37.285339 -121.663045     6.027      348.6     -376.2     1127.0     90.4     84.6    210.6 1993  3  8  9 25 39.610  1.01   1
   352620  37.289026 -121.667863     3.764      -78.7       33.0    -1136.1    126.2     97.7    210.3 1993  6  8  9 15  1.380  0.83   1
 30036393  37.291703 -121.671037     4.178     -360.1      330.1     -722.6    133.8    107.5    300.3 1993 12  1  0 25 49.530  0.98   1
   389286  37.289111 -121.669328     3.648     -208.6       42.4    -1252.6    122.8     90.8    208.3 1993 12 20 22 35  7.800  1.77   1
   391772  37.290450 -121.669312     4.288     -207.1      191.0     -612.1    110.2     80.0    177.5 1994  1 19  7 46 39.590  0.96   1
   391983  37.290137 -121.669621     4.413     -234.5      156.3     -487.6    107.7     89.4    166.9 1994  1 20  7 20 41.680  0.90   1
   399980  37.290247 -121.670280     3.501     -293.0      168.4    -1399.8    118.9     85.2    184.1 1994  4  6  4 11 34.960  1.38   1
   400563  37.285600 -121.666935     3.280        3.6     -347.3    -1620.0    140.0     96.1    201.4 1994  4 16 13 10 52.340  2.00   1
   401879  37.290031 -121.666431     5.681       48.3      144.5      780.5     86.8     83.7    186.2 1994  5  8 23  4 53.240  1.61   1
 30049085  37.287878 -121.665609     5.738      121.2      -94.4      837.8     94.0     64.7    190.7 1994  5 13 11 15 14.850  1.56   1
 30051942  37.290837 -121.667944     5.299      -85.9      233.9      399.0    141.5    120.1    293.1 1994  6 30 14 25 51.030  1.83   1
 30051943  37.291602 -121.668408     5.678     -127.0      318.8      778.1    124.0    111.5    223.2 1994  6 30 14 29 15.060  1.38   1
 30054274  37.293372 -121.673006     3.548     -534.7      515.3    -1352.3    150.2    133.4    318.6 1994  8  4 17 19  8.160  1.37   1
 30057908  37.285649 -121.664006     5.965      263.4     -341.9     1064.6     89.9     77.3    205.3 1994  9 17 17 57  1.520  2.38   1
 30058785  37.285771 -121.664233     5.903      243.2     -328.3     1002.5     88.9     88.1    191.1 1994  9 25 23  4 28.000  2.36   1
 30062741  37.289856 -121.669922     3.586     -261.2      125.1    -1314.1    116.8     80.4    182.1 1994 11 16 16 50 58.150  2.01   1
 30062748  37.290092 -121.669661     3.705     -238.1      151.3    -1195.3    117.3     83.9    191.2 1994 11 16 18  3 42.360  1.27   1
 30069218  37.288346 -121.668083     4.065      -98.1      -42.4     -835.1    117.4     87.5    161.8 1995  3  3  9 38 49.200  1.20   1
 30069222  37.288855 -121.669491     3.976     -223.0       14.0     -924.5    118.6     92.2    158.6 1995  3  3 12 30 15.850  1.75   1
 30069457  37.289087 -121.669572     3.556     -230.2       39.7    -1344.4    122.0     95.0    199.2 1995  3  7 13 19 41.960  1.26   1
 30071053  37.285600 -121.662817     6.306      368.8     -347.3     1406.1     96.3     83.4    194.1 1995  4  5  7 55 21.350  2.80   1
 30072363  37.284827 -121.662028     5.817      438.8     -433.1      917.1    101.0     84.1    199.2 1995  4 26 17 54  9.660  1.14   1
 30073191  37.291809 -121.671753     3.721     -423.6      341.9    -1179.3    141.4    121.0    303.8 1995  5 14 11 18 47.000  1.02   1
 30074975  37.290621 -121.668791     4.434     -160.9      210.0     -466.7    111.6     94.0    164.0 1995  6 15 22 23  1.320  1.34   1
 30076454  37.290495 -121.670728     4.542     -332.7      196.0     -358.7    113.8     94.0    224.4 1995  7  4 11 20 49.790  2.65   1
 30077970  37.288041 -121.666032     5.732       83.7      -76.3      831.3     87.9     79.5    195.0 1995  7 24  8 37 43.620  1.26   1
 30090632  37.287004 -121.666846     4.103       11.5     -191.5     -797.4    113.2    118.2    183.1 1995 11 25 19 22  6.180  2.56   1
 30091051  37.287390 -121.665519     5.740      129.2     -148.6      839.5    102.9     79.3    210.0 1995 12  2  1 12 15.750  1.40   1
 30092060  37.289132 -121.670020     3.800     -269.9       44.7    -1100.0    119.9     93.3    174.2 1995 12 15 18 53 39.820  1.82   1
 30107700  37.293734 -121.672575     3.548     -496.5      555.5    -1352.6    142.5    115.5    319.3 1996  5 30 18 47 12.480  1.35   1
   478138  37.290031 -121.669222     3.700     -199.2      144.5    -1200.4    107.0     74.0    165.1 1996  9  2 20 27  0.360  1.99   1
   478141  37.291390 -121.669572     4.103     -230.2      295.3     -797.3    108.7     85.3    175.5 1996  9  2 20 36  3.960  1.38   1
   478159  37.288424 -121.668506     4.512     -135.7      -33.9     -388.3     84.2     92.0    168.3 1996  9  3  0  2  4.940  1.17   1
   482382  37.285026 -121.662150     5.729      427.9     -410.9      829.1    100.0     86.0    192.5 1996 10 19  4 32 38.790  1.30   1
   483500  37.287980 -121.666423     6.370       49.1      -83.1     1469.8     98.7     75.1    199.3 1996 11  2 12 22 52.340  2.29   1
   485145  37.284998 -121.666447     3.428       46.9     -414.1    -1472.6    144.5     92.9    213.2 1996 11 20 12 25 42.190  1.93   1
   502047  37.289860 -121.665715     6.511      111.9      125.5     1610.4    106.7     75.8    189.4 1997  4 20 17  8  1.560  1.79   1
   522670  37.286178 -121.663932     6.474      269.9     -283.1     1574.0    108.5     81.3    205.8 1997  9 26 19 58  2.480  3.09   1
   523141  37.289636 -121.667285     5.894      -27.4      100.7      993.9     92.1     88.5    182.9 1997  9 29  3  7 46.980  1.55   1
   529274  37.288599 -121.669344     3.840     -210.0      -14.5    -1060.8    119.2     89.0    168.4 1997 10 28 12  1 44.750  1.61   1
