    16484  37.286145 -121.663281     5.800      327.6     -286.8      899.6      3.2      2.7      6.5 1984  4 24 21 20 23.480  3.57   1
    16527  37.286597 -121.664307     5.758      236.7     -236.6      857.6      2.9      2.3      6.0 1984  4 24 21 23 39.960  3.54   1
    17496  37.291174 -121.666919     6.210        5.1      271.4     1309.6      4.5      3.1      6.6 1984  4 25  0  4 49.440  1.23   1
    16521  37.286682 -121.667171     3.674      -17.3     -227.2    -1226.7      3.4      3.0      7.3 1984  4 25  4 16 53.440  3.00   1
    17842  37.288928 -121.668921     3.775     -172.5       22.1    -1125.3      1.7      1.5      4.5 1984  4 25  4 35 19.170  1.90   1
    16635  37.294295 -121.670085     6.097     -275.7      617.8     1196.8      3.5      3.8      6.4 1984  4 25  7 22 22.290  1.40   1
    16576  37.287276 -121.663713     6.095      289.4     -161.2     1194.8      5.2      3.8      7.5 1984  4 25 14  6 57.560  1.62   1
    17929  37.289661 -121.666748     5.775       20.2      103.4      874.5      1.9      1.8      5.7 1984  4 25 22 14 23.140  1.80   1
    16659  37.289974 -121.665926     6.210       93.1      138.2     1309.8      4.3      3.1      5.8 1984  4 26  8 54 51.420  1.52   1
    16701  37.291423 -121.667155     6.226      -15.9      299.0     1325.6      4.3      3.0      6.3 1984  4 26 17 22 44.280  1.57   1
    18075  37.288542 -121.667497     4.246      -46.2      -20.8     -654.2      4.6      2.6      6.3 1984  4 26 20 11 12.520  1.17   1
    16751  37.291366 -121.670955     3.767     -352.9      292.6    -1133.1      2.3      2.5      5.4 1984  4 27  7 48 23.500  0.97   1
    16766  37.287931 -121.665552     5.731      126.3      -88.5      831.1      2.2      1.7      5.6 1984  4 27 11  8  9.220  1.31   1
    16802  37.287309 -121.663688     6.084      291.5     -157.6     1184.1      5.4      3.8      8.1 1984  4 27 19  3 15.040  1.31   1
    16821  37.285181 -121.662557     5.867      391.9     -393.8      966.4      3.1      2.6      6.4 1984  4 28  0  4 31.210  0.83   1
    16827  37.284880 -121.662288     5.868      415.7     -427.2      967.7      3.0      1.9      6.4 1984  4 28  1 43 47.850  1.21   1
    16838  37.294299 -121.670060     6.101     -273.5      618.2     1200.4      3.4      3.8      5.9 1984  4 28  3 54 12.200  1.39   1
    16841  37.286186 -121.665145     4.468      162.4     -282.2     -432.1      3.3      2.7      6.8 1984  4 28  4 43 26.310  1.47   1
    19159  37.290576 -121.666382     6.197       52.7      205.0     1296.5      4.4      2.8      5.3 1984  4 28 16 12 43.750  2.09   1
    16885  37.289062 -121.665234     6.180      154.4       37.0     1279.8      4.2      2.8      5.4 1984  4 28 18 53 49.960  2.18   1
    16911  37.288269 -121.665861     5.733       98.9      -51.0      832.5      2.6      2.3      5.8 1984  4 29  2 29 16.340  1.27   1
    17074  37.289917 -121.665837     6.191      101.0      131.9     1290.7      4.2      2.9      5.6 1984  4 30 14 46  1.740  1.59   1
    17272  37.289693 -121.666756     5.770       19.5      107.0      869.7      2.0      1.9      5.7 1984  5  2  7 34 17.770  1.65   1
    17294  37.293168 -121.672567     3.740     -495.7      492.7    -1160.2      2.4      2.3      4.4 1984  5  2 14 32 55.730  1.70   1
    17356  37.285429 -121.666715     3.487       23.1     -366.2    -1413.2      2.7      2.9      6.0 1984  5  2 22 58 42.360  1.77   1
    17669  37.287284 -121.663696     6.095      290.8     -160.3     1194.7      5.5      3.8      8.4 1984  5  3 23 10 52.920  1.04   1
    17723  37.286194 -121.663200     5.824      334.8     -281.3      924.2      3.6      2.8      6.5 1984  5  4 18 42 58.080  3.05   1
    17526  37.287663 -121.665438     5.706      136.4     -118.3      805.7      2.2      1.9      5.6 1984  5  5  3 31 54.930  2.45   1
    17779  37.285954 -121.663810     5.734      280.7     -308.0      834.0      2.5      2.0      5.9 1984  5  7 14 27 20.420  2.85   1
    17794  37.284656 -121.662817     5.772      368.8     -452.0      871.4      3.0      1.9      5.8 1984  5  7 16 34 13.860  1.30   1
    17834  37.294287 -121.670085     6.094     -275.7      616.9     1193.3      3.5      3.7      5.9 1984  5  8  6 55  3.840  1.17   1
    18466  37.285185 -121.662565     5.863      391.1     -393.3      962.3      3.1      2.4      6.3 1984  5 15  1 42 21.350  1.18   1
    18608  37.291602 -121.667399     6.194      -37.5      318.8     1293.9      4.2      2.6      5.0 1984  5 16 17  9 28.700  2.32   1
    18708  37.289587 -121.666699     5.769       24.5       95.3      869.4      2.8      2.2      6.0 1984  5 17  8 43  3.370  3.32   1
    18857  37.285266 -121.662614     5.884      386.8     -384.3      983.7      3.4      2.1      6.5 1984  5 19  4 20 31.710  0.74   1
    19686  37.290393 -121.669222     4.318     -199.2      184.7     -582.5      3.1      3.3     10.9 1984  5 29 23 53  6.840  0.99   1
    19720  37.289966 -121.665771     6.103      106.8      137.3     1203.0      3.8      2.6      5.6 1984  5 30 12 38 10.840  3.00   1
    19745  37.291158 -121.666960     6.203        1.4      269.6     1302.7      4.8      3.5      8.1 1984  5 30 17  5  4.160  0.80   1
    19776  37.286963 -121.665723     4.461      111.1     -196.0     -438.9      3.3      2.8      7.1 1984  5 31  1 43 34.410  1.22   1
    19860  37.289677 -121.666756     5.768       19.5      105.2      867.7      1.8      1.7      5.8 1984  6  1  3 27 26.880  1.58   1
    19888  37.294287 -121.670060     6.096     -273.5      616.9     1195.4      3.6      3.8      6.8 1984  6  1  9  7  7.310  1.08   1
    19992  37.286450 -121.664168     5.736      249.0     -252.9      835.4      2.3      1.9      5.8 1984  6  2 17 32  6.480  2.92   1
    20113  37.284652 -121.662834     5.752      367.3     -452.5      851.4      3.1      2.1      6.0 1984  6  4 16 23 29.800  1.15   1
    20328  37.292375 -121.667969     6.232      -88.0      404.6     1331.6      5.6      4.2      9.3 1984  6  5 23 51 14.920  0.93   1
    20622  37.287211 -121.665194     5.691      158.0     -168.4      790.5      2.7      1.8      5.9 1984  6 11  4 58 46.580  1.48   1
    20978  37.286145 -121.663184     5.817      336.3     -286.8      916.6      2.7      2.3      6.1 1984  6 16  3 50 27.150  3.13   1
    21561  37.287516 -121.663745     6.144      286.5     -134.6     1243.9      6.0      4.6     12.1 1984  6 26  7 13 18.280  0.80   1
    21644  37.290747 -121.670418     3.782     -305.2      224.0    -1118.3      2.3      2.4      4.6 1984  6 27 14 50 38.140  1.59   1
    22144  37.286190 -121.665145     4.472      162.4     -281.8     -428.3      3.3      2.7      7.0 1984  7  5 12 49 57.720  1.28   1
    22165  37.288590 -121.667611     4.190      -56.3      -15.4     -710.3      5.3      2.9      7.0 1984  7  5 17  6 28.740  0.96   1
    22271  37.290983 -121.670719     3.718     -331.9      250.2    -1182.2      2.2      2.0      5.2 1984  7  7  0 17  9.970  2.67   1
    22280  37.288586 -121.668872     3.723     -168.1      -15.8    -1177.7      1.9      1.7      4.2 1984  7  7  2 35  4.060  1.53   1
    23190  37.289612 -121.669637     3.742     -236.0       98.0    -1158.3      1.9      1.9      4.1 1984  7 17 16 24 49.440  1.85   1
    23195  37.287655 -121.665527     5.703      128.5     -119.2      803.1      2.4      1.9      5.7 1984  7 17 17 53  4.200  2.33   1
    24519  37.289022 -121.669832     3.547     -253.3       32.5    -1352.8      3.1      2.3      4.5 1984  7 30 14 16 49.060  2.31   1
    24674  37.289661 -121.666781     5.766       17.3      103.4      865.5      1.8      1.8      5.7 1984  8  1 12 29 16.890  1.64   1
    25096  37.290051 -121.670435     3.643     -306.7      146.8    -1257.5      2.2      2.3      4.9 1984  8  7  9  7  6.330  1.17   1
    25305  37.290348 -121.669287     4.303     -204.9      179.7     -597.1      3.0      3.7     11.8 1984  8 10  7  4  4.200  0.95   1
    25937  37.285168 -121.662614     5.868      386.8     -395.1      967.5      3.1      2.1      6.3 1984  8 19 20 27 32.960  0.69   1
    26238  37.290479 -121.669442     4.350     -218.7      194.2     -550.7      3.9      3.9     12.3 1984  8 25  0 19 18.360  0.72   1
    27421  37.285478 -121.662777     5.868      372.4     -360.8      967.6      3.0      2.2      6.2 1984  9  6 16 33 41.640  1.41   1
    27683  37.285852 -121.663908     5.707      272.1     -319.3      806.9      1.9      1.7      5.8 1984  9 10 16 24 47.130  2.39   1
    27684  37.285807 -121.663761     5.737      285.1     -324.2      837.1      2.2      1.9      5.5 1984  9 10 16 33 36.940  1.79   1
    27721  37.285221 -121.662606     5.876      387.5     -389.3      975.4      3.2      2.2      6.5 1984  9 11  8 13 54.330  0.83   1
    27722  37.288005 -121.665682     5.729      114.7      -80.4      828.6      2.1      1.8      5.5 1984  9 11  9 29 23.690  1.78   1
    27724  37.289860 -121.665853     6.185       99.6      125.5     1284.7      4.4      3.0      5.9 1984  9 11 10 26  8.190  1.55   1
    28475  37.291614 -121.671191     3.860     -373.8      320.2    -1040.1      2.8      2.7      4.6 1984  9 23  8 43 14.720  1.07   1
    29752  37.285413 -121.666805     3.482       15.2     -368.0    -1418.6      2.8      2.9      5.6 1984 10 10  7 11 54.160  1.90   1
    29901  37.291496 -121.667196     6.206      -19.5      307.1     1306.2      4.6      3.1      6.4 1984 10 12  7 13 23.200  1.21   1
    30009  37.291142 -121.668148     5.740     -103.9      267.8      839.4      2.7      2.3      5.8 1984 10 13 17 32 47.840  1.83   1
    30159  37.290340 -121.669279     4.307     -204.2      178.8     -593.4      4.8      5.1     14.5 1984 10 17 11 39  4.900  0.89   1
    30929  37.290967 -121.668066     5.705      -96.7      248.4      805.0      2.3      1.9      5.9 1984 10 30  2 49 48.600  1.41   1
    31031  37.286353 -121.664071     5.735      257.6     -263.7      834.8      2.5      2.2      5.9 1984 10 31  3  5 11.660  2.89   1
    31037  37.285148 -121.662638     5.854      384.6     -397.4      954.1      3.2      2.3      6.4 1984 10 31 15 28 48.300  0.79   1
    31068  37.284819 -121.662354     5.855      409.9     -434.0      954.8      3.1      1.9      6.3 1984 11  1  5 22 45.950  0.79   1
    31844  37.286206 -121.665129     4.475      163.8     -280.0     -425.1      3.4      2.9      7.0 1984 11 13 11 59  9.360  1.31   1
    32049  37.288924 -121.669108     3.726     -189.1       21.7    -1174.1      1.8      1.5      4.0 1984 11 18  0 28 55.240  1.69   1
    32676  37.285718 -121.662964     5.800      355.8     -334.2      899.3      2.5      2.2      5.8 1984 11 28 11 54 37.810  2.94   1
    35929  37.287321 -121.665226     5.695      155.2     -156.3      795.1      2.2      1.7      5.7 1984 12  1  8  9 13.540  1.74   1
    33786  37.286971 -121.665706     4.466      112.6     -195.1     -433.9      3.6      2.7      6.9 1984 12 10  7 45 41.770  1.43   1
    34527  37.289697 -121.666772     5.762       18.0      107.5      861.6      1.7      1.7      5.8 1984 12 15 10 28 17.680  1.61   1
    34841  37.284725 -121.662907     5.739      360.8     -444.4      838.6      2.8      1.9      5.6 1984 12 19  8 29 34.630  1.35   1
    35109  37.290747 -121.670418     3.779     -305.2      224.0    -1121.6      3.2      2.3      7.4 1984 12 22  4 43 44.710  1.60   1
    38148  37.287065 -121.667505     3.691      -46.9     -184.7    -1209.2      2.8      2.7      6.1 1985  1 19 11 56 37.340  2.49   1
    39944  37.291500 -121.668498     5.749     -134.9      307.5      848.9      1.9      1.9      5.6 1985  2  5 11 42 49.820  2.05   1
    40913  37.289111 -121.665251     6.179      153.0       42.4     1278.4      4.2      2.9      5.6 1985  2 13 23 52 25.080  1.70   1
    41574  37.290417 -121.669263     4.322     -202.8      187.4     -578.0      3.6      3.5     11.4 1985  2 16 20 53  7.160  1.20   1
    42349  37.288993 -121.668970     3.789     -176.8       29.4    -1111.4      2.3      2.2      5.1 1985  2 28  1  9 58.300  0.84   1
    42555  37.288888 -121.668880     3.768     -168.9       17.6    -1132.4      2.3      2.0      4.5 1985  3  2  6 53 56.010  1.74   1
    42559  37.289612 -121.669629     3.779     -235.3       98.0    -1120.9      2.7      1.9      4.4 1985  3  2  8 55  3.470  1.91   1
    42643  37.289181 -121.669312     3.713     -207.1       50.1    -1187.1      1.6      1.5      4.0 1985  3  2  8 55 29.590  2.08   1
    42560  37.289986 -121.669938     3.698     -262.7      139.5    -1202.6      2.0      1.8      4.5 1985  3  2  8 58  0.480  1.22   1
    43546  37.289408 -121.666829     5.728       13.0       75.4      827.4      3.1      2.5      6.0 1985  3 12  4  3 59.980  3.24   1
    43580  37.289709 -121.666813     5.769       14.4      108.8      868.8      2.3      1.8      6.1 1985  3 12  4  4 51.800  2.04   1
    44335  37.286108 -121.664030     5.729      261.2     -290.8      828.4      2.7      2.1      5.8 1985  3 20  4 57 39.190  2.56   1
    44729  37.287170 -121.665153     5.714      161.6     -173.0      814.0      3.2      2.4      6.5 1985  3 26 11 50 46.600  1.26   1
    45835  37.287870 -121.665039     5.868      171.7      -95.3      968.1      3.9      2.8      7.1 1985  4 10 18 45 20.620  1.07   1
    46041  37.294283 -121.670052     6.091     -272.8      616.4     1190.6      3.6      3.9      7.2 1985  4 13 14  1 53.470  1.16   1
    47288  37.285486 -121.666838     3.461       12.3     -359.9    -1439.6      3.0      3.6      8.3 1985  5  5 16 50  5.800  0.94   1
    49151  37.285531 -121.666911     3.450        5.8     -355.0    -1450.7      3.1      4.1      7.5 1985  6  8  4 58 49.900  0.64   1
    49626  37.291573 -121.671118     3.835     -367.3      315.7    -1065.2      2.8      2.8      5.4 1985  6 15  1 38 57.380  0.94   1
    49633  37.286247 -121.665169     4.469      160.2     -275.5     -431.4      3.4      3.1      7.1 1985  6 16  5 24 54.700  1.29   1
    50591  37.287740 -121.668050     3.727      -95.3     -109.7    -1173.7      3.3      2.6      7.4 1985  7  4  3  6  5.160  1.06   1
    51288  37.285482 -121.666878     3.446        8.7     -360.4    -1454.6      3.2      4.4      9.9 1985  7 17 13 58 38.250  1.02   1
    51325  37.285787 -121.662891     5.857      362.3     -326.5      956.8      2.3      2.0      5.7 1985  7 17 23 39 58.840  1.89   1
    51378  37.285229 -121.662614     5.856      386.8     -388.4      955.9      3.3      2.1      6.3 1985  7 18 23 42  1.800  0.97   1
    51398  37.290385 -121.669287     4.311     -204.9      183.8     -589.7      3.8      3.6     11.8 1985  7 19  9 58 16.960  0.97   1
    52580  37.289709 -121.666838     5.766       12.3      108.8      865.8      1.7      1.6      5.7 1985  8  9 11 45  2.020  1.60   1
    54084  37.289657 -121.669645     3.732     -236.7      103.0    -1168.7      2.0      1.7      4.5 1985  8 28 20 35 10.100  1.58   1
    57271  37.293457 -121.672827     3.767     -518.8      524.7    -1133.4      2.6      2.4      5.0 1985 10 19 16 33 20.030  1.38   1
    57273  37.293225 -121.672705     3.743     -508.0      499.0    -1156.9      2.6      2.1      4.3 1985 10 19 17 35 48.940  1.66   1
    57770  37.290092 -121.670508     3.643     -313.2      151.3    -1257.0      2.7      2.5      5.2 1985 10 28  3 55 38.130  1.31   1
    58027  37.290938 -121.668066     5.730      -96.7      245.2      829.2      2.3      1.9      5.6 1985 10 31 23 53 38.440  1.96   1
    58028  37.291748 -121.668783     5.731     -160.2      335.1      831.0      2.5      2.1      6.3 1985 10 31 23 55 40.960  1.46   1
    58676  37.290230 -121.666187     6.177       70.0      166.6     1276.6      4.2      3.0      5.6 1985 11  9 23 12 11.080  1.88   1
    59070  37.286882 -121.664624     5.753      208.6     -205.0      852.5      2.6      2.8      5.6 1985 11 14  9 21  5.080  0.97   1
    61248  37.284729 -121.662891     5.751      362.3     -443.9      851.0      3.1      1.9      5.9 1985 12 12  7 33 37.950  1.16   1
    61462  37.288623 -121.667660     4.187      -60.6      -11.7     -713.5      5.1      2.5      6.9 1985 12 14 18 25 45.080  1.09   1
    61809  37.290389 -121.669279     4.311     -204.2      184.2     -589.6      3.6      4.0     11.6 1985 12 19  0  2 10.460  0.97   1
    62142  37.290413 -121.669385     4.308     -213.6      187.0     -592.6      3.5      3.5     11.4 1985 12 24 21 18 58.720  0.89   1
    62514  37.288940 -121.669141     3.699     -192.0       23.5    -1201.1      2.1      2.0      4.4 1985 12 31 15 50 52.230  1.74   1
    62520  37.288961 -121.668962     3.756     -176.1       25.7    -1144.7      1.8      1.8      4.4 1985 12 31 18  3  3.480  1.62   1
    65047  37.287044 -121.665747     4.462      109.0     -187.0     -438.7      3.5      2.9      7.3 1986  1 30  3 31 43.810  1.30   1
    65406  37.285250 -121.662598     5.881      388.2     -386.1      980.8      3.1      1.9      6.2 1986  2  2  8 26 42.650  1.18   1
    66346  37.285482 -121.666789     3.465       16.6     -360.4    -1434.9      2.9      3.1      5.9 1986  2 11 10 37 16.920  1.40   1
    66201  37.285555 -121.666789     3.472       16.6     -352.2    -1428.5      2.9      3.0      5.8 1986  2 11 11 50  0.620  1.50   1
    67820  37.290853 -121.670426     3.766     -306.0      235.7    -1133.9      2.3      2.3      4.8 1986  3  8 10 32  4.410  1.63   1
    67803  37.286259 -121.665153     4.474      161.6     -274.1     -426.4      3.3      3.0      7.1 1986  3  9 18 55 22.760  1.42   1
    70356  37.286820 -121.664697     5.749      202.1     -211.8      848.4      3.1      2.4      6.3 1986  4  4 10 16 40.970  3.19   1
    70373  37.287675 -121.665560     5.712      125.6     -117.0      811.4      2.9      2.5      6.2 1986  4  4 10 17 30.150  2.37   1
    70083  37.285238 -121.662630     5.868      385.4     -387.5      967.2      3.1      2.0      6.3 1986  4 12  7 13 35.460  1.00   1
    70826  37.294312 -121.670036     6.085     -271.3      619.6     1184.4      3.5      3.9      7.1 1986  4 21  8 46 14.270  0.99   1
    73536  37.291134 -121.668270     5.739     -114.7      266.9      839.1      3.1      2.8      5.9 1986  5 29  1 41 52.560  1.51   1
    73786  37.289237 -121.669889     3.418     -258.3       56.4    -1482.2      4.9      3.4      4.8 1986  6  1 10 51 31.460  1.21   1
    73850  37.289718 -121.666838     5.763       12.3      109.7      863.0      2.0      1.9      5.7 1986  6  2  5  8 18.340  1.52   1
    76654  37.286137 -121.663371     5.800      319.7     -287.7      899.7      2.6      2.2      6.0 1986  7 16 20 59  3.320  2.98   1
    76560  37.285168 -121.662655     5.848      383.2     -395.1      947.8      3.2      2.1      6.3 1986  7 17  4 26  2.170  0.83   1
    77218  37.289591 -121.669718     3.730     -243.2       95.7    -1170.2      1.5      1.7      4.2 1986  7 25  9 22 50.290  2.26   1
    77283  37.289168 -121.669409     3.725     -215.8       48.8    -1175.5      1.6      1.7      4.2 1986  7 25  9 23  5.480  2.35   1
    77296  37.289933 -121.670020     3.733     -269.9      133.7    -1167.1      2.3      2.2      5.1 1986  7 25 16  1 52.100  1.15   1
    81016  37.291866 -121.671297     3.774     -383.2      348.2    -1126.3      3.0      3.0      7.8 1986  9  2  7 22  7.550  0.52   1
    81017  37.291642 -121.671126     3.778     -368.0      323.3    -1121.8      2.5      2.5      5.1 1986  9  2  7 24 15.870  0.83   1
    81735  37.287952 -121.665649     5.729      117.6      -86.3      828.2      2.2      1.7      6.0 1986  9  8 23  4 33.440  1.55   1
    82606  37.291016 -121.670858     3.757     -344.2      253.8    -1143.5      2.9      2.0      5.0 1986  9 15 20 17 49.920  2.67   1
    83579  37.290458 -121.669425     4.270     -217.2      191.9     -629.9      3.2      3.4     12.2 1986  9 22 19 39 11.020  0.83   1
    83805  37.290861 -121.670549     3.778     -316.8      236.6    -1121.3      3.1      2.3      8.5 1986  9 25 12  1 52.830  1.36   1
    85194  37.286621 -121.667244     3.682      -23.8     -233.9    -1218.1      3.2      3.7      7.8 1986 10  9  2  6 22.720  2.95   1
    85669  37.285376 -121.666829     3.446       13.0     -372.1    -1454.2      2.9      3.0      5.9 1986 10 14 15 13 49.290  1.43   1
    87103  37.288538 -121.667570     4.158      -52.7      -21.2     -742.3      4.7      2.7      5.9 1986 11  3  8 20 28.780  0.94   1
    87964  37.284688 -121.662874     5.736      363.7     -448.4      835.3      3.0      2.2      6.0 1986 11 14 11 55 11.210  0.96   1
    88698  37.291634 -121.671102     3.785     -365.9      322.4    -1115.6      2.9      2.4      5.6 1986 11 25 13  0 35.660  1.01   1
    90036  37.290186 -121.669352     4.293     -210.7      161.7     -607.7      6.3      3.5     14.7 1986 12 12 17 46 44.360  0.64   1
    90485  37.290361 -121.669246     4.271     -201.3      181.1     -629.2      3.6      3.1     10.5 1986 12 18  2  5 30.480  1.09   1
    93248  37.289128 -121.669938     3.523     -262.7       44.3    -1377.6      4.6      4.0      7.0 1987  1 26 13 47 46.830  2.35   1
    95188  37.285185 -121.662516     5.858      395.5     -393.3      957.8      3.0      2.0      6.3 1987  2 21  7 40 45.210  1.18   1
    95317  37.285185 -121.662557     5.843      391.9     -393.3      943.1      3.1      2.1      6.4 1987  2 23 17  5  2.320  0.91   1
    97576  37.290450 -121.669417     4.263     -216.5      191.0     -637.7      6.1      4.5     16.1 1987  3 29 10  2  1.050  0.79   1
    98812  37.288558 -121.667611     4.131      -56.3      -19.0     -769.3      4.6      2.6      5.8 1987  4 17 16 13 47.300  1.18   1
   101361  37.289628 -121.669678     3.730     -239.6       99.8    -1170.5      1.6      1.7      4.0 1987  6  3  6 56  7.740  1.92   1
   101362  37.288916 -121.669173     3.715     -194.8       20.8    -1185.3      1.9      1.6      4.0 1987  6  3  6 58 51.320  1.74   1
   101659  37.287651 -121.665535     5.693      127.7     -119.7      792.8      2.1      1.5      5.6 1987  6  9  2  2 39.460  2.37   1
   102139  37.287533 -121.667936     3.618      -85.2     -132.8    -1282.8      3.2      3.8     10.3 1987  6 20 16 35 35.960  0.82   1
   102776  37.291606 -121.671134     3.774     -368.7      319.3    -1126.2      2.7      2.7      5.7 1987  7  7  1 44 26.990  1.01   1
   103138  37.289229 -121.669458     3.720     -220.1       55.5    -1179.6      1.9      1.8      5.6 1987  7 14 19  2 57.020  1.72   1
   103702  37.289701 -121.666813     5.759       14.4      107.9      858.3      2.2      1.7      5.9 1987  7 28  7  4 28.800  1.51   1
   103833  37.291113 -121.668278     5.732     -115.5      264.6      831.3      1.8      1.9      5.7 1987  8  1  1 40 41.980  1.94   1
   105327  37.287410 -121.667847     3.724      -77.2     -146.3    -1176.3      2.2      1.4      3.2 1987  9  4 10 31 17.310  1.74   1
   105800  37.289071 -121.666390     5.717       52.0       37.9      816.5      3.2      2.4      6.9 1987  9 14 23  7 17.840  0.83   1
   106343  37.290462 -121.669491     4.240     -223.0      192.4     -660.7      3.1      3.6     12.9 1987  9 27  7 19 34.920  0.75   1
   106370  37.290348 -121.669263     4.290     -202.8      179.7     -610.8      2.8      3.1     10.1 1987  9 27  8 23 11.780  0.96   1
   106462  37.288529 -121.667668     4.144      -61.3      -22.1     -756.7      4.5      2.6      5.2 1987  9 29  4 47  3.550  0.92   1
   107299  37.285522 -121.662842     5.898      366.6     -355.9      997.8      2.5      1.9      5.9 1987 10 17  9 43 42.990  1.55   1
   107927  37.289412 -121.667000     5.739       -2.2       75.9      838.3      2.6      2.1      5.8 1987 11  1 22 11 13.060  3.15   1
   107902  37.289722 -121.666895     5.762        7.2      110.2      861.5      2.0      1.8      5.8 1987 11  1 22 13 47.560  1.56   1
   107906  37.287972 -121.665666     5.725      116.2      -84.0      824.4      1.9      1.5      5.8 1987 11  2  3  6 28.290  1.52   1
   108512  37.285384 -121.666789     3.448       16.6     -371.2    -1452.6      2.8      3.0      5.9 1987 11 16 23 19  9.000  1.98   1
   109132  37.290308 -121.669295     4.266     -205.7      175.2     -633.9      4.0      4.4     13.0 1987 11 27  4  7 50.420  0.67   1
   110939  37.290002 -121.670378     3.581     -301.6      141.3    -1319.5      1.9      2.8      5.6 1988  1 15  1 56 42.310  1.39   1
   112178  37.285372 -121.662476     5.840      399.1     -372.6      939.9      4.6      3.4      8.6 1988  2 10 20 13  1.200  0.94   1
   112230  37.286096 -121.665129     4.420      163.8     -292.2     -480.5      3.4      2.6      6.7 1988  2 13  4 54 35.870  1.36   1
   112868  37.291654 -121.671143     3.783     -369.5      324.7    -1116.9      2.4      2.3      4.7 1988  2 25 10  0 17.780  0.92   1
   113569  37.291492 -121.667301     6.186      -28.9      306.6     1285.9      4.4      3.0      6.2 1988  3  9  2  8 11.840  1.40   1
   114006  37.285913 -121.663737     5.744      287.2     -312.5      843.2      2.0      1.7      6.0 1988  3 16 23 10  6.640  2.45   1
   115994  37.290942 -121.668066     5.723      -96.7      245.7      822.4      1.8      1.8      6.1 1988  4 21  4 42 14.550  1.94   1
   115996  37.291764 -121.668726     5.714     -155.1      336.9      813.7      2.6      2.0      7.1 1988  4 21  4 48 47.890  0.84   1
   116401  37.289091 -121.665267     6.174      151.5       40.2     1274.1      4.1      2.8      5.3 1988  4 29  7 29 57.200  1.68   1
   116406  37.289339 -121.665446     6.179      135.7       67.7     1279.2      4.1      2.8      5.5 1988  4 29  7 47 21.590  1.99   1
   117175  37.289701 -121.666813     5.749       14.4      107.9      848.8      1.9      1.7      5.9 1988  5 13 17 17 30.760  1.52   1
   119615  37.290108 -121.666121     6.171       75.8      153.1     1270.8      4.2      2.8      5.4 1988  6 27  4 18 37.320  2.52   1
   119610  37.290055 -121.666032     6.164       83.7      147.2     1264.1      4.2      2.7      5.3 1988  6 27  4 18 52.410  2.72   1
   119763  37.290401 -121.669230     4.259     -199.9      185.6     -640.1      4.1      3.3     12.0 1988  6 30 23 52 27.360  0.97   1
   119888  37.285229 -121.662573     5.847      390.4     -388.4      946.4      3.1      2.1      6.4 1988  7  5  5  2 33.820  0.83   1
   120788  37.290751 -121.670500     3.778     -312.5      224.4    -1122.2      2.0      1.8      4.6 1988  7 23 10 42 21.740  1.53   1
   120974  37.290495 -121.669385     4.250     -213.6      196.0     -649.9      3.3      3.9     11.6 1988  7 26 18  9 59.220  0.80   1
   126189  37.289571 -121.669718     3.737     -243.2       93.5    -1162.9      1.8      1.7      4.3 1988 11  2  3  9 12.610  1.93   1
   126292  37.288875 -121.669206     3.720     -197.7       16.3    -1180.7      2.3      1.8      4.1 1988 11  3  1 30  4.280  1.71   1
   126389  37.288908 -121.669059     3.787     -184.7       19.9    -1113.3      1.9      1.8      4.4 1988 11  4 13 34 34.720  1.87   1
   126560  37.284713 -121.662939     5.741      357.9     -445.7      840.3      3.1      1.9      6.1 1988 11  7 17 51 17.980  1.24   1
   126901  37.285522 -121.666870     3.482        9.4     -355.9    -1418.5      2.9      3.2      5.9 1988 11 12 18 11 57.680  1.07   1
   129454  37.286108 -121.662687     6.341      380.3     -290.8     1440.3      4.4      4.2      9.4 1988 12 30 23 53 29.880  1.74   1
   129428  37.286926 -121.660400     5.843      583.1     -200.1      942.9     12.4     10.5     16.7 1988 12 30 23 54 24.000  4.30   1
   129887  37.290446 -121.669434     4.269     -217.9      190.6     -631.3      5.3      4.1     13.5 1989  1 13 10  9  6.070  0.94   1
   131766  37.289103 -121.665267     6.172      151.5       41.5     1271.5      4.1      2.7      5.3 1989  2 22 14 10 28.230  1.79   1
   132424  37.287170 -121.667741     3.691      -67.8     -173.0    -1209.7      2.8      2.4      6.1 1989  3  7 15  3 21.870  2.62   1
   132469  37.285579 -121.662752     5.840      374.5     -349.5      939.5      2.8      2.0      5.8 1989  3  8 14 47  1.080  1.40   1
   132715  37.285331 -121.662394     5.897      406.3     -377.1      997.0      3.4      2.8      7.0 1989  3 12  7 15 43.550  0.81   1
   139260  37.290430 -121.669173     4.368     -194.8      188.8     -531.9      3.2      3.5     11.0 1989  7  1  1 11 28.510  0.96   1
   140151  37.287309 -121.663452     6.158      312.5     -157.6     1258.1      4.2      3.1      6.1 1989  7 16 21 54  2.440  1.65   1
   140303  37.285527 -121.666707     3.671       23.8     -355.4    -1229.3      2.9      3.2      5.6 1989  7 19  8 51 59.540  1.28   1
   142196  37.288590 -121.667480     4.196      -44.7      -15.4     -704.4      4.3      2.7      4.9 1989  8 14  4  7  9.360  1.25   1
   144026  37.285221 -121.662557     5.895      391.9     -389.3      994.6      3.1      2.0      6.2 1989  9 14 10 35 38.140  0.87   1
   144648  37.287545 -121.665299     5.676      148.7     -131.4      775.2      3.2      2.3      5.9 1989  9 26 17  2  0.820  0.92   1
   144843  37.291113 -121.668213     5.728     -109.7      264.6      827.3      2.0      1.9      5.6 1989 10  1 18 21 45.920  1.78   1
   148939  37.289014 -121.669076     3.712     -186.2       31.6    -1187.8      1.5      1.5      4.5 1989 12 13  5 33 46.080  1.60   1
   149804  37.293233 -121.672518     3.709     -491.4      499.9    -1191.4      2.6      2.0      4.5 1989 12 30  6 19 29.350  1.59   1
   150901  37.287081 -121.665682     4.482      114.7     -182.9     -417.8      3.6      2.7      7.4 1990  1 19  9 24  8.400  1.24   1
   151583  37.285486 -121.666699     3.491       24.5     -359.9    -1409.0      2.9      3.2      6.8 1990  1 31  5  8 47.310  1.38   1
   153849  37.285392 -121.662622     5.881      386.1     -370.3      980.4      3.2      2.0      6.6 1990  3  6 23  9 12.960  0.83   1
   154124  37.287744 -121.665413     5.671      138.6     -109.3      771.2      1.8      1.7      5.6 1990  3 11 11 52 34.830  2.34   1
   155780  37.285449 -121.666634     3.480       30.3     -364.0    -1420.5      2.8      3.2      6.1 1990  4 11  5 35 19.420  1.33   1
   157462  37.286430 -121.664046     5.759      259.8     -255.1      858.7      3.0      2.3      7.2 1990  5 10 16 43 48.520  3.18   1
   157486  37.284745 -121.662598     5.705      388.2     -442.1      804.5      3.1      2.4      6.3 1990  5 11 22 59 22.960  0.97   1
   157494  37.290344 -121.668986     4.271     -178.2      179.3     -629.7      4.2      3.4     12.2 1990  5 12  2 57 13.600  0.81   1
   157758  37.289779 -121.666732     5.769       21.6      116.5      868.7      1.9      1.8      5.9 1990  5 16  4 10 37.430  1.59   1
   158154  37.291642 -121.671012     3.829     -357.9      323.3    -1070.8      2.6      2.4      5.3 1990  5 23 11 11 37.580  1.03   1
   158290  37.291895 -121.671281     3.852     -381.7      351.3    -1048.8      3.6      3.1      6.6 1990  5 23 16 30 36.550  0.82   1
 20091514  37.285950 -121.663159     5.868      338.5     -308.4      968.0      2.7      2.4      6.1 1990  6 11  1 38 14.370  3.10   1
   159156  37.287968 -121.665007     5.918      174.6      -84.4     1018.0      3.6      2.6      6.8 1990  6 11  2 45 19.820  1.25   1
   160503  37.289681 -121.669580     3.819     -230.9      105.7    -1081.3      2.6      2.0      4.6 1990  7  5 20  4 42.800  1.71   1
   161358  37.290470 -121.669019     4.341     -181.1      193.3     -559.7      5.3      4.2     14.2 1990  7 20  5 51 45.700  0.96   1
 20092038  37.292643 -121.667082     5.999       -9.4      434.4     1098.3      7.3      4.3      9.8 1990  8 17  2 26 16.740  3.68   1
   163527  37.291203 -121.666927     6.253        4.3      274.6     1352.8      4.8      3.4      9.5 1990  9  1 17 25 25.320  0.96   1
   165437  37.290405 -121.667529     5.696      -49.1      186.1      795.8      2.1      2.0      5.6 1990 10 17  6 15 15.710  1.80   1
   204801  37.290523 -121.669165     4.372     -194.1      199.2     -528.4      5.6      4.5     15.8 1991  1 15 17 29 20.200  0.94   1
   205031  37.290092 -121.670353     3.604     -299.5      151.3    -1296.6      3.3      2.8      5.3 1991  1 20  5  0 30.930  1.17   1
   205737  37.287581 -121.667830     3.688      -75.8     -127.3    -1212.7      3.4      2.9      8.6 1991  2  2  5 39  6.910  0.83   1
   206508  37.287724 -121.667961     3.719      -87.3     -111.5    -1180.4      2.5      2.5      6.3 1991  2 13 19 31  5.060  1.22   1
   207043  37.289042 -121.669808     3.518     -251.1       34.8    -1381.9      2.9      2.5      4.6 1991  2 22 15 51 34.750  2.28   1
   208364  37.291614 -121.671061     3.829     -362.3      320.2    -1071.5      2.5      2.7      5.8 1991  3 22 11 23 27.560  1.05   1
   208389  37.291878 -121.671200     3.836     -374.5      349.5    -1063.9      3.0      3.1      6.4 1991  3 22 11 34  4.350  0.81   1
   211885  37.285242 -121.662451     5.890      401.2     -387.0      990.0      3.2      2.0      6.4 1991  5  4  6 30 12.620  0.94   1
   212119  37.285225 -121.662484     5.897      398.4     -388.8      996.3      3.0      2.3      6.3 1991  5  9  0 14 24.910  1.22   1
   215747  37.288993 -121.669051     3.702     -184.0       29.4    -1198.2      2.4      2.1      4.0 1991  5 29  9 45 22.620  1.83   1
   220702  37.284672 -121.662581     5.679      389.7     -450.2      778.7      3.0      2.4      6.1 1991  6 22 16 36 38.560  1.21   1
   227435  37.290068 -121.670312     3.576     -295.9      148.6    -1323.9      2.0      2.5      6.2 1991  8 10 17  6  5.760  1.23   1
   227542  37.285356 -121.666732     3.442       21.6     -374.4    -1458.0      2.8      3.1      5.6 1991  8 12  9 56  3.630  1.43   1
   228484  37.287622 -121.665381     5.655      141.4     -122.8      755.0      2.2      2.4      6.1 1991  8 21 17  7 40.400  2.27   1
   229053  37.290820 -121.667961     5.697      -87.3      232.1      796.8      1.7      1.8      5.6 1991  8 28 14  4 22.080  2.05   1
   229871  37.290564 -121.669035     4.383     -182.6      203.7     -517.4      4.5      4.8     12.2 1991  9  6 16 39 27.620  0.93   1
   234881  37.285396 -121.666748     3.450       20.2     -369.9    -1450.5      2.8      3.0      6.1 1991 10 22 17  4 17.460  1.46   1
   238704  37.289661 -121.669629     3.720     -235.3      103.4    -1180.3      2.1      1.7      4.1 1991 12  3  5 24 24.980  2.01   1
   238790  37.289225 -121.669320     3.710     -207.8       55.1    -1190.1      1.8      1.8      4.0 1991 12  4  0  8 49.550  1.89   1
   238816  37.285563 -121.662720     5.916      377.4     -351.3     1015.9      3.1      2.1      6.4 1991 12  4 13 45 39.520  0.99   1
   241590  37.288359 -121.665837     5.690      101.0      -41.1      789.3      2.5      2.3      5.7 1991 12 23 12 33 19.250  1.22   1
   249781  37.289750 -121.666740     5.764       20.9      113.3      863.9      2.2      2.2      6.1 1992  2 10 12 31  5.020  1.61   1
   253921  37.285400 -121.666691     3.425       25.3     -369.4    -1475.0      2.9      3.2      5.7 1992  3  4 13 13  6.220  1.23   1
   261841  37.291553 -121.671045     3.833     -360.8      313.4    -1066.8      4.7      3.0     11.2 1992  4  6  9 39 49.410  0.92   1
   292015  37.286690 -121.667285     3.716      -27.4     -226.2    -1183.9      3.0      3.4      7.9 1992  6  9 12 59 24.230  2.86   1
   303099  37.286243 -121.665031     4.556      172.5     -275.9     -344.8      4.4      3.5      7.8 1992  7  7  2 47 24.660  1.35   1
   304374  37.285522 -121.666748     3.460       20.2     -355.9    -1440.4      3.1      3.3      6.3 1992  7 17  9 51 49.510  1.02   1
   312743  37.290849 -121.670500     3.809     -312.5      235.3    -1091.0      2.3      2.1      5.0 1992  8 29 17  4 29.020  1.64   1
   314921  37.288944 -121.668937     3.827     -173.9       23.9    -1073.3      2.2      2.3      5.8 1992  9 11  1 22 13.650  1.06   1
   322432  37.287056 -121.665715     4.462      111.9     -185.6     -438.7      3.9      3.4      7.8 1992 11  5 12 35  5.470  1.26   1
   327300  37.291561 -121.668563     5.725     -140.7      314.3      825.0      1.6      1.9      6.2 1992 11 29  5  3  2.720  1.73   1
   330647  37.290483 -121.669149     4.395     -192.7      194.6     -505.2      2.4      3.7     10.7 1993  1  2 11 32 10.020  1.10   1
   331552  37.291593 -121.671094     3.840     -365.1      317.9    -1060.7      2.6      2.8      5.7 1993  1  9 17 48 38.720  1.01   1
   331635  37.291329 -121.671045     3.784     -360.8      288.6    -1116.0      2.3      2.6      6.0 1993  1 10 22 13  9.440  1.20   1
   339439  37.285270 -121.662524     5.910      394.7     -383.9     1010.0      3.0      2.1      6.2 1993  3  7  1 47 38.410  1.22   1
   339511  37.285303 -121.662614     5.901      386.8     -380.2     1000.8      3.3      2.8      6.6 1993  3  8  9 25 39.610  1.01   1
   352620  37.289286 -121.669157     3.739     -193.4       61.9    -1160.9      2.4      1.9      6.2 1993  6  8  9 15  1.380  0.83   1
 30036393  37.291618 -121.671094     3.850     -365.1      320.6    -1050.0      2.4      3.5      6.2 1993 12  1  0 25 49.530  0.98   1
   389286  37.288859 -121.669076     3.735     -186.2       14.5    -1165.6      1.7      1.7      4.3 1993 12 20 22 35  7.800  1.77   1
   391772  37.290348 -121.669165     4.259     -194.1      179.7     -640.9      2.7      3.5     11.2 1994  1 19  7 46 39.590  0.96   1
   391983  37.290369 -121.669214     4.411     -198.4      182.0     -488.8      2.8      3.7     11.3 1994  1 20  7 20 41.680  0.90   1
   399980  37.290080 -121.670272     3.578     -292.3      149.9    -1322.3      3.0      2.9      5.5 1994  4  6  4 11 34.960  1.38   1
   400563  37.285404 -121.666667     3.471       27.4     -369.0    -1429.1      2.7      2.9      5.7 1994  4 16 13 10 52.340  2.00   1
   401879  37.289762 -121.666724     5.783       22.4      114.7      882.4      2.1      1.9      6.1 1994  5  8 23  4 53.240  1.61   1
 30049085  37.287996 -121.665479     5.734      132.8      -81.3      833.6      2.2      2.1      6.1 1994  5 13 11 15 14.850  1.56   1
 30051942  37.290979 -121.668018     5.723      -92.4      249.7      822.4      2.0      2.6      6.3 1994  6 30 14 25 51.030  1.83   1
 30051943  37.291821 -121.668677     5.748     -150.8      343.2      848.2      2.6      2.7      6.1 1994  6 30 14 29 15.060  1.38   1
 30054274  37.293416 -121.672729     3.835     -510.2      520.2    -1065.1      2.6      2.5      4.7 1994  8  4 17 19  8.160  1.37   1
 30057908  37.285730 -121.663615     5.741      298.0     -332.8      840.8      2.3      1.7      5.5 1994  9 17 17 57  1.520  2.38   1
 30058785  37.285876 -121.663883     5.726      274.2     -316.6      825.9      2.0      1.8      5.5 1994  9 25 23  4 28.000  2.36   1
 30062741  37.289669 -121.669596     3.773     -232.4      104.3    -1127.5      3.4      2.8      5.4 1994 11 16 16 50 58.150  2.01   1
 30062748  37.289950 -121.669767     3.679     -247.5      135.5    -1221.6      2.3      2.1      6.9 1994 11 16 18  3 42.360  1.27   1
 30069218  37.288973 -121.668758     3.832     -158.0       27.1    -1067.9      2.2      2.2      4.9 1995  3  3  9 38 49.200  1.20   1
 30069222  37.288924 -121.668840     3.779     -165.3       21.7    -1121.2      2.5      2.2      4.8 1995  3  3 12 30 15.850  1.75   1
 30069457  37.288753 -121.668807     3.723     -162.4        2.7    -1177.1      2.1      1.9      5.0 1995  3  7 13 19 41.960  1.26   1
 30071053  37.285840 -121.663062     5.787      347.1     -320.6      886.8      2.6      2.5      6.0 1995  4  5  7 55 21.350  2.80   1
 30072363  37.284688 -121.662598     5.736      388.2     -448.4      836.0      3.5      2.3      6.5 1995  4 26 17 54  9.660  1.14   1
 30073191  37.291626 -121.671004     3.866     -357.2      321.5    -1034.2      2.3      2.6      5.5 1995  5 14 11 18 47.000  1.02   1
 30074975  37.290548 -121.669116     4.456     -189.8      201.9     -444.6      4.0      5.3     13.9 1995  6 15 22 23  1.320  1.34   1
 30076454  37.290910 -121.670711     3.756     -331.2      242.1    -1144.1      3.2      2.5      5.4 1995  7  4 11 20 49.790  2.65   1
 30077970  37.288277 -121.665723     5.681      111.1      -50.1      780.5      4.5      2.6      7.3 1995  7 24  8 37 43.620  1.26   1
 30090632  37.287032 -121.667603     3.708      -55.6     -188.3    -1192.4      2.7      2.5      6.1 1995 11 25 19 22  6.180  2.56   1
 30091051  37.287280 -121.665137     5.679      163.1     -160.8      778.3      3.4      2.8      7.6 1995 12  2  1 12 15.750  1.40   1
 30092060  37.289038 -121.669157     3.707     -193.4       34.3    -1193.3      2.6      1.8      6.6 1995 12 15 18 53 39.820  1.82   1
 30107700  37.293518 -121.672607     3.783     -499.4      531.5    -1116.9      3.5      2.9      9.7 1996  5 30 18 47 12.480  1.35   1
   478138  37.289543 -121.669613     3.703     -233.8       90.3    -1197.6      2.3      1.6      4.1 1996  9  2 20 27  0.360  1.99   1
   478141  37.289876 -121.669832     3.644     -253.3      127.3    -1256.6      3.1      2.5      7.6 1996  9  2 20 36  3.960  1.38   1
   478159  37.288757 -121.668774     3.700     -159.5        3.2    -1200.4      2.6      2.5      6.7 1996  9  3  0  2  4.940  1.17   1
   482382  37.285136 -121.662435     5.908      402.7     -398.8     1008.1      3.1      2.1      6.3 1996 10 19  4 32 38.790  1.30   1
   483500  37.287675 -121.665487     5.658      132.1     -117.0      758.1      2.3      1.7      5.7 1996 11  2 12 22 52.340  2.29   1
   485145  37.285295 -121.666707     3.452       23.8     -381.1    -1448.0      2.8      3.0      5.3 1996 11 20 12 25 42.190  1.93   1
   502047  37.289937 -121.665934     6.182       92.4      134.1     1282.1      4.5      2.8      6.0 1997  4 20 17  8  1.560  1.79   1
   522670  37.286161 -121.664006     5.694      263.4     -285.0      793.9      2.3      2.1      5.8 1997  9 26 19 58  2.480  3.09   1
   523141  37.289665 -121.666715     5.758       23.1      103.9      858.1      2.3      1.8      5.8 1997  9 29  3  7 46.980  1.55   1
   529274  37.288997 -121.669198     3.690     -197.0       29.8    -1210.3      1.6      1.8      4.0 1997 10 28 12  1 44.750  1.61   1
