    16484  37.286060 -121.663590     6.112      300.2     -296.2     1211.7     25.6     27.2     41.8 1984  4 24 21 20 23.480  3.57   1
    16527  37.286051 -121.663859     5.844      276.4     -297.1      943.8     24.6     26.6     33.5 1984  4 24 21 23 39.960  3.54   1
    17496  37.291309 -121.665845     6.361      100.3      286.3     1460.7     23.6     28.0     43.5 1984  4 25  0  4 49.440  1.23   1
    16521  37.287154 -121.667440     3.768      -41.1     -174.8    -1132.0     21.7     18.9     46.1 1984  4 25  4 16 53.440  3.00   1
    17842  37.289014 -121.668343     3.647     -121.2       31.6    -1253.6     17.9     18.2     47.1 1984  4 25  4 35 19.170  1.90   1
    16635  37.294344 -121.670256     5.904     -290.8      623.2     1003.9     28.1     28.1     49.9 1984  4 25  7 22 22.290  1.40   1
    16576  37.287130 -121.663118     5.936      342.1     -177.5     1035.6     22.1     26.5     41.2 1984  4 25 14  6 57.560  1.62   1
    17929  37.289400 -121.666260     5.433       63.5       74.5      532.5     27.0     26.1     47.6 1984  4 25 22 14 23.140  1.80   1
    16659  37.289819 -121.665259     6.358      152.3      121.0     1457.7     23.8     27.4     46.8 1984  4 26  8 54 51.420  1.52   1
    16701  37.291642 -121.665983     6.070       88.0      323.3     1169.6     27.1     28.2     46.7 1984  4 26 17 22 44.280  1.57   1
    18075  37.288997 -121.668205     4.064     -109.0       29.8     -836.1     25.1     24.8     45.0 1984  4 26 20 11 12.520  1.17   1
    16751  37.291772 -121.671590     3.554     -409.2      337.8    -1346.0     32.4     22.4     53.8 1984  4 27  7 48 23.500  0.97   1
    16766  37.287760 -121.665983     5.684       88.0     -107.5      783.5     22.6     25.5     44.2 1984  4 27 11  8  9.220  1.31   1
    16802  37.286886 -121.663509     6.294      307.4     -204.6     1394.1     31.7     29.5     71.2 1984  4 27 19  3 15.040  1.31   1
    16821  37.284664 -121.662337     5.893      411.3     -451.1      992.4     23.9     27.9     35.0 1984  4 28  0  4 31.210  0.83   1
    16827  37.284432 -121.661230     5.615      509.5     -476.9      714.2     23.3     26.3     47.4 1984  4 28  1 43 47.850  1.21   1
    16838  37.294084 -121.670125     5.852     -279.3      594.3      951.3     28.4     28.1     49.9 1984  4 28  3 54 12.200  1.39   1
    16841  37.285905 -121.665275     4.586      150.8     -313.4     -314.3     29.6     29.3     50.0 1984  4 28  4 43 26.310  1.47   1
    19159  37.290548 -121.665755     6.145      108.2      201.9     1244.9     26.5     28.3     47.3 1984  4 28 16 12 43.750  2.09   1
    16885  37.289071 -121.664665     6.356      204.9       37.9     1455.4     22.2     26.8     35.5 1984  4 28 18 53 49.960  2.18   1
    16911  37.288729 -121.665495     5.696      131.3        0.0      795.6     25.3     34.6     44.4 1984  4 29  2 29 16.340  1.27   1
    17074  37.289819 -121.664738     6.291      198.4      121.0     1390.8     24.8     27.3     43.2 1984  4 30 14 46  1.740  1.59   1
    17272  37.289718 -121.666211     5.679       67.8      109.7      778.4     28.2     27.4     46.6 1984  5  2  7 34 17.770  1.65   1
    17294  37.293180 -121.672754     3.783     -512.3      494.0    -1117.0     30.2     24.0     57.2 1984  5  2 14 32 55.730  1.70   1
    17356  37.285620 -121.666195     3.115       69.3     -345.0    -1785.7     24.1     21.2     53.3 1984  5  2 22 58 42.360  1.77   1
    17669  37.287170 -121.663599     6.227      299.5     -173.0     1326.7     29.6     27.9     48.0 1984  5  3 23 10 52.920  1.04   1
    17723  37.285640 -121.663265     5.996      329.1     -342.8     1095.4     22.5     27.2     32.2 1984  5  4 18 42 58.080  3.05   1
    17526  37.287988 -121.665527     5.691      128.5      -82.2      790.2     23.4     25.1     43.7 1984  5  5  3 31 54.930  2.45   1
    17779  37.285567 -121.663420     5.722      315.4     -350.9      822.1     23.2     27.2     32.4 1984  5  7 14 27 20.420  2.85   1
    17794  37.284774 -121.662183     5.712      425.1     -438.9      811.7     24.3     28.6     33.9 1984  5  7 16 34 13.860  1.30   1
    17834  37.294421 -121.670280     5.930     -293.0      631.8     1029.5     29.2     28.3     47.2 1984  5  8  6 55  3.840  1.17   1
    18466  37.285018 -121.662345     5.822      410.6     -411.9      922.2     24.2     27.0     32.1 1984  5 15  1 42 21.350  1.18   1
    18608  37.291500 -121.666577     6.330       35.4      307.5     1429.2     27.8     28.5     44.9 1984  5 16 17  9 28.700  2.32   1
    18708  37.289323 -121.666895     5.757        7.2       65.9      857.7     25.6     27.7     43.7 1984  5 17  8 43  3.370  3.32   1
    18857  37.284403 -121.661995     5.765      441.7     -480.0      865.1     28.1     35.1     35.8 1984  5 19  4 20 31.710  0.74   1
    19686  37.290238 -121.669255     4.285     -202.1      167.5     -615.6     23.1     20.0     43.2 1984  5 29 23 53  6.840  0.99   1
    19720  37.289917 -121.665658     6.501      116.9      131.9     1600.6     22.6     27.6     39.2 1984  5 30 12 38 10.840  3.00   1
    19745  37.291089 -121.666170     6.748       71.4      261.9     1848.1     29.9     30.1     48.7 1984  5 30 17  5  4.160  0.80   1
    19776  37.286951 -121.665861     4.641       98.9     -197.3     -259.3     26.9     20.8     45.3 1984  5 31  1 43 34.410  1.22   1
    19860  37.289722 -121.666878     5.672        8.7      110.2      772.2     30.1     27.7     49.8 1984  6  1  3 27 26.880  1.58   1
    19888  37.294356 -121.670671     5.937     -327.6      624.6     1036.7     32.8     33.8     58.5 1984  6  1  9  7  7.310  1.08   1
    19992  37.287073 -121.664917     5.770      182.6     -183.8      869.3     23.1     27.5     31.0 1984  6  2 17 32  6.480  2.92   1
    20113  37.284436 -121.662549     5.559      392.6     -476.4      659.0     24.3     27.9     33.3 1984  6  4 16 23 29.800  1.15   1
    20328  37.292485 -121.667887     6.643      -80.8      416.8     1742.2     26.3     27.9     45.6 1984  6  5 23 51 14.920  0.93   1
    20622  37.287573 -121.665283     6.034      150.1     -128.3     1133.6     34.3     36.0     82.3 1984  6 11  4 58 46.580  1.48   1
    20978  37.285787 -121.663045     6.066      348.6     -326.5     1166.1     23.1     26.3     37.7 1984  6 16  3 50 27.150  3.13   1
    21561  37.287126 -121.663338     6.518      322.6     -177.9     1617.7     25.4     28.7     49.1 1984  6 26  7 13 18.280  0.80   1
    21644  37.290820 -121.670703     3.826     -330.5      232.1    -1074.6     20.1     20.6     44.5 1984  6 27 14 50 38.140  1.59   1
    22144  37.285685 -121.664762     4.548      196.3     -337.8     -352.0     27.3     22.8     47.0 1984  7  5 12 49 57.720  1.28   1
    22165  37.288562 -121.667407     4.158      -38.2      -18.5     -742.5     23.1     20.7     42.2 1984  7  5 17  6 28.740  0.96   1
    22271  37.290865 -121.671086     3.855     -364.4      237.1    -1045.6     22.6     18.6     44.9 1984  7  7  0 17  9.970  2.67   1
    22280  37.289368 -121.669336     3.575     -209.3       70.9    -1325.1     26.0     21.8     47.4 1984  7  7  2 35  4.060  1.53   1
    23190  37.289510 -121.669596     3.787     -232.4       86.7    -1113.0     19.2     17.8     40.6 1984  7 17 16 24 49.440  1.85   1
    23195  37.287720 -121.665861     5.747       98.9     -112.0      847.0     23.6     24.8     41.9 1984  7 17 17 53  4.200  2.33   1
    24519  37.289026 -121.669808     3.608     -251.1       33.0    -1291.9     21.1     19.6     46.0 1984  7 30 14 16 49.060  2.31   1
    24674  37.289722 -121.666748     5.761       20.2      110.2      861.0     26.3     26.2     44.2 1984  8  1 12 29 16.890  1.64   1
    25096  37.290251 -121.670117     3.500     -278.5      168.9    -1400.7     27.4     20.3     49.5 1984  8  7  9  7  6.330  1.17   1
    25305  37.289827 -121.669084     4.156     -186.9      121.9     -744.1     25.5     21.1     51.7 1984  8 10  7  4  4.200  0.95   1
    25937  37.285063 -121.661971     6.261      443.8     -406.9     1360.5     30.3     32.9     62.7 1984  8 19 20 27 32.960  0.69   1
    26238  37.290283 -121.670247     3.948     -290.1      172.5     -951.8     33.3     30.4     46.7 1984  8 25  0 19 18.360  0.72   1
    27421  37.285120 -121.662427     5.935      403.4     -400.6     1035.1     23.8     28.5     29.6 1984  9  6 16 33 41.640  1.41   1
    27683  37.285791 -121.663989     5.662      264.8     -326.0      762.1     24.2     26.8     34.1 1984  9 10 16 24 47.130  2.39   1
    27684  37.285836 -121.664266     4.654      240.3     -321.1     -246.7     29.6     28.2    107.8 1984  9 10 16 33 36.940  1.79   1
    27721  37.284766 -121.662760     6.021      373.8     -439.9     1120.8     22.7     27.6     37.4 1984  9 11  8 13 54.330  0.83   1
    27722  37.288070 -121.665828     5.675      101.8      -73.2      774.2     24.2     25.4     44.7 1984  9 11  9 29 23.690  1.78   1
    27724  37.289775 -121.665479     6.463      132.8      116.1     1562.7     25.5     27.1     55.4 1984  9 11 10 26  8.190  1.55   1
    28475  37.291842 -121.671021     3.458     -358.6      345.5    -1442.2     30.7     23.9     55.5 1984  9 23  8 43 14.720  1.07   1
    29752  37.285531 -121.666585     3.246       34.6     -355.0    -1653.9     23.3     21.3     49.6 1984 10 10  7 11 54.160  1.90   1
    29901  37.291374 -121.667285     6.086      -27.4      293.5     1185.9     33.7     33.1     93.5 1984 10 12  7 13 23.200  1.21   1
    30009  37.290670 -121.667896     5.638      -81.5      215.4      737.6     33.2     27.5     49.2 1984 10 13 17 32 47.840  1.83   1
    30159  37.289950 -121.669320     4.233     -207.8      135.5     -667.4     22.0     17.0     40.6 1984 10 17 11 39  4.900  0.89   1
    30929  37.291288 -121.668962     5.700     -176.1      284.1      800.0     26.6     27.3     47.2 1984 10 30  2 49 48.600  1.41   1
    31031  37.286955 -121.664567     5.863      213.6     -196.9      963.2     24.5     26.8     39.8 1984 10 31  3  5 11.660  2.89   1
    31037  37.285836 -121.662614     6.057      386.8     -321.1     1156.4     26.8     30.9     66.2 1984 10 31 15 28 48.300  0.79   1
    31068  37.284375 -121.662004     5.830      440.9     -483.2      929.6     24.5     33.9     45.5 1984 11  1  5 22 45.950  0.79   1
    31844  37.285710 -121.665194     4.616      158.0     -335.1     -284.7     26.3     21.4     46.0 1984 11 13 11 59  9.360  1.31   1
    32049  37.288806 -121.669157     3.639     -193.4        8.6    -1261.1     22.0     19.1     44.1 1984 11 18  0 28 55.240  1.69   1
    32676  37.285824 -121.663151     6.069      339.2     -322.4     1169.2     24.2     26.9     37.7 1984 11 28 11 54 37.810  2.94   1
    35929  37.287459 -121.665446     5.669      135.7     -140.9      768.3     23.8     25.7     45.2 1984 12  1  8  9 13.540  1.74   1
    33786  37.286568 -121.665479     4.506      132.8     -239.8     -393.9     25.2     21.9     47.0 1984 12 10  7 45 41.770  1.43   1
    34527  37.289933 -121.667212     5.778      -20.9      133.7      878.0     25.6     27.1     42.9 1984 12 15 10 28 17.680  1.61   1
    34841  37.284652 -121.662150     5.551      427.9     -452.5      650.7     23.8     27.2     35.1 1984 12 19  8 29 34.630  1.35   1
    35109  37.290658 -121.670532     3.765     -315.3      214.1    -1135.0     18.9     17.4     41.1 1984 12 22  4 43 44.710  1.60   1
    38148  37.287284 -121.667896     3.926      -81.5     -160.3     -973.8     25.9     19.6     47.1 1985  1 19 11 56 37.340  2.49   1
    39944  37.290662 -121.668270     5.652     -114.7      214.5      751.9     28.4     27.9     49.6 1985  2  5 11 42 49.820  2.05   1
    40913  37.288839 -121.665088     6.384      167.4       12.2     1484.2     23.3     27.4     40.3 1985  2 13 23 52 25.080  1.70   1
    41574  37.289990 -121.669222     4.224     -199.2      140.0     -676.1     19.4     18.4     40.4 1985  2 16 20 53  7.160  1.20   1
    42349  37.288582 -121.667692     3.761      -63.5      -16.3    -1139.6     21.4     20.8     42.0 1985  2 28  1  9 58.300  0.84   1
    42555  37.288794 -121.668840     3.772     -165.3        7.2    -1127.8     16.6     16.6     43.1 1985  3  2  6 53 56.010  1.74   1
    42559  37.289689 -121.669613     3.695     -233.8      106.6    -1205.2     17.9     17.0     40.6 1985  3  2  8 55  3.470  1.91   1
    42643  37.289010 -121.669100     3.676     -188.3       31.2    -1223.9     19.2     18.0     41.3 1985  3  2  8 55 29.590  2.08   1
    42560  37.289872 -121.670304     3.639     -295.1      126.9    -1261.5     24.4     19.8     46.4 1985  3  2  8 58  0.480  1.22   1
    43546  37.289543 -121.667334     6.140      -31.8       90.3     1239.8     25.6     27.5     39.6 1985  3 12  4  3 59.980  3.24   1
    43580  37.289937 -121.666805     5.647       15.2      134.1      746.4     23.4     27.6     40.9 1985  3 12  4  4 51.800  2.04   1
    44335  37.285738 -121.663949     5.773      268.5     -331.9      873.1     22.5     27.3     29.9 1985  3 20  4 57 39.190  2.56   1
    44729  37.286890 -121.665373     5.660      142.2     -204.1      759.8     30.9     43.9     73.6 1985  3 26 11 50 46.600  1.26   1
    45835  37.287610 -121.665226     6.031      155.2     -124.2     1130.4     25.3     28.5     61.1 1985  4 10 18 45 20.620  1.07   1
    46041  37.294552 -121.670524     5.976     -314.6      646.2     1076.1     28.5     28.3     46.0 1985  4 13 14  1 53.470  1.16   1
    47288  37.285417 -121.666138     2.776       74.3     -367.6    -2124.1     24.0     44.7    113.2 1985  5  5 16 50  5.800  0.94   1
    49151  37.286015 -121.666423     3.257       49.1     -301.2    -1643.6     30.3     26.1     50.2 1985  6  8  4 58 49.900  0.64   1
    49626  37.291569 -121.670915     3.760     -349.3      315.2    -1140.7     29.8     24.1     57.6 1985  6 15  1 38 57.380  0.94   1
    49633  37.285767 -121.665267     4.468      151.5     -328.8     -432.7     24.9     21.9     49.0 1985  6 16  5 24 54.700  1.29   1
    50591  37.287581 -121.666886     3.618        7.9     -127.3    -1282.4     28.1     22.6     41.7 1985  7  4  3  6  5.160  1.06   1
    51288  37.286511 -121.667432     3.332      -40.4     -246.1    -1568.5     25.8     31.6     49.4 1985  7 17 13 58 38.250  1.02   1
    51325  37.285579 -121.662801     5.550      370.2     -349.5      649.4     25.7     26.6     41.9 1985  7 17 23 39 58.840  1.89   1
    51378  37.284794 -121.661678     5.924      469.8     -436.7     1023.5     23.6     28.6     35.9 1985  7 18 23 42  1.800  0.97   1
    51398  37.290104 -121.669458     4.270     -220.1      152.6     -630.0     22.7     19.6     44.1 1985  7 19  9 58 16.960  0.97   1
    52580  37.289917 -121.666870     5.719        9.4      131.9      819.0     30.7     28.4     46.8 1985  8  9 11 45  2.020  1.60   1
    54084  37.289461 -121.669938     3.621     -262.7       81.3    -1279.2     19.4     17.7     44.1 1985  8 28 20 35 10.100  1.58   1
    57271  37.293477 -121.673275     3.791     -558.5      527.0    -1109.3     29.9     25.6     57.7 1985 10 19 16 33 20.030  1.38   1
    57273  37.293193 -121.673519     3.740     -580.2      495.4    -1160.0     29.1     22.8     56.2 1985 10 19 17 35 48.940  1.66   1
    57770  37.290283 -121.670955     3.405     -352.9      172.5    -1495.4     25.4     21.3     48.5 1985 10 28  3 55 38.130  1.31   1
    58027  37.290902 -121.668009     5.731      -91.6      241.2      830.3     30.2     27.7     49.3 1985 10 31 23 53 38.440  1.96   1
    58028  37.291874 -121.668368     5.523     -123.4      349.1      622.9     28.0     28.0     52.2 1985 10 31 23 55 40.960  1.46   1
    58676  37.290210 -121.665828     6.244      101.7      164.4     1344.0     22.5     27.0     40.0 1985 11  9 23 12 11.080  1.88   1
    59070  37.286865 -121.664746     5.709      197.7     -206.8      808.6     22.7     26.7     43.6 1985 11 14  9 21  5.080  0.97   1
    61248  37.284745 -121.662516     5.465      395.5     -442.1      564.3     23.1     26.7     33.4 1985 12 12  7 33 37.950  1.16   1
    61462  37.288407 -121.667871     4.238      -79.4      -35.7     -662.7     21.9     21.9     45.4 1985 12 14 18 25 45.080  1.09   1
    61809  37.290173 -121.669092     4.243     -187.6      160.3     -657.7     23.2     20.1     44.4 1985 12 19  0  2 10.460  0.97   1
    62142  37.290507 -121.668791     4.885     -160.9      197.3      -15.7     29.0     24.7     48.7 1985 12 24 21 18 58.720  0.89   1
    62514  37.288802 -121.668750     3.728     -157.3        8.1    -1171.9     22.6     19.7     43.1 1985 12 31 15 50 52.230  1.74   1
    62520  37.288847 -121.669027     3.596     -181.9       13.1    -1303.9     24.8     22.3     48.2 1985 12 31 18  3  3.480  1.62   1
    65047  37.286694 -121.665804     4.634      103.9     -225.8     -265.9     26.3     22.5     46.3 1986  1 30  3 31 43.810  1.30   1
    65406  37.285087 -121.662638     5.996      384.6     -404.2     1096.2     23.6     27.9     39.0 1986  2  2  8 26 42.650  1.18   1
    66346  37.285421 -121.666976     3.319        0.0     -367.1    -1581.3     24.0     20.9     50.5 1986  2 11 10 37 16.920  1.40   1
    66201  37.285811 -121.666886     3.200        7.9     -323.8    -1700.1     24.6     23.4     54.5 1986  2 11 11 50  0.620  1.50   1
    67820  37.290841 -121.671493     3.775     -400.5      234.4    -1125.6     22.4     20.7     46.2 1986  3  8 10 32  4.410  1.63   1
    67803  37.285758 -121.665202     4.458      157.3     -329.7     -442.5     24.7     22.1     52.2 1986  3  9 18 55 22.760  1.42   1
    70356  37.285848 -121.664152     5.938      250.4     -319.7     1037.9     23.6     26.9     38.4 1986  4  4 10 16 40.970  3.19   1
    70373  37.287463 -121.665544     5.726      127.0     -140.4      825.7     22.6     25.3     42.6 1986  4  4 10 17 30.150  2.37   1
    70083  37.285083 -121.662573     6.025      390.4     -404.6     1124.7     25.5     28.2     48.6 1986  4 12  7 13 35.460  1.00   1
    70826  37.294014 -121.670605     5.753     -321.8      586.6      852.9     28.3     28.4     49.3 1986  4 21  8 46 14.270  0.99   1
    73536  37.290633 -121.667619     5.751      -57.0      211.3      851.2     28.7     27.3     48.0 1986  5 29  1 41 52.560  1.51   1
    73786  37.288936 -121.669613     3.332     -233.8       23.0    -1568.5     22.3     20.1     45.3 1986  6  1 10 51 31.460  1.21   1
    73850  37.289669 -121.666984     5.736       -0.7      104.3      835.5     25.2     26.7     44.7 1986  6  2  5  8 18.340  1.52   1
    76654  37.285742 -121.663273     6.068      328.3     -331.5     1167.6     23.5     26.9     37.9 1986  7 16 20 59  3.320  2.98   1
    76560  37.284241 -121.663590     6.196      300.2     -498.1     1295.5     24.4     27.9     43.7 1986  7 17  4 26  2.170  0.83   1
    77218  37.289502 -121.669922     3.833     -261.2       85.8    -1067.0     19.2     17.6     44.0 1986  7 25  9 22 50.290  2.26   1
    77283  37.289339 -121.669010     3.563     -180.4       67.7    -1337.8     24.4     20.8     44.4 1986  7 25  9 23  5.480  2.35   1
    77296  37.290251 -121.670101     3.599     -277.1      168.9    -1301.6     29.7     24.3     57.6 1986  7 25 16  1 52.100  1.15   1
    81016  37.291715 -121.671354     3.725     -388.2      331.5    -1174.9     28.8     22.4     56.2 1986  9  2  7 22  7.550  0.52   1
    81017  37.291536 -121.671566     3.764     -407.0      311.6    -1136.7     26.2     20.1     50.4 1986  9  2  7 24 15.870  0.83   1
    81735  37.287878 -121.665828     5.703      101.8      -94.4      802.3     24.0     25.4     43.7 1986  9  8 23  4 33.440  1.55   1
    82606  37.291134 -121.671240     3.887     -378.1      266.9    -1013.5     23.7     19.8     44.8 1986  9 15 20 17 49.920  2.67   1
    83579  37.290096 -121.668530     4.937     -137.8      151.7       36.9     27.8     22.6     48.1 1986  9 22 19 39 11.020  0.83   1
    83805  37.290710 -121.670850     3.718     -343.5      219.9    -1181.1     18.9     17.5     42.0 1986  9 25 12  1 52.830  1.36   1
    85194  37.287410 -121.667944     3.955      -85.9     -146.3     -945.3     24.3     20.5     46.3 1986 10  9  2  6 22.720  2.95   1
    85669  37.285490 -121.666805     3.222       15.2     -359.5    -1678.3     25.3     22.2     54.3 1986 10 14 15 13 49.290  1.43   1
    87103  37.287899 -121.667529     4.097      -49.1      -92.1     -803.0     19.6     20.1     42.5 1986 11  3  8 20 28.780  0.94   1
    87964  37.284452 -121.662305     5.665      414.2     -474.6      764.6     23.3     27.6     29.2 1986 11 14 11 55 11.210  0.96   1
    88698  37.291479 -121.670256     4.320     -290.8      305.3     -580.5     25.6     21.5     47.9 1986 11 25 13  0 35.660  1.01   1
    90036  37.289783 -121.668701     4.080     -153.0      117.0     -820.4     24.8     19.5     44.6 1986 12 12 17 46 44.360  0.64   1
    90485  37.289893 -121.669417     4.240     -216.5      129.2     -660.5     23.8     20.0     44.8 1986 12 18  2  5 30.480  1.09   1
    93248  37.289274 -121.670304     3.559     -295.1       60.5    -1341.0     32.6     25.0     62.7 1987  1 26 13 47 46.830  2.35   1
    95188  37.285132 -121.662492     6.053      397.6     -399.2     1152.2     23.3     26.9     45.8 1987  2 21  7 40 45.210  1.18   1
    95317  37.285388 -121.662077     6.681      434.4     -370.8     1780.3     29.5     31.8     70.2 1987  2 23 17  5  2.320  0.91   1
    97576  37.290377 -121.669157     4.863     -193.4      182.9      -37.0     24.2     21.0     47.4 1987  3 29 10  2  1.050  0.79   1
    98812  37.287996 -121.667725     4.195      -66.4      -81.3     -705.1     24.8     19.1     43.4 1987  4 17 16 13 47.300  1.18   1
   101361  37.289665 -121.669588     3.957     -231.6      103.9     -943.3     22.0     18.3     42.0 1987  6  3  6 56  7.740  1.92   1
   101362  37.288859 -121.669596     3.792     -232.4       14.5    -1108.6     19.7     18.4     45.4 1987  6  3  6 58 51.320  1.74   1
   101659  37.287732 -121.665666     5.785      116.2     -110.6      884.3     22.6     25.9     37.8 1987  6  9  2  2 39.460  2.37   1
   102139  37.287451 -121.666602     3.518       33.2     -141.8    -1382.7     23.1     22.5     47.2 1987  6 20 16 35 35.960  0.82   1
   102776  37.291683 -121.670980     3.692     -355.0      327.9    -1208.6     30.9     22.8     60.3 1987  7  7  1 44 26.990  1.01   1
   103138  37.289368 -121.669368     3.700     -212.2       70.9    -1199.8     17.9     16.6     42.0 1987  7 14 19  2 57.020  1.72   1
   103702  37.290133 -121.667424     5.768      -39.7      155.8      867.3     26.0     27.3     45.5 1987  7 28  7  4 28.800  1.51   1
   103833  37.290800 -121.668384     5.815     -124.8      229.9      914.4     27.4     27.6     44.8 1987  8  1  1 40 41.980  1.94   1
   105327  37.287528 -121.668123     3.808     -101.8     -133.2    -1092.6     21.1     17.8     45.2 1987  9  4 10 31 17.310  1.74   1
   105800  37.289303 -121.666260     5.790       63.5       63.7      889.6     25.7     27.4     48.4 1987  9 14 23  7 17.840  0.83   1
   106343  37.290186 -121.668774     4.743     -159.5      161.7     -157.6     24.9     21.8     50.4 1987  9 27  7 19 34.920  0.75   1
   106370  37.289799 -121.669019     4.565     -181.1      118.8     -335.3     25.9     21.5     47.5 1987  9 27  8 23 11.780  0.96   1
   106462  37.288232 -121.667163     4.207      -16.6      -55.1     -693.4     22.6     19.1     46.9 1987  9 29  4 47  3.550  0.92   1
   107299  37.285592 -121.663298     6.072      326.2     -348.2     1171.9     25.6     26.8     39.6 1987 10 17  9 43 42.990  1.55   1
   107927  37.289583 -121.667391     6.211      -36.8       94.8     1310.2     27.9     27.3     38.2 1987 11  1 22 11 13.060  3.15   1
   107902  37.290218 -121.666886     5.789        7.9      165.3      888.7     26.8     27.2     45.3 1987 11  1 22 13 47.560  1.56   1
   107906  37.288123 -121.666048     5.780       82.3      -67.3      879.7     23.1     25.3     42.2 1987 11  2  3  6 28.290  1.52   1
   108512  37.285616 -121.666919     3.263        5.1     -345.5    -1637.1     22.5     23.0     51.4 1987 11 16 23 19  9.000  1.98   1
   109132  37.290112 -121.669206     4.475     -197.7      153.5     -425.5     25.0     23.1     45.8 1987 11 27  4  7 50.420  0.67   1
   110939  37.290401 -121.670931     3.400     -350.7      185.6    -1500.1     27.4     22.9     51.2 1988  1 15  1 56 42.310  1.39   1
   112178  37.286450 -121.662590     6.769      389.0     -252.9     1868.8     37.3     32.5     60.1 1988  2 10 20 13  1.200  0.94   1
   112230  37.285701 -121.664852     4.424      188.3     -336.0     -476.0     25.3     25.9     44.6 1988  2 13  4 54 35.870  1.36   1
   112868  37.291675 -121.671151     4.453     -370.2      327.0     -447.1     24.8     20.4     44.3 1988  2 25 10  0 17.780  0.92   1
   113569  37.291248 -121.666870     6.194        9.4      279.5     1293.8     25.9     27.7     50.0 1988  3  9  2  8 11.840  1.40   1
   114006  37.285828 -121.663647     5.893      295.2     -322.0      992.4     24.3     26.8     36.1 1988  3 16 23 10  6.640  2.45   1
   115994  37.291003 -121.668327     5.791     -119.8      252.4      891.0     27.0     27.4     44.9 1988  4 21  4 42 14.550  1.94   1
   115996  37.291504 -121.668758     5.796     -158.0      308.0      895.2     27.1     27.5     47.5 1988  4 21  4 48 47.890  0.84   1
   116401  37.289062 -121.665120     6.207      164.5       37.0     1306.7     22.7     26.7     36.8 1988  4 29  7 29 57.200  1.68   1
   116406  37.289392 -121.665519     6.472      129.2       73.6     1571.5     26.8     27.5     46.8 1988  4 29  7 47 21.590  1.99   1
   117175  37.289954 -121.667147     5.784      -15.2      135.9      883.8     26.0     27.1     44.4 1988  5 13 17 17 30.760  1.52   1
   119615  37.289962 -121.665731     6.480      110.4      136.8     1579.3     22.1     26.7     37.1 1988  6 27  4 18 37.320  2.52   1
   119610  37.290063 -121.665910     6.491       94.5      148.1     1590.9     22.5     26.7     37.6 1988  6 27  4 18 52.410  2.72   1
   119763  37.290133 -121.669165     4.136     -194.1      155.8     -763.7     19.0     17.6     38.1 1988  6 30 23 52 27.360  0.97   1
   119888  37.285038 -121.662044     6.334      437.3     -409.6     1434.1     27.2     28.4     52.2 1988  7  5  5  2 33.820  0.83   1
   120788  37.290609 -121.670744     3.780     -334.1      208.6    -1120.1     21.2     17.7     41.1 1988  7 23 10 42 21.740  1.53   1
   120974  37.289970 -121.668734     4.192     -155.9      137.7     -708.2     27.2     25.6     40.3 1988  7 26 18  9 59.220  0.80   1
   126189  37.289583 -121.669710     3.848     -242.5       94.8    -1052.4     22.0     20.0     46.4 1988 11  2  3  9 12.610  1.93   1
   126292  37.289010 -121.669141     3.728     -192.0       31.2    -1172.1     16.3     16.4     41.8 1988 11  3  1 30  4.280  1.71   1
   126389  37.288692 -121.669393     3.961     -214.3       -4.1     -939.2     22.1     17.6     44.4 1988 11  4 13 34 34.720  1.87   1
   126560  37.284912 -121.662500     5.864      396.9     -423.6      963.8     23.6     28.9     41.6 1988 11  7 17 51 17.980  1.24   1
   126901  37.285872 -121.666870     3.279        9.4     -317.0    -1621.3     25.1     22.9     50.1 1988 11 12 18 11 57.680  1.07   1
   129454  37.286157 -121.662313     6.674      413.5     -285.4     1773.7     26.3     27.2     39.8 1988 12 30 23 53 29.880  1.74   1
   129428  37.286727 -121.662769     6.770      373.1     -222.2     1869.6     26.0     27.2     38.1 1988 12 30 23 54 24.000  4.30   1
   129887  37.289974 -121.669295     4.227     -205.7      138.2     -673.3     21.7     20.5     44.0 1989  1 13 10  9  6.070  0.94   1
   131766  37.289095 -121.664844     6.529      189.1       40.6     1628.6     22.6     27.0     36.8 1989  2 22 14 10 28.230  1.79   1
   132424  37.287577 -121.668018     3.916      -92.4     -127.8     -984.1     20.3     19.5     43.3 1989  3  7 15  3 21.870  2.62   1
   132469  37.285388 -121.662646     6.129      383.9     -370.8     1228.7     24.2     27.6     35.6 1989  3  8 14 47  1.080  1.40   1
   132715  37.285042 -121.662541     6.088      393.3     -409.1     1188.1     23.0     27.1     39.1 1989  3 12  7 15 43.550  0.81   1
   139260  37.289921 -121.668563     4.260     -140.7      132.3     -640.0     29.7     20.5     65.5 1989  7  1  1 11 28.510  0.96   1
   140151  37.286934 -121.663216     6.587      333.4     -199.2     1686.7     26.8     27.8     41.3 1989  7 16 21 54  2.440  1.65   1
   140303  37.286003 -121.666650     3.321       28.9     -302.6    -1579.3     22.1     20.9     49.2 1989  7 19  8 51 59.540  1.28   1
   142196  37.288420 -121.667448     4.399      -41.9      -34.3     -500.9     26.0     22.1     47.3 1989  8 14  4  7  9.360  1.25   1
   144026  37.284941 -121.662557     5.948      391.9     -420.4     1048.2     22.7     27.6     27.3 1989  9 14 10 35 38.140  0.87   1
   144648  37.287622 -121.665356     5.754      143.6     -122.8      853.9     23.4     26.1     43.9 1989  9 26 17  2  0.820  0.92   1
   144843  37.290796 -121.668254     5.773     -113.3      229.4      873.0     26.8     27.5     47.0 1989 10  1 18 21 45.920  1.78   1
   148939  37.288924 -121.668734     3.662     -155.9       21.7    -1237.9     21.8     20.6     45.7 1989 12 13  5 33 46.080  1.60   1
   149804  37.293014 -121.672803     3.577     -516.7      475.5    -1323.6     31.9     23.2     56.5 1989 12 30  6 19 29.350  1.59   1
   150901  37.286690 -121.665658     4.586      116.9     -226.2     -314.0     27.4     22.5     46.5 1990  1 19  9 24  8.400  1.24   1
   151583  37.285486 -121.666870     3.209        9.4     -359.9    -1691.4     26.2     22.5     51.8 1990  1 31  5  8 47.310  1.38   1
   153849  37.284639 -121.661987     5.669      442.4     -453.8      768.2     24.1     27.5     37.9 1990  3  6 23  9 12.960  0.83   1
   154124  37.288102 -121.665812     5.773      103.2      -69.5      872.4     27.6     27.1     36.6 1990  3 11 11 52 34.830  2.34   1
   155780  37.285579 -121.666618     3.343       31.8     -349.5    -1556.9     22.0     21.3     49.4 1990  4 11  5 35 19.420  1.33   1
   157462  37.286047 -121.663997     5.838      264.1     -297.6      937.3     23.8     27.0     35.9 1990  5 10 16 43 48.520  3.18   1
   157486  37.284867 -121.662378     5.722      407.7     -428.6      821.6     24.8     27.9     33.3 1990  5 11 22 59 22.960  0.97   1
   157494  37.289742 -121.668937     4.160     -173.9      112.4     -740.2     19.6     18.9     39.2 1990  5 12  2 57 13.600  0.81   1
   157758  37.290112 -121.667220     5.808      -21.6      153.5      907.2     26.6     27.0     45.9 1990  5 16  4 10 37.430  1.59   1
   158154  37.291508 -121.671582     3.905     -408.4      308.4     -995.3     27.1     21.8     50.2 1990  5 23 11 11 37.580  1.03   1
   158290  37.291699 -121.671631     3.792     -412.8      329.7    -1107.8     25.1     21.4     50.6 1990  5 23 16 30 36.550  0.82   1
 20091514  37.285885 -121.663102     6.300      343.5     -315.7     1399.6     26.2     26.7     37.9 1990  6 11  1 38 14.370  3.10   1
   159156  37.287642 -121.665153     5.939      161.6     -120.6     1038.6     25.1     29.1     43.0 1990  6 11  2 45 19.820  1.25   1
   160503  37.290116 -121.669548     3.846     -228.0      154.0    -1054.3     16.9     18.6     42.1 1990  7  5 20  4 42.800  1.71   1
   161358  37.290617 -121.669767     4.356     -247.5      209.5     -544.7     24.7     20.5     45.5 1990  7 20  5 51 45.700  0.96   1
 20092038  37.292513 -121.667676     6.661      -62.1      420.0     1761.0     25.6     27.9     40.0 1990  8 17  2 26 16.740  3.68   1
   163527  37.290759 -121.666382     6.434       52.7      225.3     1534.2     26.2     28.7     57.3 1990  9  1 17 25 25.320  0.96   1
   165437  37.290336 -121.667578     5.820      -53.4      178.4      920.1     26.6     27.5     45.4 1990 10 17  6 15 15.710  1.80   1
   204801  37.290019 -121.669157     4.370     -193.4      143.2     -530.5     36.8     29.8     59.9 1991  1 15 17 29 20.200  0.94   1
   205031  37.290454 -121.670418     3.510     -305.2      191.5    -1390.6     28.6     22.4     48.7 1991  1 20  5  0 30.930  1.17   1
   205737  37.287382 -121.666260     3.503       63.5     -149.5    -1397.1     27.4     26.1     46.5 1991  2  2  5 39  6.910  0.83   1
   206508  37.287374 -121.666724     3.749       22.4     -150.4    -1150.7     22.0     20.2     45.9 1991  2 13 19 31  5.060  1.22   1
   207043  37.289111 -121.669434     3.461     -217.9       42.4    -1439.1     20.1     20.0     43.3 1991  2 22 15 51 34.750  2.28   1
   208364  37.291691 -121.671094     3.845     -365.1      328.8    -1055.6     20.3     19.1     41.7 1991  3 22 11 23 27.560  1.05   1
   208389  37.291943 -121.671541     3.846     -404.8      356.8    -1054.0     19.6     18.8     40.8 1991  3 22 11 34  4.350  0.81   1
   211885  37.285177 -121.662199     6.401      423.6     -394.2     1500.3     34.2     34.7     76.7 1991  5  4  6 30 12.620  0.94   1
   212119  37.285197 -121.662126     6.014      430.1     -392.0     1113.7     24.3     27.6     37.2 1991  5  9  0 14 24.910  1.22   1
   215747  37.288607 -121.669507     3.838     -224.4      -13.5    -1062.6     21.6     18.7     44.3 1991  5 29  9 45 22.620  1.83   1
   220702  37.284550 -121.662069     5.710      435.2     -463.8      809.2     24.2     27.0     33.1 1991  6 22 16 36 38.560  1.21   1
   227435  37.290365 -121.669979     3.565     -266.3      181.5    -1335.1     22.8     20.5     44.8 1991  8 10 17  6  5.760  1.23   1
   227542  37.285400 -121.666634     3.312       30.3     -369.4    -1587.9     22.7     20.8     49.5 1991  8 12  9 56  3.630  1.43   1
   228484  37.288135 -121.665723     5.733      111.1      -65.9      832.4     25.2     25.3     44.2 1991  8 21 17  7 40.400  2.27   1
   229053  37.290971 -121.668148     5.771     -103.9      248.8      870.6     26.5     27.6     48.8 1991  8 28 14  4 22.080  2.05   1
   229871  37.289970 -121.668563     4.306     -140.7      137.7     -594.1     23.9     21.8     47.9 1991  9  6 16 39 27.620  0.93   1
   234881  37.285689 -121.666789     3.297       16.6     -337.3    -1603.2     21.9     20.9     50.0 1991 10 22 17  4 17.460  1.46   1
   238704  37.289714 -121.669320     3.716     -207.8      109.3    -1184.6     18.6     17.4     41.9 1991 12  3  5 24 24.980  2.01   1
   238790  37.289250 -121.669417     3.832     -216.5       57.8    -1068.2     21.3     18.5     43.2 1991 12  4  0  8 49.550  1.89   1
   238816  37.285091 -121.662288     6.192      415.7     -403.7     1292.0     24.5     27.4     41.5 1991 12  4 13 45 39.520  0.99   1
   241590  37.288452 -121.666024     5.761       84.4      -30.7      861.1     24.0     26.0     41.7 1991 12 23 12 33 19.250  1.22   1
   249781  37.290165 -121.666870     5.755        9.4      159.4      854.8     26.3     27.1     45.8 1992  2 10 12 31  5.020  1.61   1
   253921  37.285775 -121.666488     3.267       43.3     -327.9    -1633.6     22.6     20.4     49.3 1992  3  4 13 13  6.220  1.23   1
   261841  37.291406 -121.671281     3.691     -381.7      297.1    -1209.3     27.6     24.2     55.5 1992  4  6  9 39 49.410  0.92   1
   292015  37.287292 -121.667432     4.036      -40.4     -159.4     -864.0     26.3     22.0     50.4 1992  6  9 12 59 24.230  2.86   1
   303099  37.285909 -121.665503     4.709      130.6     -313.0     -191.6     26.9     21.8     47.0 1992  7  7  2 47 24.660  1.35   1
   304374  37.285665 -121.667082     3.287       -9.4     -340.0    -1612.9     27.8     22.7     50.9 1992  7 17  9 51 49.510  1.02   1
   312743  37.290662 -121.670776     3.772     -337.0      214.5    -1128.2     27.1     27.5     44.6 1992  8 29 17  4 29.020  1.64   1
   314921  37.288062 -121.668750     4.026     -157.3      -74.1     -873.9     19.2     18.3     43.8 1992  9 11  1 22 13.650  1.06   1
   322432  37.286646 -121.665633     4.574      119.1     -231.2     -325.9     26.1     23.8     51.2 1992 11  5 12 35  5.470  1.26   1
   327300  37.291768 -121.668888     5.817     -169.6      337.3      917.0     27.1     27.8     45.7 1992 11 29  5  3  2.720  1.73   1
   330647  37.290324 -121.669320     4.265     -207.8      177.0     -635.6     20.6     19.3     41.7 1993  1  2 11 32 10.020  1.10   1
   331552  37.291683 -121.671566     3.826     -407.0      327.9    -1074.0     24.3     21.2     47.3 1993  1  9 17 48 38.720  1.01   1
   331635  37.291109 -121.670760     3.646     -335.6      264.2    -1254.6     26.4     23.7     52.7 1993  1 10 22 13  9.440  1.20   1
   339439  37.285152 -121.662093     6.005      433.0     -396.9     1105.1     25.6     28.0     37.0 1993  3  7  1 47 38.410  1.22   1
   339511  37.285144 -121.662492     6.025      397.6     -397.9     1124.3     27.0     27.5     36.8 1993  3  8  9 25 39.610  1.01   1
   352620  37.289042 -121.667977     3.803      -88.8       34.8    -1096.8     22.4     21.1     41.9 1993  6  8  9 15  1.380  0.83   1
 30036393  37.291634 -121.671045     4.141     -360.8      322.4     -759.6     23.7     20.0     43.8 1993 12  1  0 25 49.530  0.98   1
   389286  37.289038 -121.669108     3.604     -189.1       34.3    -1296.5     21.2     18.6     42.2 1993 12 20 22 35  7.800  1.77   1
   391772  37.290271 -121.669295     4.294     -205.7      171.2     -605.9     22.1     19.9     44.1 1994  1 19  7 46 39.590  0.96   1
   391983  37.289974 -121.669523     4.399     -225.9      138.2     -501.6     25.4     21.2     49.0 1994  1 20  7 20 41.680  0.90   1
   399980  37.290194 -121.670223     3.536     -287.9      162.6    -1364.5     22.9     18.9     44.2 1994  4  6  4 11 34.960  1.38   1
   400563  37.285620 -121.666829     3.267       13.0     -345.0    -1633.5     22.2     21.7     50.4 1994  4 16 13 10 52.340  2.00   1
   401879  37.289917 -121.666406     5.694       50.5      131.9      793.3     25.5     27.5     43.7 1994  5  8 23  4 53.240  1.61   1
 30049085  37.287948 -121.665470     5.703      133.5      -86.7      802.4     23.7     25.8     45.0 1994  5 13 11 15 14.850  1.56   1
 30051942  37.290881 -121.667830     5.557      -75.8      238.9      656.7     26.3     27.5     59.9 1994  6 30 14 25 51.030  1.83   1
 30051943  37.291817 -121.668823     5.673     -163.8      342.8      772.6     26.6     28.4     50.8 1994  6 30 14 29 15.060  1.38   1
 30054274  37.293424 -121.673153     3.672     -547.7      521.1    -1228.5     29.7     22.8     60.3 1994  8  4 17 19  8.160  1.37   1
 30057908  37.285706 -121.663843     5.883      277.8     -335.5      982.5     22.9     26.6     35.4 1994  9 17 17 57  1.520  2.38   1
 30058785  37.285844 -121.664119     5.801      253.3     -320.2      900.6     23.3     26.6     35.8 1994  9 25 23  4 28.000  2.36   1
 30062741  37.289925 -121.669963     3.536     -264.8      132.8    -1363.8     17.8     17.2     42.1 1994 11 16 16 50 58.150  2.01   1
 30062748  37.290043 -121.669621     3.743     -234.5      145.9    -1157.6     21.1     18.8     43.8 1994 11 16 18  3 42.360  1.27   1
 30069218  37.288611 -121.668685     3.972     -151.5      -13.1     -928.2     23.4     17.8     39.4 1995  3  3  9 38 49.200  1.20   1
 30069222  37.288851 -121.669320     3.939     -207.8       13.5     -960.8     19.9     17.5     43.6 1995  3  3 12 30 15.850  1.75   1
 30069457  37.289067 -121.669263     3.552     -202.8       37.5    -1348.2     23.2     20.1     42.4 1995  3  7 13 19 41.960  1.26   1
 30071053  37.285746 -121.662980     6.151      354.3     -331.0     1250.5     23.2     26.3     37.1 1995  4  5  7 55 21.350  2.80   1
 30072363  37.284819 -121.662052     5.778      436.6     -434.0      877.4     23.7     26.8     32.4 1995  4 26 17 54  9.660  1.14   1
 30073191  37.291720 -121.671647     3.793     -414.2      331.9    -1107.1     27.4     22.3     54.8 1995  5 14 11 18 47.000  1.02   1
 30074975  37.290580 -121.668612     4.407     -145.0      205.5     -493.0     26.4     21.1     44.9 1995  6 15 22 23  1.320  1.34   1
 30076454  37.290894 -121.670923     4.352     -350.0      240.2     -548.3     32.4     28.6     59.7 1995  7  4 11 20 49.790  2.65   1
 30077970  37.288123 -121.666089     5.703       78.7      -67.3      802.5     24.2     25.2     47.2 1995  7 24  8 37 43.620  1.26   1
 30090632  37.287374 -121.667171     3.919      -17.3     -150.4     -981.4     25.8     22.2     51.3 1995 11 25 19 22  6.180  2.56   1
 30091051  37.287533 -121.665405     5.743      139.3     -132.8      843.1     23.2     26.0     35.8 1995 12  2  1 12 15.750  1.40   1
 30092060  37.289038 -121.669287     3.740     -204.9       34.3    -1159.9     19.2     17.7     43.6 1995 12 15 18 53 39.820  1.82   1
 30107700  37.293510 -121.673047     3.631     -538.3      530.6    -1269.4     30.3     22.8     59.9 1996  5 30 18 47 12.480  1.35   1
   478138  37.289445 -121.669629     3.788     -235.3       79.5    -1112.5     23.6     21.5     46.3 1996  9  2 20 27  0.360  1.99   1
   478141  37.290389 -121.670133     3.723     -280.0      184.2    -1176.9     26.9     27.3     65.9 1996  9  2 20 36  3.960  1.38   1
   478159  37.288810 -121.668636     4.559     -147.2        9.0     -341.1     28.4     21.9     63.7 1996  9  3  0  2  4.940  1.17   1
   482382  37.284989 -121.662044     5.731      437.3     -415.0      830.8     25.2     27.3     43.2 1996 10 19  4 32 38.790  1.30   1
   483500  37.287964 -121.665926     6.175       93.1      -84.9     1274.5     26.8     27.7     44.2 1996 11  2 12 22 52.340  2.29   1
   485145  37.285482 -121.666707     3.298       23.8     -360.4    -1602.1     23.1     24.1     48.6 1996 11 20 12 25 42.190  1.93   1
   502047  37.289803 -121.665690     6.448      114.0      119.2     1547.9     24.7     26.9     38.2 1997  4 20 17  8  1.560  1.79   1
   522670  37.286479 -121.664323     6.274      235.3     -249.7     1373.3     25.0     26.3     41.0 1997  9 26 19 58  2.480  3.09   1
   523141  37.289779 -121.667057     5.795       -7.2      116.5      894.2     30.4     27.3     47.0 1997  9 29  3  7 46.980  1.55   1
   529274  37.288664 -121.669393     3.760     -214.3       -7.2    -1140.4     17.2     17.1     41.8 1997 10 28 12  1 44.750  1.61   1
