    16484  37.285917 -121.663696     6.291      290.8     -312.1     1390.5    114.8     91.8    214.1 1984  4 24 21 20 23.480  3.57   1
    16527  37.286023 -121.664404     5.936      228.0     -300.3     1035.2    109.3     91.1    198.9 1984  4 24 21 23 39.960  3.54   1
    17496  37.291321 -121.665739     6.554      109.7      287.7     1653.5    120.5     90.2    247.7 1984  4 25  0  4 49.440  1.23   1
    16521  37.286658 -121.667244     3.895      -23.8     -229.9    -1005.5    131.6     80.8    156.8 1984  4 25  4 16 53.440  3.00   1
    17842  37.289205 -121.668148     3.566     -103.9       52.8    -1334.3    129.1     81.0    148.2 1984  4 25  4 35 19.170  1.90   1
    16635  37.294425 -121.670068     6.016     -274.2      632.2     1116.1    122.4    114.4    239.2 1984  4 25  7 22 22.290  1.40   1
    16576  37.287122 -121.662663     5.853      382.5     -178.4      952.6    121.2     76.3    205.8 1984  4 25 14  6 57.560  1.62   1
    17929  37.289579 -121.666162     5.293       72.2       94.4      393.2    107.7    100.2    285.7 1984  4 25 22 14 23.140  1.80   1
    16659  37.289819 -121.665381     6.461      141.4      121.0     1560.3    116.9     77.8    231.2 1984  4 26  8 54 51.420  1.52   1
    16701  37.291646 -121.665788     6.113      105.4      323.8     1213.0    106.3    102.2    204.6 1984  4 26 17 22 44.280  1.57   1
    18075  37.288920 -121.668132     4.000     -102.5       21.2     -900.4    158.0    109.5    194.0 1984  4 26 20 11 12.520  1.17   1
    16751  37.291964 -121.671785     3.399     -426.5      359.0    -1501.3    136.1    109.9    222.3 1984  4 27  7 48 23.500  0.97   1
    16766  37.287744 -121.665959     5.795       90.2     -109.3      894.3    116.7     81.2    199.4 1984  4 27 11  8  9.220  1.31   1
    16802  37.286084 -121.664087     6.423      256.2     -293.5     1522.7    138.5    157.9    272.3 1984  4 27 19  3 15.040  1.31   1
    16821  37.284611 -121.662207     5.968      422.9     -457.0     1067.7    122.3    102.8    245.7 1984  4 28  0  4 31.210  0.83   1
    16827  37.284298 -121.660417     5.502      581.7     -491.8      601.5    114.4    100.5    235.8 1984  4 28  1 43 47.850  1.21   1
    16838  37.294246 -121.669840     5.970     -254.0      612.4     1070.1    124.8    114.3    192.5 1984  4 28  3 54 12.200  1.39   1
    16841  37.286991 -121.664242     4.503      242.5     -192.8     -397.1    128.3     98.4    192.5 1984  4 28  4 43 26.310  1.47   1
    19159  37.290845 -121.665804     6.197      103.9      234.8     1296.4    106.3    100.1    192.4 1984  4 28 16 12 43.750  2.09   1
    16885  37.289095 -121.664494     6.451      220.1       40.6     1550.7    114.1     85.6    218.0 1984  4 28 18 53 49.960  2.18   1
    16911  37.290104 -121.666081     6.479       79.4      152.6     1578.6    182.0    208.4    473.3 1984  4 29  2 29 16.340  1.27   1
    17074  37.289966 -121.664876     6.334      186.2      137.3     1433.8    117.6     78.7    241.2 1984  4 30 14 46  1.740  1.59   1
    17272  37.289551 -121.666024     5.859       84.4       91.2      958.6    111.9    110.3    210.1 1984  5  2  7 34 17.770  1.65   1
    17294  37.293282 -121.672477     3.563     -487.8      505.3    -1337.7    135.9    106.1    268.0 1984  5  2 14 32 55.730  1.70   1
    17356  37.285380 -121.665975     3.033       88.8     -371.7    -1867.1    166.0     98.2    206.9 1984  5  2 22 58 42.360  1.77   1
    17669  37.286930 -121.663590     6.453      300.2     -199.6     1552.5    121.2     99.2    238.8 1984  5  3 23 10 52.920  1.04   1
    17723  37.285392 -121.662915     6.184      360.1     -370.3     1284.2    118.1     92.5    232.5 1984  5  4 18 42 58.080  3.05   1
    17526  37.287695 -121.665251     5.852      153.0     -114.7      951.4    119.9     88.6    200.8 1984  5  5  3 31 54.930  2.45   1
    17779  37.285396 -121.663436     5.867      313.9     -369.9      966.6    108.2     99.5    211.4 1984  5  7 14 27 20.420  2.85   1
    17794  37.284729 -121.662101     5.811      432.3     -443.9      911.0    115.5    112.4    224.6 1984  5  7 16 34 13.860  1.30   1
    17834  37.294568 -121.670312     6.130     -295.9      648.0     1229.6    112.4    114.4    231.4 1984  5  8  6 55  3.840  1.17   1
    18466  37.284953 -121.661906     5.864      449.6     -419.1      963.4    120.1     94.9    212.3 1984  5 15  1 42 21.350  1.18   1
    18608  37.291353 -121.666732     6.470       21.6      291.3     1569.9    113.5    106.9    185.4 1984  5 16 17  9 28.700  2.32   1
    18708  37.289478 -121.667261     6.160      -25.3       83.1     1260.1    103.1     99.2    198.7 1984  5 17  8 43  3.370  3.32   1
    18857  37.284269 -121.661784     5.878      460.4     -494.9      977.2    122.5    109.8    211.3 1984  5 19  4 20 31.710  0.74   1
    19686  37.290373 -121.669393     4.265     -214.3      182.4     -635.6    131.7    100.2    160.5 1984  5 29 23 53  6.840  0.99   1
    19720  37.289709 -121.665251     6.723      153.0      108.8     1822.4    123.9     96.2    233.7 1984  5 30 12 38 10.840  3.00   1
    19745  37.291325 -121.666374     7.040       53.4      288.1     2140.0    160.8    145.1    321.8 1984  5 30 17  5  4.160  0.80   1
    19776  37.287061 -121.665837     4.575      101.0     -185.2     -325.0    130.2     96.9    174.5 1984  5 31  1 43 34.410  1.22   1
    19860  37.289925 -121.666699     5.957       24.5      132.8     1057.1    110.0    109.9    198.3 1984  6  1  3 27 26.880  1.58   1
    19888  37.293913 -121.671777     6.109     -425.7      575.3     1208.8    112.9    116.3    253.1 1984  6  1  9  7  7.310  1.08   1
    19992  37.286820 -121.664811     5.950      192.0     -211.8     1049.5    117.2     94.3    209.5 1984  6  2 17 32  6.480  2.92   1
    20113  37.284314 -121.662549     5.702      392.6     -490.0      802.1    116.9     99.7    215.4 1984  6  4 16 23 29.800  1.15   1
    20328  37.292546 -121.667977     6.815      -88.8      423.6     1914.8    136.9    116.8    293.6 1984  6  5 23 51 14.920  0.93   1
    20622  37.287972 -121.667049     6.671       -6.5      -84.0     1770.8    161.5    127.2    279.7 1984  6 11  4 58 46.580  1.48   1
    20978  37.285571 -121.662842     6.235      366.6     -350.4     1334.9    115.0     84.8    213.4 1984  6 16  3 50 27.150  3.13   1
    21561  37.286995 -121.662972     6.601      355.0     -192.4     1701.0    123.8     95.1    241.6 1984  6 26  7 13 18.280  0.80   1
    21644  37.291516 -121.670825     3.699     -341.3      309.3    -1200.9    128.6     83.6    162.2 1984  6 27 14 50 38.140  1.59   1
    22144  37.285832 -121.665055     4.527      170.3     -321.5     -373.6    121.4     91.8    161.2 1984  7  5 12 49 57.720  1.28   1
    22165  37.288542 -121.667342     4.124      -32.5      -20.8     -776.1    133.4     94.1    134.1 1984  7  5 17  6 28.740  0.96   1
    22271  37.290771 -121.671248     3.971     -378.9      226.7     -929.6    129.5     73.0    151.3 1984  7  7  0 17  9.970  2.67   1
    22280  37.289535 -121.669604     3.472     -233.1       89.4    -1428.5    137.9    103.2    154.3 1984  7  7  2 35  4.060  1.53   1
    23190  37.289567 -121.669588     3.671     -231.6       93.0    -1229.5    132.8     85.3    138.1 1984  7 17 16 24 49.440  1.85   1
    23195  37.287598 -121.665853     5.997       99.6     -125.5     1096.7    123.1     88.1    210.1 1984  7 17 17 53  4.200  2.33   1
    24519  37.288737 -121.669499     3.710     -223.7        0.9    -1190.6    130.9     87.8    156.9 1984  7 30 14 16 49.060  2.31   1
    24674  37.289714 -121.666317     5.849       58.5      109.3      948.7    115.6    104.7    201.6 1984  8  1 12 29 16.890  1.64   1
    25096  37.290356 -121.670443     3.402     -307.4      180.6    -1498.8    133.0     94.0    167.9 1984  8  7  9  7  6.330  1.17   1
    25305  37.289868 -121.669377     4.126     -212.9      126.4     -774.1    127.7    106.8    179.3 1984  8 10  7  4  4.200  0.95   1
    25937  37.284045 -121.660807     6.213      547.0     -519.8     1312.6    119.9     96.4    231.9 1984  8 19 20 27 32.960  0.69   1
    26238  37.290503 -121.671639     3.711     -413.5      196.9    -1189.5    152.0    123.8    287.7 1984  8 25  0 19 18.360  0.72   1
    27421  37.285067 -121.662101     5.964      432.3     -406.4     1064.0    119.5    107.6    241.8 1984  9  6 16 33 41.640  1.41   1
    27683  37.285653 -121.663753     5.772      285.8     -341.4      871.7    123.9    104.1    219.2 1984  9 10 16 24 47.130  2.39   1
    27684  37.285262 -121.663826     4.245      279.3     -384.8     -654.8     99.8    113.0    240.5 1984  9 10 16 33 36.940  1.79   1
    27721  37.284615 -121.662679     6.162      381.0     -456.6     1261.8    115.8    103.0    242.9 1984  9 11  8 13 54.330  0.83   1
    27722  37.287972 -121.665690     5.723      114.0      -84.0      822.8    116.1     80.9    200.5 1984  9 11  9 29 23.690  1.78   1
    27724  37.289872 -121.664966     6.524      178.2      126.9     1623.7    143.4     89.6    255.8 1984  9 11 10 26  8.190  1.55   1
    28475  37.292452 -121.671346     3.471     -387.5      413.2    -1429.1    139.8    119.1    205.6 1984  9 23  8 43 14.720  1.07   1
    29752  37.285193 -121.666243     3.288       64.9     -392.4    -1612.7    163.9     92.8    191.3 1984 10 10  7 11 54.160  1.90   1
    29901  37.291138 -121.667318     5.525      -30.3      267.3      625.1    160.3    126.2    288.6 1984 10 12  7 13 23.200  1.21   1
    30009  37.291134 -121.668481     5.601     -133.5      266.9      701.1    107.9    108.9    206.4 1984 10 13 17 32 47.840  1.83   1
    30159  37.290100 -121.669743     4.156     -245.4      152.2     -744.4    141.5     98.5    203.6 1984 10 17 11 39  4.900  0.89   1
    30929  37.291443 -121.669059     5.864     -184.7      301.2      963.7    107.2    106.5    183.0 1984 10 30  2 49 48.600  1.41   1
    31031  37.286670 -121.664111     6.084      254.0     -228.5     1183.8    107.8     90.2    214.4 1984 10 31  3  5 11.660  2.89   1
    31037  37.286096 -121.662899     6.168      361.5     -292.2     1268.1    119.9    124.5    330.2 1984 10 31 15 28 48.300  0.79   1
    31068  37.284285 -121.661898     5.917      450.3     -493.1     1016.4    113.2    125.6    227.8 1984 11  1  5 22 45.950  0.79   1
    31844  37.285380 -121.665853     4.631       99.6     -371.7     -269.1    115.1     88.8    145.2 1984 11 13 11 59  9.360  1.31   1
    32049  37.289119 -121.669572     3.525     -230.2       43.4    -1375.2    132.9     91.1    140.2 1984 11 18  0 28 55.240  1.69   1
    32676  37.285380 -121.662842     6.246      366.6     -371.7     1346.1    113.5     90.4    218.3 1984 11 28 11 54 37.810  2.94   1
    35929  37.287419 -121.665397     5.792      140.0     -145.4      891.7    123.8     84.3    204.1 1984 12  1  8  9 13.540  1.74   1
    33786  37.286568 -121.665649     4.488      117.6     -239.8     -412.2    117.5     91.7    152.0 1984 12 10  7 45 41.770  1.43   1
    34527  37.290068 -121.667285     5.969      -27.4      148.6     1068.7    102.6     98.8    202.3 1984 12 15 10 28 17.680  1.61   1
    34841  37.284554 -121.661678     5.515      469.8     -463.3      614.6    118.6     97.0    228.8 1984 12 19  8 29 34.630  1.35   1
    35109  37.290755 -121.670768     3.692     -336.3      224.9    -1208.2    131.2     77.0    139.7 1984 12 22  4 43 44.710  1.60   1
    38148  37.286955 -121.667651     4.084      -59.9     -196.9     -816.4    125.7     79.6    152.3 1985  1 19 11 56 37.340  2.49   1
    39944  37.290898 -121.668636     5.691     -147.2      240.7      791.1    111.5    115.0    202.6 1985  2  5 11 42 49.820  2.05   1
    40913  37.289099 -121.665609     6.490      121.2       41.1     1589.6    113.5     75.9    233.1 1985  2 13 23 52 25.080  1.70   1
    41574  37.290125 -121.669572     4.155     -230.2      154.9     -745.2    134.4     83.0    160.3 1985  2 16 20 53  7.160  1.20   1
    42349  37.288700 -121.668058     3.690      -96.0       -3.2    -1209.8    139.8    106.5    175.5 1985  2 28  1  9 58.300  0.84   1
    42555  37.288761 -121.668856     3.756     -166.7        3.6    -1144.3    129.5     80.3    142.8 1985  3  2  6 53 56.010  1.74   1
    42559  37.289921 -121.669914     3.596     -260.5      132.3    -1304.0    133.3     85.2    138.0 1985  3  2  8 55  3.470  1.91   1
    42643  37.289107 -121.669198     3.591     -197.0       42.0    -1309.3    134.5     87.9    140.7 1985  3  2  8 55 29.590  2.08   1
    42560  37.289929 -121.670435     3.542     -306.7      133.2    -1358.1    131.1     92.7    146.8 1985  3  2  8 58  0.480  1.22   1
    43546  37.289111 -121.667049     6.430       -6.5       42.4     1529.9    116.3     83.0    231.4 1985  3 12  4  3 59.980  3.24   1
    43580  37.290011 -121.666789     5.775       16.6      142.3      874.9    113.9    105.3    188.1 1985  3 12  4  4 51.800  2.04   1
    44335  37.285490 -121.663883     5.929      274.2     -359.5     1028.8    116.1     90.1    210.7 1985  3 20  4 57 39.190  2.56   1
    44729  37.288981 -121.666016     5.169       85.2       28.0      268.8    152.0    195.5    321.7 1985  3 26 11 50 46.600  1.26   1
    45835  37.287472 -121.665023     6.385      173.2     -139.5     1484.3    116.5     96.1    226.4 1985  4 10 18 45 20.620  1.07   1
    46041  37.294678 -121.670540     6.203     -316.1      660.2     1302.8    121.2    112.6    248.9 1985  4 13 14  1 53.470  1.16   1
    47288  37.285124 -121.666227     2.844       66.4     -400.1    -2055.9    157.9    114.2    346.4 1985  5  5 16 50  5.800  0.94   1
    49151  37.285673 -121.666105     3.346       77.2     -339.1    -1554.3    168.9     99.1    202.1 1985  6  8  4 58 49.900  0.64   1
    49626  37.292094 -121.671151     3.610     -370.2      373.5    -1290.4    144.4    119.6    253.5 1985  6 15  1 38 57.380  0.94   1
    49633  37.286056 -121.665690     4.377      114.0     -296.7     -523.4    119.5     84.5    147.6 1985  6 16  5 24 54.700  1.29   1
    50591  37.287642 -121.666960     3.546        1.4     -120.6    -1353.8    135.1     89.5    149.8 1985  7  4  3  6  5.160  1.06   1
    51288  37.286991 -121.667839     3.387      -76.5     -192.8    -1513.1    161.7     93.9    193.1 1985  7 17 13 58 38.250  1.02   1
    51325  37.285917 -121.663127     5.610      341.3     -312.1      709.3    122.6     97.4    231.5 1985  7 17 23 39 58.840  1.89   1
    51378  37.284676 -121.661589     6.059      477.7     -449.8     1159.2    108.8    104.3    236.2 1985  7 18 23 42  1.800  0.97   1
    51398  37.290332 -121.669604     4.242     -233.1      177.9     -657.9    129.4     92.1    151.3 1985  7 19  9 58 16.960  0.97   1
    52580  37.290788 -121.665918     5.834       93.8      228.5      933.7    112.5    115.1    214.8 1985  8  9 11 45  2.020  1.60   1
    54084  37.289644 -121.670011     3.522     -269.2      101.6    -1377.9    133.7     89.2    145.5 1985  8 28 20 35 10.100  1.58   1
    57271  37.293770 -121.673454     3.609     -574.4      559.5    -1291.7    135.8    107.9    253.3 1985 10 19 16 33 20.030  1.38   1
    57273  37.293368 -121.673779     3.640     -603.3      514.8    -1260.7    134.4    108.7    236.9 1985 10 19 17 35 48.940  1.66   1
    57770  37.290401 -121.671639     3.289     -413.5      185.6    -1610.9    134.1     94.3    172.9 1985 10 28  3 55 38.130  1.31   1
    58027  37.291077 -121.668091     5.734      -98.9      260.6      833.4    113.1    118.7    212.3 1985 10 31 23 53 38.440  1.96   1
    58028  37.292021 -121.667879     5.566      -80.1      365.3      665.6    116.1    115.7    209.2 1985 10 31 23 55 40.960  1.46   1
    58676  37.290320 -121.666170     6.251       71.4      176.6     1350.7    112.4     83.7    236.9 1985 11  9 23 12 11.080  1.88   1
    59070  37.286743 -121.664600     5.802      210.7     -220.4      901.3    120.7     82.9    209.8 1985 11 14  9 21  5.080  0.97   1
    61248  37.284705 -121.662044     5.514      437.3     -446.6      613.5    118.0    106.6    228.7 1985 12 12  7 33 37.950  1.16   1
    61462  37.288554 -121.668237     4.157     -111.9      -19.4     -743.1    129.5     74.3    140.3 1985 12 14 18 25 45.080  1.09   1
    61809  37.290259 -121.669141     4.201     -192.0      169.8     -699.7    132.1    109.8    181.4 1985 12 19  0  2 10.460  0.97   1
    62142  37.290792 -121.668888     5.040     -169.6      229.0      139.8    133.6    111.5    202.8 1985 12 24 21 18 58.720  0.89   1
    62514  37.288875 -121.668742     3.707     -156.6       16.3    -1193.5    133.2     96.0    149.9 1985 12 31 15 50 52.230  1.74   1
    62520  37.289164 -121.669499     3.325     -223.7       48.3    -1575.7    138.1    100.0    184.7 1985 12 31 18  3  3.480  1.62   1
    65047  37.286739 -121.665755     4.624      108.2     -220.8     -276.3    119.5     91.4    146.2 1986  1 30  3 31 43.810  1.30   1
    65406  37.285083 -121.662655     6.167      383.2     -404.6     1266.6    106.3     96.9    233.4 1986  2  2  8 26 42.650  1.18   1
    66346  37.285547 -121.667424     3.207      -39.7     -353.1    -1693.7    153.8     88.3    180.9 1986  2 11 10 37 16.920  1.40   1
    66201  37.285828 -121.666984     3.090       -0.7     -322.0    -1809.8    165.2     97.6    206.4 1986  2 11 11 50  0.620  1.50   1
    67820  37.291113 -121.671680     3.601     -417.1      264.6    -1299.0    131.1     95.6    175.7 1986  3  8 10 32  4.410  1.63   1
    67803  37.285889 -121.664787     4.332      194.1     -315.2     -568.1    125.9     83.9    157.7 1986  3  9 18 55 22.760  1.42   1
    70356  37.285551 -121.663883     6.159      274.2     -352.7     1258.2    109.9     90.0    220.5 1986  4  4 10 16 40.970  3.19   1
    70373  37.287394 -121.665535     5.848      127.7     -148.1      948.2    117.9     79.7    194.3 1986  4  4 10 17 30.150  2.37   1
    70083  37.285038 -121.662362     6.203      409.2     -409.6     1302.5    121.5     93.4    226.7 1986  4 12  7 13 35.460  1.00   1
    70826  37.294157 -121.670793     5.927     -338.4      602.4     1026.9    118.5    112.1    197.3 1986  4 21  8 46 14.270  0.99   1
    73536  37.291187 -121.666683     5.839       26.0      272.8      938.5    111.7    114.3    207.8 1986  5 29  1 41 52.560  1.51   1
    73786  37.289022 -121.669800     3.236     -250.4       32.5    -1664.8    132.2     94.7    152.0 1986  6  1 10 51 31.460  1.21   1
    73850  37.289486 -121.666943     5.794        2.9       84.0      894.0    109.6     96.3    198.7 1986  6  2  5  8 18.340  1.52   1
    76654  37.285689 -121.663232     6.209      332.0     -337.3     1308.9    111.4     85.9    215.5 1986  7 16 20 59  3.320  2.98   1
    76560  37.284070 -121.663639     6.315      295.9     -517.1     1414.8    114.5    102.5    233.6 1986  7 17  4 26  2.170  0.83   1
    77218  37.289746 -121.670329     3.753     -297.3      112.9    -1147.1    128.2     68.6    148.5 1986  7 25  9 22 50.290  2.26   1
    77283  37.289441 -121.669149     3.461     -192.7       79.0    -1438.9    132.3     94.2    147.5 1986  7 25  9 23  5.480  2.35   1
    77296  37.291121 -121.670801     3.374     -339.2      265.5    -1526.5    157.5    125.3    234.0 1986  7 25 16  1 52.100  1.15   1
    81016  37.292000 -121.671655     3.580     -414.9      363.1    -1320.7    134.9    108.3    217.1 1986  9  2  7 22  7.550  0.52   1
    81017  37.291707 -121.671899     3.662     -436.6      330.6    -1238.7    132.0     99.3    209.5 1986  9  2  7 24 15.870  0.83   1
    81735  37.287882 -121.666056     5.722       81.5      -93.9      821.6    113.9     79.9    197.9 1986  9  8 23  4 33.440  1.55   1
    82606  37.290763 -121.671183     4.026     -373.1      225.8     -874.4    128.2     94.8    162.4 1986  9 15 20 17 49.920  2.67   1
    83579  37.290035 -121.667887     5.064      -80.8      145.0      163.5    120.9    103.1    193.5 1986  9 22 19 39 11.020  0.83   1
    83805  37.290812 -121.671012     3.634     -357.9      231.2    -1264.8    131.3     85.3    141.5 1986  9 25 12  1 52.830  1.36   1
    85194  37.287016 -121.667708     4.112      -64.9     -190.1     -788.5    119.7     88.9    171.4 1986 10  9  2  6 22.720  2.95   1
    85669  37.285677 -121.666919     3.096        5.1     -338.7    -1804.3    164.8     93.9    203.5 1986 10 14 15 13 49.290  1.43   1
    87103  37.288326 -121.667969     3.944      -88.0      -44.7     -956.0    130.2     95.1    148.9 1986 11  3  8 20 28.780  0.94   1
    87964  37.284521 -121.661963     5.784      444.5     -466.9      883.3    119.0     93.3    215.2 1986 11 14 11 55 11.210  0.96   1
    88698  37.291484 -121.670679     4.309     -328.3      305.7     -591.4    129.3    103.8    281.3 1986 11 25 13  0 35.660  1.01   1
    90036  37.289803 -121.669181     4.170     -195.6      119.2     -730.5    130.3     91.4    161.4 1986 12 12 17 46 44.360  0.64   1
    90485  37.290116 -121.669645     4.142     -236.7      154.0     -758.2    128.0     80.3    142.8 1986 12 18  2  5 30.480  1.09   1
    93248  37.289258 -121.670174     3.766     -283.6       58.7    -1134.4    162.2    121.5    244.7 1987  1 26 13 47 46.830  2.35   1
    95188  37.285120 -121.662329     6.181      412.1     -400.6     1281.2    116.0     92.2    223.9 1987  2 21  7 40 45.210  1.18   1
    95317  37.284977 -121.661808     6.701      458.2     -416.4     1800.5    124.6    107.0    231.8 1987  2 23 17  5  2.320  0.91   1
    97576  37.290328 -121.669499     4.897     -223.7      177.5       -3.6    129.3    104.6    175.5 1987  3 29 10  2  1.050  0.79   1
    98812  37.288342 -121.668750     4.072     -157.3      -42.9     -828.6    128.1     73.4    130.9 1987  4 17 16 13 47.300  1.18   1
   101361  37.289579 -121.669686     4.062     -240.3       94.4     -838.1    127.0     82.1    152.6 1987  6  3  6 56  7.740  1.92   1
   101362  37.288847 -121.669743     3.752     -245.4       13.1    -1148.3    129.3     75.1    150.7 1987  6  3  6 58 51.320  1.74   1
   101659  37.287557 -121.665641     5.946      118.3     -130.1     1045.8    112.0     82.3    211.1 1987  6  9  2  2 39.460  2.37   1
   102139  37.287402 -121.666618     3.474       31.8     -147.2    -1426.3    158.3     89.8    179.8 1987  6 20 16 35 35.960  0.82   1
   102776  37.291911 -121.671370     3.520     -389.7      353.1    -1380.2    150.0    114.1    233.6 1987  7  7  1 44 26.990  1.01   1
   103138  37.289372 -121.669425     3.582     -217.2       71.4    -1317.6    132.0     85.4    139.8 1987  7 14 19  2 57.020  1.72   1
   103702  37.290251 -121.667399     5.879      -37.5      168.9      978.3    103.9    101.5    177.9 1987  7 28  7  4 28.800  1.51   1
   103833  37.290889 -121.668644     6.037     -147.9      239.8     1136.3    108.1    103.2    201.3 1987  8  1  1 40 41.980  1.94   1
   105327  37.287484 -121.668148     3.836     -103.9     -138.2    -1064.7    125.8     77.5    143.2 1987  9  4 10 31 17.310  1.74   1
   105800  37.289128 -121.666374     5.838       53.4       44.3      937.3    115.6    109.6    209.0 1987  9 14 23  7 17.840  0.83   1
   106343  37.290133 -121.668962     4.797     -176.1      155.8     -103.5    126.6    107.3    153.2 1987  9 27  7 19 34.920  0.75   1
   106370  37.289229 -121.668538     4.524     -138.6       55.5     -376.0    118.5     99.8    177.6 1987  9 27  8 23 11.780  0.96   1
   106462  37.288322 -121.667342     4.183      -32.5      -45.2     -717.2    130.8     78.8    136.1 1987  9 29  4 47  3.550  0.92   1
   107299  37.285571 -121.663346     6.073      321.9     -350.4     1172.3    111.0     88.4    223.1 1987 10 17  9 43 42.990  1.55   1
   107927  37.289278 -121.666935     6.455        3.6       61.0     1554.2    112.0     78.8    229.9 1987 11  1 22 11 13.060  3.15   1
   107902  37.290271 -121.666862     5.906       10.1      171.2     1005.8    106.8    105.8    190.3 1987 11  1 22 13 47.560  1.56   1
   107906  37.288021 -121.665934     5.893       92.4      -78.6      992.5    114.7     80.5    193.8 1987 11  2  3  6 28.290  1.52   1
   108512  37.285514 -121.667082     3.319       -9.4     -356.8    -1581.1    163.8     95.2    193.3 1987 11 16 23 19  9.000  1.98   1
   109132  37.290027 -121.669401     4.468     -215.0      144.1     -431.9    132.1    105.3    178.6 1987 11 27  4  7 50.420  0.67   1
   110939  37.290641 -121.671444     3.257     -396.2      212.2    -1642.9    133.1    100.2    199.9 1988  1 15  1 56 42.310  1.39   1
   112178  37.286426 -121.662386     6.945      407.0     -255.6     2044.4    184.9    170.3    320.6 1988  2 10 20 13  1.200  0.94   1
   112230  37.285478 -121.665519     4.507      129.2     -360.8     -393.5    142.1    137.7    265.6 1988  2 13  4 54 35.870  1.36   1
   112868  37.291626 -121.671419     4.465     -394.0      321.5     -435.4    129.3    101.6    165.0 1988  2 25 10  0 17.780  0.92   1
   113569  37.291313 -121.666154     6.194       72.9      286.8     1293.4    107.2    100.7    210.4 1988  3  9  2  8 11.840  1.40   1
   114006  37.285811 -121.663916     6.038      271.3     -323.8     1137.6    107.2     89.0    220.9 1988  3 16 23 10  6.640  2.45   1
   115994  37.291121 -121.668400     6.061     -126.3      265.5     1160.6    106.4    103.9    197.6 1988  4 21  4 42 14.550  1.94   1
   115996  37.291532 -121.668783     5.935     -160.2      311.1     1034.5    109.5    111.0    201.8 1988  4 21  4 48 47.890  0.84   1
   116401  37.289144 -121.664526     6.342      217.2       46.1     1441.4    110.0     94.2    207.6 1988  4 29  7 29 57.200  1.68   1
   116406  37.289579 -121.665560     6.573      125.6       94.4     1672.8    128.7    144.7    203.2 1988  4 29  7 47 21.590  1.99   1
   117175  37.290039 -121.667358     5.919      -33.9      145.4     1019.1    104.0     99.1    182.6 1988  5 13 17 17 30.760  1.52   1
   119615  37.290011 -121.665454     6.615      134.9      142.3     1715.0    112.5     71.2    232.0 1988  6 27  4 18 37.320  2.52   1
   119610  37.289994 -121.666292     6.617       60.6      140.4     1716.9    113.4     76.2    232.3 1988  6 27  4 18 52.410  2.72   1
   119763  37.290226 -121.669222     4.023     -199.2      166.2     -875.9    144.0    106.1    194.1 1988  6 30 23 52 27.360  0.97   1
   119888  37.284953 -121.661930     6.427      447.4     -419.1     1527.0    114.2    103.2    243.5 1988  7  5  5  2 33.820  0.83   1
   120788  37.290601 -121.671061     3.788     -362.3      207.7    -1112.0    134.9     84.0    151.9 1988  7 23 10 42 21.740  1.53   1
   120974  37.290047 -121.668978     4.090     -177.5      146.3     -810.6    163.1    137.6    168.6 1988  7 26 18  9 59.220  0.80   1
   126189  37.289368 -121.670410     3.762     -304.5       70.9    -1138.6    128.5     68.0    150.1 1988 11  2  3  9 12.610  1.93   1
   126292  37.288997 -121.669377     3.748     -212.9       29.8    -1152.4    130.9     85.2    137.6 1988 11  3  1 30  4.280  1.71   1
   126389  37.288562 -121.669482     4.037     -222.3      -18.5     -863.3    126.4     73.7    151.2 1988 11  4 13 34 34.720  1.87   1
   126560  37.284920 -121.662321     5.758      412.8     -422.7      857.6    121.7     92.2    216.0 1988 11  7 17 51 17.980  1.24   1
   126901  37.285478 -121.666488     3.285       43.3     -360.8    -1615.4    163.8     93.4    192.0 1988 11 12 18 11 57.680  1.07   1
   129454  37.286678 -121.661792     6.866      459.7     -227.6     1965.4    129.5     92.5    207.1 1988 12 30 23 53 29.880  1.74   1
   129428  37.286348 -121.661922     7.076      448.1     -264.2     2175.9    119.9     93.7    210.2 1988 12 30 23 54 24.000  4.30   1
   129887  37.290051 -121.669515     4.186     -225.1      146.8     -714.7    132.6     81.0    159.7 1989  1 13 10  9  6.070  0.94   1
   131766  37.289119 -121.665007     6.634      174.6       43.4     1733.5    119.8     78.9    227.1 1989  2 22 14 10 28.230  1.79   1
   132424  37.287329 -121.667863     4.027      -78.7     -155.3     -872.9    129.5     80.2    137.2 1989  3  7 15  3 21.870  2.62   1
   132469  37.285229 -121.662337     6.108      411.3     -388.4     1208.2    119.8    102.4    230.7 1989  3  8 14 47  1.080  1.40   1
   132715  37.284892 -121.662484     6.219      398.4     -425.9     1319.2    109.6    102.0    234.9 1989  3 12  7 15 43.550  0.81   1
   139260  37.289917 -121.668555     4.205     -140.0      131.9     -694.8    127.6     88.6    155.6 1989  7  1  1 11 28.510  0.96   1
   140151  37.286837 -121.663127     6.693      341.3     -210.0     1792.3    119.0     88.3    218.9 1989  7 16 21 54  2.440  1.65   1
   140303  37.285897 -121.666781     3.329       17.3     -314.3    -1570.8    163.8     94.0    190.9 1989  7 19  8 51 59.540  1.28   1
   142196  37.288196 -121.667228     4.466      -22.4      -59.2     -434.3    117.9     95.0    155.9 1989  8 14  4  7  9.360  1.25   1
   144026  37.284774 -121.662337     6.049      411.3     -438.9     1148.8    122.4    108.7    243.7 1989  9 14 10 35 38.140  0.87   1
   144648  37.287528 -121.665332     5.867      145.8     -133.2      966.4    119.6     84.0    194.5 1989  9 26 17  2  0.820  0.92   1
   144843  37.291097 -121.668490     5.934     -134.2      262.8     1033.5    109.0    106.2    186.8 1989 10  1 18 21 45.920  1.78   1
   148939  37.288643 -121.668343     3.605     -121.2       -9.5    -1295.1    127.4     78.7    174.5 1989 12 13  5 33 46.080  1.60   1
   149804  37.293140 -121.672957     3.348     -530.4      489.5    -1552.5    134.4    106.5    230.3 1989 12 30  6 19 29.350  1.59   1
   150901  37.286723 -121.666064     4.562       80.8     -222.6     -337.8    114.3     88.7    147.5 1990  1 19  9 24  8.400  1.24   1
   151583  37.285482 -121.667277     3.161      -26.7     -360.4    -1738.9    165.9     97.0    202.6 1990  1 31  5  8 47.310  1.38   1
   153849  37.284578 -121.661873     5.757      452.5     -460.6      857.0    121.4    116.4    223.2 1990  3  6 23  9 12.960  0.83   1
   154124  37.287602 -121.664510     5.983      218.7     -125.1     1082.7    107.4     90.4    203.3 1990  3 11 11 52 34.830  2.34   1
   155780  37.285555 -121.666764     3.311       18.8     -352.2    -1589.0    162.8     92.0    190.3 1990  4 11  5 35 19.420  1.33   1
   157462  37.285775 -121.663778     6.048      283.6     -327.9     1147.5    107.2     89.9    219.7 1990  5 10 16 43 48.520  3.18   1
   157486  37.284729 -121.662069     5.780      435.2     -443.9      879.4    122.2     91.1    225.1 1990  5 11 22 59 22.960  0.97   1
   157494  37.289852 -121.669124     4.146     -190.5      124.6     -754.0    131.3     77.9    142.9 1990  5 12  2 57 13.600  0.81   1
   157758  37.290413 -121.667594     5.901      -54.8      187.0     1000.2    101.5    103.3    185.1 1990  5 16  4 10 37.430  1.59   1
   158154  37.291728 -121.671891     3.740     -435.9      332.8    -1160.3    132.3    103.7    218.7 1990  5 23 11 11 37.580  1.03   1
   158290  37.291984 -121.671623     3.692     -412.0      361.3    -1208.7    127.7     97.0    215.3 1990  5 23 16 30 36.550  0.82   1
 20091514  37.285498 -121.662581     6.541      389.7     -358.6     1640.9    119.1     91.8    206.1 1990  6 11  1 38 14.370  3.10   1
   159156  37.287598 -121.665153     6.057      161.6     -125.5     1156.4    119.2    120.9    243.3 1990  6 11  2 45 19.820  1.25   1
   160503  37.290031 -121.669580     3.828     -230.9      144.5    -1072.4    131.7     76.7    142.2 1990  7  5 20  4 42.800  1.71   1
   161358  37.290645 -121.669897     4.365     -259.1      212.7     -535.5    129.9    105.2    174.5 1990  7 20  5 51 45.700  0.96   1
 20092038  37.292061 -121.667171     6.958      -17.3      369.9     2057.6    119.6     81.5    221.0 1990  8 17  2 26 16.740  3.68   1
   163527  37.290889 -121.665739     6.397      109.7      239.8     1497.0    106.1    105.4    211.0 1990  9  1 17 25 25.320  0.96   1
   165437  37.290434 -121.667708     5.967      -64.9      189.2     1066.2    104.6    103.9    211.8 1990 10 17  6 15 15.710  1.80   1
   204801  37.290108 -121.668506     4.259     -135.7      153.1     -641.3    143.6    120.9    237.4 1991  1 15 17 29 20.200  0.94   1
   205031  37.290601 -121.670744     3.393     -334.1      207.7    -1507.0    132.9     96.7    161.2 1991  1 20  5  0 30.930  1.17   1
   205737  37.287313 -121.666089     3.451       78.7     -157.2    -1449.3    160.1     93.6    194.6 1991  2  2  5 39  6.910  0.83   1
   206508  37.287431 -121.666772     3.662       18.0     -144.1    -1236.9    136.9     81.4    148.4 1991  2 13 19 31  5.060  1.22   1
   207043  37.288733 -121.669401     3.423     -215.0        0.5    -1477.7    133.5     91.0    151.5 1991  2 22 15 51 34.750  2.28   1
   208364  37.291911 -121.671191     3.761     -373.8      353.1    -1138.9    133.4     87.7    146.5 1991  3 22 11 23 27.560  1.05   1
   208389  37.292102 -121.671672     3.743     -416.4      374.4    -1156.9    131.5     82.1    145.1 1991  3 22 11 34  4.350  0.81   1
   211885  37.285002 -121.662362     6.421      409.2     -413.7     1521.0    142.2    133.0    292.6 1991  5  4  6 30 12.620  0.94   1
   212119  37.285087 -121.661987     6.089      442.4     -404.2     1188.4    114.2    104.8    241.7 1991  5  9  0 14 24.910  1.22   1
   215747  37.288839 -121.670223     3.830     -287.9       12.2    -1069.9    128.5     75.9    143.7 1991  5 29  9 45 22.620  1.83   1
   220702  37.284526 -121.662028     5.746      438.8     -466.5      846.1    122.2    122.8    246.7 1991  6 22 16 36 38.560  1.21   1
   227435  37.290434 -121.669808     3.489     -251.1      189.2    -1411.1    134.1    105.0    164.5 1991  8 10 17  6  5.760  1.23   1
   227542  37.285177 -121.666561     3.364       36.8     -394.2    -1535.9    162.9     94.4    189.0 1991  8 12  9 56  3.630  1.43   1
   228484  37.288180 -121.665804     5.887      103.9      -61.0      986.9    122.0     94.7    201.9 1991  8 21 17  7 40.400  2.27   1
   229053  37.291215 -121.668669     5.842     -150.1      275.9      942.1    112.4    106.9    188.8 1991  8 28 14  4 22.080  2.05   1
   229871  37.290112 -121.668636     4.306     -147.2      153.5     -593.9    137.2    102.0    180.6 1991  9  6 16 39 27.620  0.93   1
   234881  37.285649 -121.666667     3.298       27.4     -341.9    -1602.3    162.5     92.4    190.2 1991 10 22 17  4 17.460  1.46   1
   238704  37.289998 -121.669222     3.700     -199.2      140.9    -1200.7    132.8     81.6    142.9 1991 12  3  5 24 24.980  2.01   1
   238790  37.289115 -121.669149     3.827     -192.7       42.9    -1073.7    129.8     75.4    146.2 1991 12  4  0  8 49.550  1.89   1
   238816  37.284835 -121.662052     6.325      436.6     -432.2     1425.0    116.9     97.6    225.4 1991 12  4 13 45 39.520  0.99   1
   241590  37.288424 -121.666056     5.894       81.5      -33.9      993.3    116.4     99.3    187.1 1991 12 23 12 33 19.250  1.22   1
   249781  37.290462 -121.666740     5.886       20.9      192.4      985.8    102.4    108.8    189.1 1992  2 10 12 31  5.020  1.61   1
   253921  37.285710 -121.666585     3.250       34.6     -335.1    -1650.8    161.2     91.3    192.2 1992  3  4 13 13  6.220  1.23   1
   261841  37.291728 -121.671639     3.456     -413.5      332.8    -1444.3    133.1    142.1    269.3 1992  4  6  9 39 49.410  0.92   1
   292015  37.286877 -121.667179     4.275      -18.0     -205.5     -625.7    113.7     90.4    168.5 1992  6  9 12 59 24.230  2.86   1
   303099  37.285714 -121.665340     4.800      145.1     -334.6     -100.0    117.6     94.6    151.0 1992  7  7  2 47 24.660  1.35   1
   304374  37.285567 -121.667171     3.296      -17.3     -350.9    -1604.5    172.7    101.7    197.0 1992  7 17  9 51 49.510  1.02   1
   312743  37.290324 -121.669491     3.528     -223.0      177.0    -1372.0    134.5     94.2    148.5 1992  8 29 17  4 29.020  1.64   1
   314921  37.288151 -121.668937     4.034     -173.9      -64.1     -866.2    130.2     83.7    139.3 1992  9 11  1 22 13.650  1.06   1
   322432  37.286918 -121.665975     4.456       88.8     -201.0     -444.7    113.1     92.4    153.8 1992 11  5 12 35  5.470  1.26   1
   327300  37.291919 -121.668856     6.067     -166.7      354.0     1166.8    104.8    107.8    199.7 1992 11 29  5  3  2.720  1.73   1
   330647  37.290377 -121.669507     4.192     -224.4      182.9     -708.6    132.5     77.8    151.6 1993  1  2 11 32 10.020  1.10   1
   331552  37.291951 -121.671769     3.757     -425.0      357.7    -1143.1    127.5     97.0    205.9 1993  1  9 17 48 38.720  1.01   1
   331635  37.291345 -121.670817     3.497     -340.6      290.4    -1403.5    134.3    113.1    189.7 1993  1 10 22 13  9.440  1.20   1
   339439  37.284945 -121.661759     5.940      462.6     -420.0     1039.5    123.6    114.7    249.1 1993  3  7  1 47 38.410  1.22   1
   339511  37.285238 -121.662964     6.075      355.8     -387.5     1174.9    113.3    103.2    239.0 1993  3  8  9 25 39.610  1.01   1
   352620  37.289054 -121.667904     3.700      -82.3       36.1    -1200.1    140.4     92.8    158.0 1993  6  8  9 15  1.380  0.83   1
 30036393  37.291732 -121.671134     4.171     -368.7      333.3     -729.0    132.8    104.8    196.3 1993 12  1  0 25 49.530  0.98   1
   389286  37.289160 -121.669401     3.596     -215.0       47.9    -1303.8    134.2     90.6    144.4 1993 12 20 22 35  7.800  1.77   1
   391772  37.290479 -121.669442     4.249     -218.7      194.2     -651.1    131.2     88.8    182.4 1994  1 19  7 46 39.590  0.96   1
   391983  37.290149 -121.669694     4.395     -241.0      157.6     -504.8    130.8    101.3    177.8 1994  1 20  7 20 41.680  0.90   1
   399980  37.290308 -121.670394     3.439     -303.1      175.2    -1461.0    132.7     90.1    147.9 1994  4  6  4 11 34.960  1.38   1
   400563  37.285510 -121.666935     3.291        3.6     -357.2    -1608.9    154.8     92.8    190.8 1994  4 16 13 10 52.340  2.00   1
   401879  37.290080 -121.666390     5.744       52.0      149.9      843.7    117.7    100.4    193.4 1994  5  8 23  4 53.240  1.61   1
 30049085  37.287895 -121.665592     5.829      122.7      -92.6      928.6    120.9     78.2    200.8 1994  5 13 11 15 14.850  1.56   1
 30051942  37.290894 -121.667944     5.400      -85.9      240.2      500.0    117.2    105.0    205.6 1994  6 30 14 25 51.030  1.83   1
 30051943  37.291663 -121.668400     5.723     -126.3      325.6      822.8    109.4    112.7    198.3 1994  6 30 14 29 15.060  1.38   1
 30054274  37.293514 -121.673104     3.477     -543.4      531.1    -1423.6    137.7    121.0    232.1 1994  8  4 17 19  8.160  1.37   1
 30057908  37.285547 -121.663924     6.040      270.6     -353.1     1139.7    109.3     88.3    221.4 1994  9 17 17 57  1.520  2.38   1
 30058785  37.285677 -121.664136     5.991      251.9     -338.7     1090.4    105.8     90.3    218.2 1994  9 25 23  4 28.000  2.36   1
 30062741  37.289901 -121.669987     3.534     -267.0      130.1    -1366.7    132.7     84.9    139.3 1994 11 16 16 50 58.150  2.01   1
 30062748  37.290145 -121.669718     3.623     -243.2      157.2    -1277.1    135.4     95.3    147.5 1994 11 16 18  3 42.360  1.27   1
 30069218  37.288375 -121.668164     4.028     -105.4      -39.3     -872.2    134.5     87.3    146.8 1995  3  3  9 38 49.200  1.20   1
 30069222  37.288855 -121.669572     3.946     -230.2       14.0     -954.5    128.3     76.1    139.5 1995  3  3 12 30 15.850  1.75   1
 30069457  37.289156 -121.669645     3.454     -236.7       47.4    -1446.3    134.5     94.5    142.0 1995  3  7 13 19 41.960  1.26   1
 30071053  37.285502 -121.662720     6.362      377.4     -358.1     1462.1    114.7     89.3    211.2 1995  4  5  7 55 21.350  2.80   1
 30072363  37.284741 -121.661914     5.868      448.9     -442.6      968.1    123.4    109.5    207.6 1995  4 26 17 54  9.660  1.14   1
 30073191  37.291947 -121.671883     3.656     -435.1      357.2    -1244.0    132.5    105.5    233.5 1995  5 14 11 18 47.000  1.02   1
 30074975  37.290625 -121.668823     4.413     -163.8      210.4     -487.5    128.7    104.2    168.2 1995  6 15 22 23  1.320  1.34   1
 30076454  37.290540 -121.670744     4.616     -334.1      201.0     -284.0    129.3    116.5    252.2 1995  7  4 11 20 49.790  2.65   1
 30077970  37.288045 -121.666007     5.797       85.9      -75.9      896.9    120.2    105.2    210.3 1995  7 24  8 37 43.620  1.26   1
 30090632  37.287004 -121.666919     4.133        5.1     -191.5     -766.8    112.0     94.6    177.7 1995 11 25 19 22  6.180  2.56   1
 30091051  37.287358 -121.665495     5.862      131.3     -152.2      962.1    118.3     89.6    191.0 1995 12  2  1 12 15.750  1.40   1
 30092060  37.289152 -121.670093     3.766     -276.4       47.0    -1134.5    129.5     79.5    141.4 1995 12 15 18 53 39.820  1.82   1
 30107700  37.293868 -121.672673     3.486     -505.1      570.4    -1414.0    134.4    108.3    233.5 1996  5 30 18 47 12.480  1.35   1
   478138  37.290055 -121.669312     3.690     -207.1      147.2    -1210.6    127.2     88.4    156.1 1996  9  2 20 27  0.360  1.99   1
   478141  37.291418 -121.669670     4.066     -238.9      298.5     -834.1    130.4     90.4    169.9 1996  9  2 20 36  3.960  1.38   1
   478159  37.288436 -121.668547     4.546     -139.3      -32.5     -353.9     97.4    107.8    270.7 1996  9  3  0  2  4.940  1.17   1
   482382  37.284977 -121.662061     5.782      435.9     -416.4      882.2    126.8     97.7    281.3 1996 10 19  4 32 38.790  1.30   1
   483500  37.287956 -121.666374     6.387       53.4      -85.8     1486.2    115.9     77.5    232.6 1996 11  2 12 22 52.340  2.29   1
   485145  37.284888 -121.666439     3.456       47.6     -426.3    -1444.0    161.5     92.8    184.2 1996 11 20 12 25 42.190  1.93   1
   502047  37.289827 -121.665658     6.578      116.9      121.9     1678.0    126.2     78.8    233.3 1997  4 20 17  8  1.560  1.79   1
   522670  37.286108 -121.663875     6.521      274.9     -290.8     1621.1    114.9     78.6    221.7 1997  9 26 19 58  2.480  3.09   1
   523141  37.289685 -121.667285     5.962      -27.4      106.1     1062.1    106.0    109.3    195.0 1997  9 29  3  7 46.980  1.55   1
   529274  37.288639 -121.669425     3.790     -217.2       -9.9    -1110.6    130.6     80.3    143.2 1997 10 28 12  1 44.750  1.61   1
