    16484  37.286174 -121.663517     5.991      306.7     -283.6     1090.8     20.7     16.1     35.5 1984  4 24 21 20 23.480  3.57   1
    16527  37.286064 -121.663688     5.784      291.5     -295.8      883.7     19.2     12.1     28.8 1984  4 24 21 23 39.960  3.54   1
    17496  37.291142 -121.666219     6.320       67.1      267.8     1419.8     24.4     20.7     42.6 1984  4 25  0  4 49.440  1.23   1
    16521  37.287341 -121.667562     3.676      -52.0     -154.0    -1224.4     11.9      8.9     25.9 1984  4 25  4 16 53.440  3.00   1
    17842  37.289046 -121.668441     3.699     -129.9       35.2    -1201.0     13.9     10.8     26.5 1984  4 25  4 35 19.170  1.90   1
    16635  37.294368 -121.670443     5.996     -307.4      625.9     1095.3     18.8     12.5     32.4 1984  4 25  7 22 22.290  1.40   1
    16576  37.287166 -121.663428     6.155      314.6     -173.4     1255.0     18.7     13.1     36.1 1984  4 25 14  6 57.560  1.62   1
    17929  37.289518 -121.666414     5.612       49.8       87.6      711.9     18.4     12.8     36.1 1984  4 25 22 14 23.140  1.80   1
    16659  37.289722 -121.665332     6.421      145.8      110.2     1521.2     20.5     13.4     37.5 1984  4 26  8 54 51.420  1.52   1
    16701  37.291646 -121.666219     6.230       67.1      323.8     1329.9     22.6     17.3     39.7 1984  4 26 17 22 44.280  1.57   1
    18075  37.288839 -121.668164     4.092     -105.4       12.2     -807.8     16.2     14.9     28.3 1984  4 26 20 11 12.520  1.17   1
    16751  37.291695 -121.671663     3.616     -415.7      329.2    -1284.6     21.5     13.0     37.4 1984  4 27  7 48 23.500  0.97   1
    16766  37.287777 -121.666007     5.664       85.9     -105.7      763.9     18.0      9.7     34.9 1984  4 27 11  8  9.220  1.31   1
    16802  37.286943 -121.663477     6.206      310.3     -198.2     1305.4     20.0     14.6     38.7 1984  4 27 19  3 15.040  1.31   1
    16821  37.284770 -121.662451     5.882      401.2     -439.4      981.5     18.1     12.9     28.3 1984  4 28  0  4 31.210  0.83   1
    16827  37.284505 -121.661719     5.782      466.2     -468.8      881.5     19.1     13.9     34.0 1984  4 28  1 43 47.850  1.21   1
    16838  37.293921 -121.670101     5.855     -277.1      576.2      954.8     18.2     11.7     34.2 1984  4 28  3 54 12.200  1.39   1
    16841  37.285897 -121.665625     4.524      119.8     -314.3     -376.0     13.7     10.8     30.0 1984  4 28  4 43 26.310  1.47   1
    19159  37.290348 -121.665788     6.294      105.4      179.7     1394.1     19.4     13.2     34.1 1984  4 28 16 12 43.750  2.09   1
    16885  37.289054 -121.664909     6.411      183.3       36.1     1510.4     18.8     12.5     34.4 1984  4 28 18 53 49.960  2.18   1
    16911  37.288534 -121.665511     5.544      129.9      -21.7      643.3     21.7     16.4     38.9 1984  4 29  2 29 16.340  1.27   1
    17074  37.289799 -121.664941     6.437      180.4      118.8     1536.9     20.0     14.7     38.2 1984  4 30 14 46  1.740  1.59   1
    17272  37.289758 -121.666512     5.692       41.1      114.3      791.3     18.4     11.2     34.4 1984  5  2  7 34 17.770  1.65   1
    17294  37.293176 -121.672965     3.865     -531.1      493.6    -1035.2     15.7     14.0     35.6 1984  5  2 14 32 55.730  1.70   1
    17356  37.285531 -121.666227     3.304       66.4     -355.0    -1596.3     18.6     17.2     36.8 1984  5  2 22 58 42.360  1.77   1
    17669  37.287170 -121.663664     6.185      293.7     -173.0     1284.7     19.4     17.0     32.8 1984  5  3 23 10 52.920  1.04   1
    17723  37.285758 -121.663330     5.929      323.3     -329.7     1028.3     17.6     12.6     29.3 1984  5  4 18 42 58.080  3.05   1
    17526  37.288155 -121.665666     5.637      116.2      -63.7      736.9     19.1     11.2     35.7 1984  5  5  3 31 54.930  2.45   1
    17779  37.285600 -121.663420     5.661      315.4     -347.3      760.6     17.9     13.0     29.8 1984  5  7 14 27 20.420  2.85   1
    17794  37.284757 -121.662362     5.624      409.2     -440.8      723.9     18.2     14.2     33.0 1984  5  7 16 34 13.860  1.30   1
    17834  37.294340 -121.670247     5.944     -290.1      622.7     1043.4     18.6     14.4     32.4 1984  5  8  6 55  3.840  1.17   1
    18466  37.285050 -121.662435     5.811      402.7     -408.2      910.6     17.8     13.2     30.4 1984  5 15  1 42 21.350  1.18   1
    18608  37.291459 -121.666634     6.345       30.3      303.0     1444.4     18.0     11.4     31.7 1984  5 16 17  9 28.700  2.32   1
    18708  37.289209 -121.666626     5.665       31.0       53.3      765.6     17.8     10.5     32.8 1984  5 17  8 43  3.370  3.32   1
    18857  37.284489 -121.662052     5.738      436.6     -470.6      838.1     18.9     15.2     31.4 1984  5 19  4 20 31.710  0.74   1
    19686  37.290255 -121.669393     4.277     -214.3      169.3     -623.7     14.0     12.3     26.8 1984  5 29 23 53  6.840  0.99   1
    19720  37.289941 -121.665755     6.404      108.2      134.6     1503.6     17.6     12.4     34.8 1984  5 30 12 38 10.840  3.00   1
    19745  37.291170 -121.666333     6.687       57.0      271.0     1786.6     22.0     15.2     43.1 1984  5 30 17  5  4.160  0.80   1
    19776  37.286971 -121.665999     4.539       86.6     -195.1     -361.0     16.2     13.9     35.3 1984  5 31  1 43 34.410  1.22   1
    19860  37.289636 -121.666984     5.635       -0.7      100.7      734.8     17.7     10.5     34.2 1984  6  1  3 27 26.880  1.58   1
    19888  37.294393 -121.670549     5.980     -316.8      628.6     1079.5     19.5     14.7     34.0 1984  6  1  9  7  7.310  1.08   1
    19992  37.287113 -121.664901     5.707      184.0     -179.3      807.1     17.4     13.6     29.9 1984  6  2 17 32  6.480  2.92   1
    20113  37.284534 -121.662630     5.534      385.4     -465.6      634.0     17.8     13.7     32.4 1984  6  4 16 23 29.800  1.15   1
    20328  37.292456 -121.667912     6.609      -83.0      413.7     1708.3     18.8     13.4     45.1 1984  6  5 23 51 14.920  0.93   1
    20622  37.287199 -121.665023     5.522      173.2     -169.8      622.0     21.7     16.6     38.9 1984  6 11  4 58 46.580  1.48   1
    20978  37.285811 -121.663062     5.996      347.1     -323.8     1095.7     18.1     13.5     31.3 1984  6 16  3 50 27.150  3.13   1
    21561  37.287354 -121.663786     6.639      282.9     -152.6     1738.5     20.8     18.8     54.1 1984  6 26  7 13 18.280  0.80   1
    21644  37.290698 -121.670662     3.847     -326.9      218.6    -1053.0     12.7     12.3     26.5 1984  6 27 14 50 38.140  1.59   1
    22144  37.285775 -121.664950     4.484      179.7     -327.9     -416.6     14.5     10.8     29.8 1984  7  5 12 49 57.720  1.28   1
    22165  37.288623 -121.667684     4.140      -62.8      -11.7     -760.3     14.7     13.3     23.8 1984  7  5 17  6 28.740  0.96   1
    22271  37.290955 -121.671053     3.789     -361.5      247.0    -1111.5     13.7      8.6     27.9 1984  7  7  0 17  9.970  2.67   1
    22280  37.289303 -121.669312     3.646     -207.1       63.7    -1254.6     15.0     11.8     29.8 1984  7  7  2 35  4.060  1.53   1
    23190  37.289510 -121.669604     3.784     -233.1       86.7    -1116.0     13.1     10.6     26.8 1984  7 17 16 24 49.440  1.85   1
    23195  37.287720 -121.665706     5.671      112.6     -112.0      770.9     18.6     12.9     35.1 1984  7 17 17 53  4.200  2.33   1
    24519  37.289148 -121.669792     3.511     -249.7       46.5    -1389.5     12.4     10.5     27.0 1984  7 30 14 16 49.060  2.31   1
    24674  37.289746 -121.667000     5.793       -2.2      112.9      892.8     18.6     10.7     33.3 1984  8  1 12 29 16.890  1.64   1
    25096  37.290393 -121.670028     3.501     -270.6      184.7    -1399.3     13.8     12.4     30.3 1984  8  7  9  7  6.330  1.17   1
    25305  37.289844 -121.669116     4.124     -189.8      123.7     -776.2     15.0     12.2     30.5 1984  8 10  7  4  4.200  0.95   1
    25937  37.285083 -121.662402     6.290      405.6     -404.6     1389.6     20.2     15.4     37.9 1984  8 19 20 27 32.960  0.69   1
    26238  37.290125 -121.669865     4.011     -256.2      154.9     -889.1     16.0     14.5     29.4 1984  8 25  0 19 18.360  0.72   1
    27421  37.285136 -121.662598     5.888      388.2     -398.8      987.3     17.4     12.7     29.0 1984  9  6 16 33 41.640  1.41   1
    27683  37.285799 -121.663924     5.654      270.6     -325.1      753.7     19.1     15.1     32.0 1984  9 10 16 24 47.130  2.39   1
    27684  37.285783 -121.663558     5.356      303.1     -327.0      455.3     20.9     17.9     52.2 1984  9 10 16 33 36.940  1.79   1
    27721  37.284806 -121.662760     5.952      373.8     -435.3     1051.5     17.5     14.2     28.9 1984  9 11  8 13 54.330  0.83   1
    27722  37.288147 -121.665918     5.678       93.8      -64.6      778.1     18.9     12.0     35.2 1984  9 11  9 29 23.690  1.78   1
    27724  37.289762 -121.665682     6.472      114.7      114.7     1571.8     18.9     12.9     37.6 1984  9 11 10 26  8.190  1.55   1
    28475  37.291642 -121.670793     3.536     -338.4      323.3    -1364.4     16.4     13.9     33.6 1984  9 23  8 43 14.720  1.07   1
    29752  37.285592 -121.666488     3.310       43.3     -348.2    -1590.3     17.9     16.6     36.3 1984 10 10  7 11 54.160  1.90   1
    29901  37.291357 -121.667375     6.508      -35.4      291.7     1607.2     18.2     14.2     39.2 1984 10 12  7 13 23.200  1.21   1
    30009  37.290633 -121.667782     5.699      -71.4      211.3      799.2     17.6     10.2     34.1 1984 10 13 17 32 47.840  1.83   1
    30159  37.289884 -121.669198     4.243     -197.0      128.3     -657.5     13.8      9.9     25.1 1984 10 17 11 39  4.900  0.89   1
    30929  37.291195 -121.668823     5.697     -163.8      273.7      796.5     18.4     11.8     34.0 1984 10 30  2 49 48.600  1.41   1
    31031  37.287016 -121.664640     5.777      207.1     -190.1      876.9     19.0     13.0     30.4 1984 10 31  3  5 11.660  2.89   1
    31037  37.285409 -121.662345     5.924      410.6     -368.5     1023.6     17.8     17.3     36.3 1984 10 31 15 28 48.300  0.79   1
    31068  37.284314 -121.661979     5.735      443.1     -490.0      834.5     18.6     19.6     35.8 1984 11  1  5 22 45.950  0.79   1
    31844  37.285856 -121.665308     4.537      147.9     -318.8     -363.4     13.1     10.6     29.7 1984 11 13 11 59  9.360  1.31   1
    32049  37.288778 -121.669084     3.696     -186.9        5.4    -1204.5     13.3     10.3     26.9 1984 11 18  0 28 55.240  1.69   1
    32676  37.285921 -121.663232     5.975      332.0     -311.6     1074.7     17.9     14.4     32.3 1984 11 28 11 54 37.810  2.94   1
    35929  37.287524 -121.665479     5.649      132.8     -133.7      748.5     18.2      9.5     35.7 1984 12  1  8  9 13.540  1.74   1
    33786  37.286711 -121.665837     4.465      101.0     -224.0     -435.6     13.9     10.5     30.2 1984 12 10  7 45 41.770  1.43   1
    34527  37.289860 -121.667122     5.775      -13.0      125.5      874.6     18.1     11.0     31.9 1984 12 15 10 28 17.680  1.61   1
    34841  37.284725 -121.662199     5.560      423.6     -444.4      660.0     18.0     13.6     32.1 1984 12 19  8 29 34.630  1.35   1
    35109  37.290649 -121.670516     3.764     -313.9      213.2    -1136.5     12.6     11.0     26.8 1984 12 22  4 43 44.710  1.60   1
    38148  37.287410 -121.667961     3.812      -87.3     -146.3    -1088.7     14.5     10.9     31.1 1985  1 19 11 56 37.340  2.49   1
    39944  37.290442 -121.667806     5.745      -73.6      190.1      844.3     18.7     12.5     34.5 1985  2  5 11 42 49.820  2.05   1
    40913  37.288810 -121.665007     6.408      174.6        9.0     1508.2     18.6     11.4     35.4 1985  2 13 23 52 25.080  1.70   1
    41574  37.289974 -121.669010     4.241     -180.4      138.2     -659.7     13.3     12.4     26.7 1985  2 16 20 53  7.160  1.20   1
    42349  37.288302 -121.667057     3.918       -7.2      -47.4     -981.9     19.0     21.0     39.7 1985  2 28  1  9 58.300  0.84   1
    42555  37.288802 -121.668823     3.773     -163.8        8.1    -1126.9     12.8      9.1     25.8 1985  3  2  6 53 56.010  1.74   1
    42559  37.289648 -121.669596     3.716     -232.4      102.1    -1184.4     13.4     10.9     27.4 1985  3  2  8 55  3.470  1.91   1
    42643  37.288997 -121.669100     3.701     -188.3       29.8    -1199.5     13.2     10.2     26.0 1985  3  2  8 55 29.590  2.08   1
    42560  37.289889 -121.670337     3.712     -298.0      128.7    -1188.4     12.6     11.7     28.2 1985  3  2  8 58  0.480  1.22   1
    43546  37.289685 -121.667480     5.957      -44.7      106.1     1056.2     19.6     12.9     40.9 1985  3 12  4  3 59.980  3.24   1
    43580  37.289872 -121.666781     5.649       17.3      126.9      748.3     19.0     13.2     31.5 1985  3 12  4  4 51.800  2.04   1
    44335  37.285783 -121.663949     5.707      268.5     -327.0      806.6     17.4     12.3     30.1 1985  3 20  4 57 39.190  2.56   1
    44729  37.286955 -121.665308     5.689      147.9     -196.9      788.7     18.7     11.2     35.2 1985  3 26 11 50 46.600  1.26   1
    45835  37.287626 -121.665202     5.904      157.3     -122.4     1003.6     19.9     14.1     31.6 1985  4 10 18 45 20.620  1.07   1
    46041  37.294470 -121.670467     5.982     -309.6      637.2     1081.4     19.2     15.0     31.0 1985  4 13 14  1 53.470  1.16   1
    47288  37.285380 -121.666138     2.825       74.3     -371.7    -2074.8     21.9     23.6     59.3 1985  5  5 16 50  5.800  0.94   1
    49151  37.285982 -121.666357     3.352       54.8     -304.8    -1548.2     19.0     17.1     36.3 1985  6  8  4 58 49.900  0.64   1
    49626  37.291329 -121.670939     3.817     -351.4      288.6    -1083.2     15.9     12.8     35.5 1985  6 15  1 38 57.380  0.94   1
    49633  37.285876 -121.665535     4.448      127.7     -316.6     -452.6     13.1     11.0     29.5 1985  6 16  5 24 54.700  1.29   1
    50591  37.287557 -121.666797     3.676       15.9     -130.1    -1224.5     15.9     11.5     28.3 1985  7  4  3  6  5.160  1.06   1
    51288  37.286410 -121.667350     3.423      -33.2     -257.4    -1477.7     18.2     17.1     35.3 1985  7 17 13 58 38.250  1.02   1
    51325  37.285376 -121.662646     5.721      383.9     -372.1      821.1     18.8     15.9     35.1 1985  7 17 23 39 58.840  1.89   1
    51378  37.284981 -121.661857     5.909      453.9     -415.9     1008.3     17.9     13.1     29.1 1985  7 18 23 42  1.800  0.97   1
    51398  37.290125 -121.669434     4.244     -217.9      154.9     -655.9     14.6     12.4     27.2 1985  7 19  9 58 16.960  0.97   1
    52580  37.289762 -121.666951     5.734        2.2      114.7      833.9     17.9     11.0     34.0 1985  8  9 11 45  2.020  1.60   1
    54084  37.289441 -121.669930     3.674     -262.0       79.0    -1226.6     13.7     10.1     26.5 1985  8 28 20 35 10.100  1.58   1
    57271  37.293376 -121.673299     3.841     -560.7      515.7    -1059.2     15.0     13.8     35.1 1985 10 19 16 33 20.030  1.38   1
    57273  37.293140 -121.673429     3.788     -572.2      489.5    -1112.5     15.7     12.5     35.5 1985 10 19 17 35 48.940  1.66   1
    57770  37.290267 -121.670760     3.486     -335.6      170.7    -1414.0     15.2     13.9     29.7 1985 10 28  3 55 38.130  1.31   1
    58027  37.290828 -121.667887     5.776      -80.8      233.0      876.2     18.7     11.6     34.2 1985 10 31 23 53 38.440  1.96   1
    58028  37.291878 -121.668831     5.688     -164.5      349.5      787.3     18.9     11.6     35.3 1985 10 31 23 55 40.960  1.46   1
    58676  37.290059 -121.665845     6.389      100.3      147.7     1488.5     19.6     14.6     37.0 1985 11  9 23 12 11.080  1.88   1
    59070  37.286955 -121.664795     5.709      193.4     -196.9      809.2     18.0     10.5     34.9 1985 11 14  9 21  5.080  0.97   1
    61248  37.284814 -121.662866     5.554      364.4     -434.4      654.1     19.0     14.8     33.7 1985 12 12  7 33 37.950  1.16   1
    61462  37.288452 -121.667863     4.209      -78.7      -30.7     -691.0     13.0      9.7     27.3 1985 12 14 18 25 45.080  1.09   1
    61809  37.290234 -121.669287     4.221     -204.9      167.1     -679.0     14.3     11.7     27.5 1985 12 19  0  2 10.460  0.97   1
    62142  37.290560 -121.668937     4.841     -173.9      203.2      -59.4     13.9     13.6     30.8 1985 12 24 21 18 58.720  0.89   1
    62514  37.288782 -121.668872     3.761     -168.1        5.9    -1139.5     14.1     11.6     27.6 1985 12 31 15 50 52.230  1.74   1
    62520  37.288798 -121.668978     3.737     -177.5        7.7    -1163.0     14.1     12.3     27.9 1985 12 31 18  3  3.480  1.62   1
    65047  37.286796 -121.665975     4.552       88.8     -214.5     -348.2     14.0     10.9     30.2 1986  1 30  3 31 43.810  1.30   1
    65406  37.284993 -121.662638     5.933      384.6     -414.6     1032.9     17.7     13.4     29.9 1986  2  2  8 26 42.650  1.18   1
    66346  37.285421 -121.666585     3.421       34.6     -367.1    -1478.9     16.3     15.1     32.3 1986  2 11 10 37 16.920  1.40   1
    66201  37.285738 -121.666724     3.338       22.4     -331.9    -1562.7     18.2     17.0     36.4 1986  2 11 11 50  0.620  1.50   1
    67820  37.290755 -121.671330     3.801     -386.1      224.9    -1099.0     14.4     12.4     29.8 1986  3  8 10 32  4.410  1.63   1
    67803  37.285844 -121.665462     4.441      134.2     -320.2     -459.1     12.7     10.1     27.6 1986  3  9 18 55 22.760  1.42   1
    70356  37.285868 -121.664233     5.836      243.2     -317.5      935.6     17.9     14.3     32.5 1986  4  4 10 16 40.970  3.19   1
    70373  37.287512 -121.665552     5.697      126.3     -135.0      797.1     18.4      9.7     34.6 1986  4  4 10 17 30.150  2.37   1
    70083  37.285079 -121.662638     5.961      384.6     -405.1     1061.0     19.4     15.3     30.3 1986  4 12  7 13 35.460  1.00   1
    70826  37.293913 -121.670549     5.759     -316.8      575.3      858.7     20.3     14.4     34.9 1986  4 21  8 46 14.270  0.99   1
    73536  37.290613 -121.667700     5.767      -64.2      209.1      866.3     18.3     10.8     33.5 1986  5 29  1 41 52.560  1.51   1
    73786  37.288916 -121.669564     3.384     -229.5       20.8    -1516.4     14.2     10.5     26.7 1986  6  1 10 51 31.460  1.21   1
    73850  37.289754 -121.666960     5.733        1.4      113.8      832.3     18.3     10.6     33.6 1986  6  2  5  8 18.340  1.52   1
    76654  37.285734 -121.663289     5.989      326.9     -332.4     1089.1     17.7     13.7     31.2 1986  7 16 20 59  3.320  2.98   1
    76560  37.284188 -121.663460     6.165      311.8     -504.0     1264.7     20.3     16.5     36.4 1986  7 17  4 26  2.170  0.83   1
    77218  37.289498 -121.669824     3.835     -252.6       85.4    -1065.0     13.1      9.8     26.4 1986  7 25  9 22 50.290  2.26   1
    77283  37.289266 -121.669035     3.644     -182.6       59.6    -1256.4     14.2     10.7     30.4 1986  7 25  9 23  5.480  2.35   1
    77296  37.290088 -121.670076     3.675     -274.9      150.8    -1225.3     15.3     11.8     34.5 1986  7 25 16  1 52.100  1.15   1
    81016  37.291638 -121.671305     3.815     -383.9      322.9    -1084.9     14.4     11.7     32.8 1986  9  2  7 22  7.550  0.52   1
    81017  37.291455 -121.671379     3.800     -390.4      302.6    -1100.1     14.1     11.1     31.5 1986  9  2  7 24 15.870  0.83   1
    81735  37.287919 -121.665617     5.668      120.5      -89.9      767.4     18.4     10.4     34.7 1986  9  8 23  4 33.440  1.55   1
    82606  37.291239 -121.671257     3.812     -379.6      278.6    -1088.4     13.7     10.3     29.4 1986  9 15 20 17 49.920  2.67   1
    83579  37.290247 -121.668848     4.832     -166.0      168.4      -68.5     13.3     11.7     32.0 1986  9 22 19 39 11.020  0.83   1
    83805  37.290682 -121.670801     3.733     -339.2      216.8    -1166.2     13.0     11.9     27.3 1986  9 25 12  1 52.830  1.36   1
    85194  37.287557 -121.668026     3.812      -93.1     -130.1    -1088.2     14.1     11.5     32.5 1986 10  9  2  6 22.720  2.95   1
    85669  37.285441 -121.666797     3.346       15.9     -364.9    -1554.0     18.7     16.8     36.2 1986 10 14 15 13 49.290  1.43   1
    87103  37.287903 -121.667440     4.088      -41.1      -91.7     -812.7     12.3      9.7     22.2 1986 11  3  8 20 28.780  0.94   1
    87964  37.284481 -121.662313     5.628      413.5     -471.5      728.0     18.0     13.5     31.0 1986 11 14 11 55 11.210  0.96   1
    88698  37.291565 -121.670369     4.329     -300.9      314.8     -571.5     13.4     11.4     28.1 1986 11 25 13  0 35.660  1.01   1
    90036  37.289819 -121.668726     4.008     -155.1      121.0     -892.1     14.8      9.7     25.7 1986 12 12 17 46 44.360  0.64   1
    90485  37.289893 -121.669417     4.218     -216.5      129.2     -681.8     14.2      9.4     26.3 1986 12 18  2  5 30.480  1.09   1
    93248  37.289278 -121.670133     3.455     -280.0       61.0    -1445.5     22.1     14.7     38.6 1987  1 26 13 47 46.830  2.35   1
    95188  37.285201 -121.662590     6.015      389.0     -391.5     1114.3     18.2     14.4     39.4 1987  2 21  7 40 45.210  1.18   1
    95317  37.285579 -121.662231     6.714      420.7     -349.5     1813.3     20.3     18.9     43.9 1987  2 23 17  5  2.320  0.91   1
    97576  37.290430 -121.669141     4.827     -192.0      188.8      -73.3     14.5     12.1     29.1 1987  3 29 10  2  1.050  0.79   1
    98812  37.288033 -121.667611     4.155      -56.3      -77.2     -745.1     13.1      9.4     23.9 1987  4 17 16 13 47.300  1.18   1
   101361  37.289722 -121.669539     3.895     -227.3      110.2    -1005.5     13.5      8.8     26.6 1987  6  3  6 56  7.740  1.92   1
   101362  37.288916 -121.669491     3.755     -223.0       20.8    -1144.9     13.0      8.9     25.6 1987  6  3  6 58 51.320  1.74   1
   101659  37.287785 -121.665601     5.720      122.0     -104.8      819.4     19.5     12.7     31.0 1987  6  9  2  2 39.460  2.37   1
   102139  37.287349 -121.666659     3.616       28.1     -153.1    -1284.0     21.5     16.4     36.7 1987  6 20 16 35 35.960  0.82   1
   102776  37.291569 -121.670955     3.760     -352.9      315.2    -1140.1     16.1     13.2     36.6 1987  7  7  1 44 26.990  1.01   1
   103138  37.289408 -121.669360     3.727     -211.4       75.4    -1172.4     13.4      9.3     26.3 1987  7 14 19  2 57.020  1.72   1
   103702  37.290047 -121.667334     5.770      -31.8      146.3      869.4     17.7     10.8     32.1 1987  7 28  7  4 28.800  1.51   1
   103833  37.290710 -121.668123     5.793     -101.7      219.9      893.0     18.0     10.9     32.1 1987  8  1  1 40 41.980  1.94   1
   105327  37.287569 -121.668164     3.737     -105.4     -128.7    -1163.0     13.1      9.6     28.0 1987  9  4 10 31 17.310  1.74   1
   105800  37.289376 -121.666349     5.827       55.6       71.8      926.5     18.7     11.0     32.9 1987  9 14 23  7 17.840  0.83   1
   106343  37.290230 -121.668823     4.701     -163.8      166.6     -199.1     14.0     11.3     26.2 1987  9 27  7 19 34.920  0.75   1
   106370  37.289998 -121.669287     4.589     -204.9      140.9     -311.7     14.4     11.7     30.0 1987  9 27  8 23 11.780  0.96   1
   106462  37.288249 -121.667212     4.181      -20.9      -53.3     -719.2     12.2      9.1     25.8 1987  9 29  4 47  3.550  0.92   1
   107299  37.285522 -121.663175     6.034      337.0     -355.9     1133.8     17.8     14.3     33.6 1987 10 17  9 43 42.990  1.55   1
   107927  37.289685 -121.667521     6.040      -48.3      106.1     1140.0     19.0     12.7     39.9 1987 11  1 22 11 13.060  3.15   1
   107902  37.290141 -121.666821     5.797       13.7      156.7      897.1     17.9     11.2     32.7 1987 11  1 22 13 47.560  1.56   1
   107906  37.288155 -121.666040     5.763       83.0      -63.7      863.2     18.7     10.8     34.0 1987 11  2  3  6 28.290  1.52   1
   108512  37.285604 -121.666699     3.338       24.5     -346.8    -1562.2     17.9     16.8     36.0 1987 11 16 23 19  9.000  1.98   1
   109132  37.290198 -121.669238     4.459     -200.6      163.0     -441.6     14.2     13.4     27.2 1987 11 27  4  7 50.420  0.67   1
   110939  37.290413 -121.670695     3.466     -329.8      187.0    -1434.3     14.9     13.6     30.8 1988  1 15  1 56 42.310  1.39   1
   112178  37.286458 -121.662687     6.714      380.3     -252.0     1813.4     26.2     20.0     44.1 1988  2 10 20 13  1.200  0.94   1
   112230  37.285832 -121.664974     4.678      177.5     -321.5     -222.4     20.6     18.0     45.8 1988  2 13  4 54 35.870  1.36   1
   112868  37.291740 -121.671094     4.420     -365.1      334.2     -479.9     12.6     10.8     27.6 1988  2 25 10  0 17.780  0.92   1
   113569  37.291260 -121.667228     6.277      -22.4      280.9     1377.2     18.3     13.0     34.9 1988  3  9  2  8 11.840  1.40   1
   114006  37.285856 -121.663623     5.816      297.3     -318.8      916.2     17.6     13.6     31.1 1988  3 16 23 10  6.640  2.45   1
   115994  37.290910 -121.668140     5.761     -103.2      242.1      861.1     18.0     10.8     32.3 1988  4 21  4 42 14.550  1.94   1
   115996  37.291573 -121.668742     5.790     -156.6      315.7      889.2     17.9     11.0     33.5 1988  4 21  4 48 47.890  0.84   1
   116401  37.288904 -121.665470     6.376      133.5       19.4     1475.2     20.4     15.2     37.3 1988  4 29  7 29 57.200  1.68   1
   116406  37.289278 -121.665430     6.521      137.1       61.0     1620.2     17.6     11.1     32.3 1988  4 29  7 47 21.590  1.99   1
   117175  37.289872 -121.666960     5.761        1.4      126.9      860.6     17.9     10.2     32.0 1988  5 13 17 17 30.760  1.52   1
   119615  37.289937 -121.665820     6.427      102.5      134.1     1527.2     18.3     10.2     34.0 1988  6 27  4 18 37.320  2.52   1
   119610  37.290002 -121.665861     6.458       98.9      141.3     1558.1     19.1     10.6     34.1 1988  6 27  4 18 52.410  2.72   1
   119763  37.290080 -121.669189     4.184     -196.3      149.9     -715.0     14.4     11.9     31.6 1988  6 30 23 52 27.360  0.97   1
   119888  37.285111 -121.662215     6.313      422.2     -401.5     1412.9     19.5     14.6     35.7 1988  7  5  5  2 33.820  0.83   1
   120788  37.290617 -121.670557     3.785     -317.5      209.5    -1115.2     13.8     11.3     27.1 1988  7 23 10 42 21.740  1.53   1
   120974  37.289929 -121.668734     4.252     -155.9      133.2     -648.8     15.1     12.6     29.9 1988  7 26 18  9 59.220  0.80   1
   126189  37.289628 -121.669588     3.840     -231.6       99.8    -1060.1     13.5     10.1     26.2 1988 11  2  3  9 12.610  1.93   1
   126292  37.289026 -121.669092     3.714     -187.6       33.0    -1186.6     12.7      9.6     23.8 1988 11  3  1 30  4.280  1.71   1
   126389  37.288798 -121.669360     3.893     -211.4        7.7    -1007.3     14.4     10.4     28.2 1988 11  4 13 34 34.720  1.87   1
   126560  37.284985 -121.662760     5.862      373.8     -415.5      961.4     17.7     12.9     28.7 1988 11  7 17 51 17.980  1.24   1
   126901  37.285872 -121.666846     3.374       11.5     -317.0    -1526.7     17.9     16.7     35.7 1988 11 12 18 11 57.680  1.07   1
   129454  37.286011 -121.662500     6.642      396.9     -301.7     1741.3     19.5     13.4     32.0 1988 12 30 23 53 29.880  1.74   1
   129428  37.286796 -121.662964     6.653      355.8     -214.5     1753.0     18.8     12.8     33.5 1988 12 30 23 54 24.000  4.30   1
   129887  37.289974 -121.669287     4.208     -204.9      138.2     -692.1     14.3      9.7     26.6 1989  1 13 10  9  6.070  0.94   1
   131766  37.289071 -121.664901     6.486      184.0       37.9     1585.8     18.0     10.5     33.3 1989  2 22 14 10 28.230  1.79   1
   132424  37.287651 -121.668123     3.814     -101.8     -119.7    -1085.8     11.9      9.6     24.9 1989  3  7 15  3 21.870  2.62   1
   132469  37.285522 -121.662744     6.092      375.3     -355.9     1191.5     18.6     12.1     31.8 1989  3  8 14 47  1.080  1.40   1
   132715  37.285116 -121.662590     6.032      389.0     -401.0     1131.3     18.2     12.8     35.1 1989  3 12  7 15 43.550  0.81   1
   139260  37.289954 -121.668587     4.221     -142.9      135.9     -679.5     20.1     15.2     50.4 1989  7  1  1 11 28.510  0.96   1
   140151  37.286882 -121.663224     6.582      332.7     -205.0     1681.4     19.9     13.9     32.5 1989  7 16 21 54  2.440  1.65   1
   140303  37.285982 -121.666504     3.403       41.9     -304.8    -1497.5     17.9     16.5     35.6 1989  7 19  8 51 59.540  1.28   1
   142196  37.288481 -121.667554     4.275      -51.2      -27.5     -625.3     15.5     11.5     30.6 1989  8 14  4  7  9.360  1.25   1
   144026  37.285046 -121.662646     5.914      383.9     -408.7     1013.5     17.5     13.6     29.1 1989  9 14 10 35 38.140  0.87   1
   144648  37.287659 -121.665308     5.728      147.9     -118.8      828.0     18.6     11.7     34.6 1989  9 26 17  2  0.820  0.92   1
   144843  37.290674 -121.668042     5.759      -94.5      215.9      858.2     17.8     10.7     33.3 1989 10  1 18 21 45.920  1.78   1
   148939  37.289006 -121.668986     3.700     -178.2       30.7    -1200.6     12.8      9.6     26.2 1989 12 13  5 33 46.080  1.60   1
   149804  37.293018 -121.673055     3.709     -539.0      476.0    -1191.2     15.4     12.9     35.9 1989 12 30  6 19 29.350  1.59   1
   150901  37.286820 -121.665666     4.514      116.2     -211.8     -386.0     14.2     11.2     29.9 1990  1 19  9 24  8.400  1.24   1
   151583  37.285449 -121.666724     3.313       22.4     -364.0    -1587.3     18.3     17.0     36.5 1990  1 31  5  8 47.310  1.38   1
   153849  37.284684 -121.662012     5.630      440.2     -448.9      730.1     17.9     14.1     33.0 1990  3  6 23  9 12.960  0.83   1
   154124  37.288147 -121.665910     5.695       94.5      -64.6      794.5     20.0     13.8     32.2 1990  3 11 11 52 34.830  2.34   1
   155780  37.285539 -121.666553     3.434       37.5     -354.0    -1465.9     17.5     16.6     35.0 1990  4 11  5 35 19.420  1.33   1
   157462  37.286100 -121.664006     5.747      263.4     -291.7      846.5     17.6     13.8     31.4 1990  5 10 16 43 48.520  3.18   1
   157486  37.284941 -121.662476     5.719      399.1     -420.4      818.4     18.7     14.6     32.5 1990  5 11 22 59 22.960  0.97   1
   157494  37.289705 -121.668945     4.144     -174.6      108.4     -756.1     13.2     10.6     23.7 1990  5 12  2 57 13.600  0.81   1
   157758  37.290027 -121.667114     5.810      -12.3      144.1      910.0     17.9     10.5     32.7 1990  5 16  4 10 37.430  1.59   1
   158154  37.291431 -121.671476     3.938     -399.1      299.9     -961.9     14.7     12.2     31.1 1990  5 23 11 11 37.580  1.03   1
   158290  37.291642 -121.671639     3.830     -413.5      323.3    -1070.2     14.9     11.8     31.5 1990  5 23 16 30 36.550  0.82   1
 20091514  37.285921 -121.663175     6.153      337.0     -311.6     1253.0     19.3     13.9     34.1 1990  6 11  1 38 14.370  3.10   1
   159156  37.287699 -121.665161     5.937      160.9     -114.3     1036.6     19.3     13.2     30.4 1990  6 11  2 45 19.820  1.25   1
   160503  37.290059 -121.669548     3.859     -228.0      147.7    -1041.5     12.8     10.2     25.3 1990  7  5 20  4 42.800  1.71   1
   161358  37.290670 -121.669914     4.317     -260.5      215.4     -583.5     15.2     11.1     27.8 1990  7 20  5 51 45.700  0.96   1
 20092038  37.292590 -121.667773     6.556      -70.7      428.6     1656.1     18.9     13.8     35.4 1990  8 17  2 26 16.740  3.68   1
   163527  37.290653 -121.666650     6.563       28.9      213.6     1662.3     18.8     15.2     41.8 1990  9  1 17 25 25.320  0.96   1
   165437  37.290251 -121.667440     5.809      -41.1      168.9      908.7     18.0     10.8     32.3 1990 10 17  6 15 15.710  1.80   1
   204801  37.290218 -121.669718     4.442     -243.2      165.3     -457.9     18.1     15.5     35.6 1991  1 15 17 29 20.200  0.94   1
   205031  37.290381 -121.670353     3.562     -299.5      183.3    -1338.3     17.2     11.6     28.6 1991  1 20  5  0 30.930  1.17   1
   205737  37.287321 -121.666463     3.577       45.5     -156.3    -1323.4     20.2     17.6     34.6 1991  2  2  5 39  6.910  0.83   1
   206508  37.287305 -121.666854     3.799       10.8     -158.1    -1100.1     13.7     12.2     25.5 1991  2 13 19 31  5.060  1.22   1
   207043  37.289136 -121.669417     3.481     -216.5       45.2    -1418.9     13.2     11.0     26.7 1991  2 22 15 51 34.750  2.28   1
   208364  37.291646 -121.671094     3.863     -365.1      323.8    -1037.7     14.9     14.1     29.9 1991  3 22 11 23 27.560  1.05   1
   208389  37.291838 -121.671549     3.863     -405.5      345.0    -1037.6     13.8     13.0     27.3 1991  3 22 11 34  4.350  0.81   1
   211885  37.285437 -121.662321     6.421      412.8     -365.3     1520.5     24.4     21.6     49.0 1991  5  4  6 30 12.620  0.94   1
   212119  37.285258 -121.662183     5.975      425.1     -385.2     1075.1     18.1     12.6     28.6 1991  5  9  0 14 24.910  1.22   1
   215747  37.288619 -121.669377     3.803     -212.9      -12.2    -1097.4     12.7      8.6     25.5 1991  5 29  9 45 22.620  1.83   1
   220702  37.284599 -121.662109     5.701      431.5     -458.4      801.2     18.7     14.3     32.1 1991  6 22 16 36 38.560  1.21   1
   227435  37.290324 -121.670174     3.626     -283.6      177.0    -1274.6     13.9     12.2     31.9 1991  8 10 17  6  5.760  1.23   1
   227542  37.285449 -121.666455     3.398       46.2     -364.0    -1502.2     17.9     16.3     35.4 1991  8 12  9 56  3.630  1.43   1
   228484  37.288139 -121.665698     5.698      113.3      -65.5      797.6     18.1      8.9     35.1 1991  8 21 17  7 40.400  2.27   1
   229053  37.290853 -121.667871     5.767      -79.4      235.7      866.9     18.5     10.5     33.9 1991  8 28 14  4 22.080  2.05   1
   229871  37.290015 -121.668677     4.263     -150.8      142.7     -637.7     14.2     10.9     27.1 1991  9  6 16 39 27.620  0.93   1
   234881  37.285640 -121.666667     3.410       27.4     -342.8    -1490.6     17.9     16.5     35.2 1991 10 22 17  4 17.460  1.46   1
   238704  37.289673 -121.669377     3.730     -212.9      104.8    -1170.8     13.2     10.0     25.5 1991 12  3  5 24 24.980  2.01   1
   238790  37.289278 -121.669466     3.808     -220.8       61.0    -1092.4     13.3      8.6     25.0 1991 12  4  0  8 49.550  1.89   1
   238816  37.285242 -121.662622     6.179      386.1     -387.0     1278.9     19.3     15.5     38.2 1991 12  4 13 45 39.520  0.99   1
   241590  37.288460 -121.666024     5.757       84.4      -29.8      857.0     18.9     12.2     33.6 1991 12 23 12 33 19.250  1.22   1
   249781  37.290039 -121.666854     5.755       10.8      145.4      854.3     17.9     10.7     33.2 1992  2 10 12 31  5.020  1.61   1
   253921  37.285730 -121.666325     3.360       57.7     -332.8    -1540.4     17.8     16.0     35.1 1992  3  4 13 13  6.220  1.23   1
   261841  37.291272 -121.671208     3.764     -375.2      282.2    -1136.6     15.0     13.2     31.7 1992  4  6  9 39 49.410  0.92   1
   292015  37.287447 -121.667570     3.842      -52.7     -142.3    -1058.7     13.9     11.0     31.4 1992  6  9 12 59 24.230  2.86   1
   303099  37.286064 -121.665576     4.633      124.1     -295.8     -267.6     13.0     10.7     29.2 1992  7  7  2 47 24.660  1.35   1
   304374  37.285604 -121.666976     3.377        0.0     -346.8    -1523.3     18.5     16.8     36.0 1992  7 17  9 51 49.510  1.02   1
   312743  37.290731 -121.670907     3.842     -348.5      222.2    -1058.6     14.6     11.6     26.8 1992  8 29 17  4 29.020  1.64   1
   314921  37.287862 -121.668758     3.935     -158.0      -96.2     -964.8     12.7     11.0     25.4 1992  9 11  1 22 13.650  1.06   1
   322432  37.286788 -121.665918     4.548       93.8     -215.4     -352.0     14.4     11.8     30.0 1992 11  5 12 35  5.470  1.26   1
   327300  37.291683 -121.668774     5.795     -159.5      327.9      894.6     18.0     11.1     32.7 1992 11 29  5  3  2.720  1.73   1
   330647  37.290304 -121.669352     4.278     -210.7      174.8     -622.5     14.0     11.0     27.1 1993  1  2 11 32 10.020  1.10   1
   331552  37.291606 -121.671501     3.863     -401.2      319.3    -1037.1     13.6     12.7     29.8 1993  1  9 17 48 38.720  1.01   1
   331635  37.291044 -121.670907     3.716     -348.5      257.0    -1184.1     15.5     11.9     31.7 1993  1 10 22 13  9.440  1.20   1
   339439  37.285303 -121.662362     6.004      409.2     -380.2     1103.3     18.7     12.6     35.5 1993  3  7  1 47 38.410  1.22   1
   339511  37.285181 -121.662476     5.992      399.1     -393.8     1091.2     19.5     12.5     30.4 1993  3  8  9 25 39.610  1.01   1
   352620  37.289050 -121.668083     3.842      -98.1       35.7    -1058.5     15.1     11.6     26.1 1993  6  8  9 15  1.380  0.83   1
 30036393  37.291634 -121.671167     4.110     -371.6      322.4     -789.8     14.4     14.3     29.7 1993 12  1  0 25 49.530  0.98   1
   389286  37.289038 -121.668953     3.639     -175.4       34.3    -1261.4     13.0     10.4     26.6 1993 12 20 22 35  7.800  1.77   1
   391772  37.290210 -121.669312     4.286     -207.1      164.4     -613.8     14.2      9.9     26.7 1994  1 19  7 46 39.590  0.96   1
   391983  37.289933 -121.669482     4.368     -222.3      133.7     -531.9     13.6     11.2     28.4 1994  1 20  7 20 41.680  0.90   1
   399980  37.290165 -121.670207     3.582     -286.5      159.4    -1317.8     13.1     11.3     26.8 1994  4  6  4 11 34.960  1.38   1
   400563  37.285583 -121.666610     3.351       32.5     -349.1    -1549.3     16.6     15.2     33.2 1994  4 16 13 10 52.340  2.00   1
   401879  37.289832 -121.666374     5.741       53.4      122.4      841.1     19.5     11.7     31.5 1994  5  8 23  4 53.240  1.61   1
 30049085  37.288021 -121.665470     5.697      133.5      -78.6      796.5     18.4     10.5     35.6 1994  5 13 11 15 14.850  1.56   1
 30051942  37.290873 -121.667790     5.716      -72.2      238.0      815.5     17.6     10.6     32.8 1994  6 30 14 25 51.030  1.83   1
 30051943  37.291919 -121.668962     5.734     -176.1      354.0      833.3     18.1     11.3     34.1 1994  6 30 14 29 15.060  1.38   1
 30054274  37.293384 -121.673291     3.766     -560.0      516.6    -1134.3     15.4     12.1     36.9 1994  8  4 17 19  8.160  1.37   1
 30057908  37.285726 -121.663835     5.794      278.6     -333.3      893.2     17.6     13.9     31.6 1994  9 17 17 57  1.520  2.38   1
 30058785  37.285876 -121.664038     5.709      260.5     -316.6      808.5     18.7     13.4     30.4 1994  9 25 23  4 28.000  2.36   1
 30062741  37.289941 -121.669906     3.561     -259.8      134.6    -1339.6     16.9     14.5     36.1 1994 11 16 16 50 58.150  2.01   1
 30062748  37.289998 -121.669596     3.798     -232.4      140.9    -1102.1     13.8     10.6     27.7 1994 11 16 18  3 42.360  1.27   1
 30069218  37.288704 -121.668815     3.953     -163.1       -2.7     -947.4     13.6      9.6     24.7 1995  3  3  9 38 49.200  1.20   1
 30069222  37.288883 -121.669263     3.898     -202.8       17.2    -1002.5     12.5      8.7     25.3 1995  3  3 12 30 15.850  1.75   1
 30069457  37.289054 -121.668962     3.583     -176.1       36.1    -1317.1     15.4     13.1     26.2 1995  3  7 13 19 41.960  1.26   1
 30071053  37.285799 -121.663029     6.041      350.0     -325.1     1140.8     17.8     13.5     32.9 1995  4  5  7 55 21.350  2.80   1
 30072363  37.284859 -121.662134     5.736      429.4     -429.5      835.3     17.8     12.2     30.1 1995  4 26 17 54  9.660  1.14   1
 30073191  37.291593 -121.671468     3.835     -398.3      317.9    -1065.4     16.3     12.8     33.0 1995  5 14 11 18 47.000  1.02   1
 30074975  37.290202 -121.669377     4.237     -212.9      163.5     -662.9     26.3     23.9     36.0 1995  6 15 22 23  1.320  1.34   1
 30076454  37.290975 -121.670996     4.249     -356.5      249.3     -651.7     22.4     13.4     47.2 1995  7  4 11 20 49.790  2.65   1
 30077970  37.288114 -121.666089     5.682       78.7      -68.2      781.3     18.0      9.4     35.5 1995  7 24  8 37 43.620  1.26   1
 30090632  37.287549 -121.667342     3.740      -32.5     -131.0    -1160.4     15.2     12.5     35.5 1995 11 25 19 22  6.180  2.56   1
 30091051  37.287675 -121.665503     5.703      130.6     -117.0      802.9     19.5     13.6     30.0 1995 12  2  1 12 15.750  1.40   1
 30092060  37.289050 -121.669230     3.717     -199.9       35.7    -1183.4     12.9      9.6     24.6 1995 12 15 18 53 39.820  1.82   1
 30107700  37.293473 -121.673161     3.684     -548.4      526.6    -1216.2     15.6     12.3     36.8 1996  5 30 18 47 12.480  1.35   1
   478138  37.289339 -121.669629     3.808     -235.3       67.7    -1092.1     13.3      9.2     26.9 1996  9  2 20 27  0.360  1.99   1
   478141  37.290316 -121.670125     3.773     -279.3      176.1    -1127.1     18.6     24.2     73.3 1996  9  2 20 36  3.960  1.38   1
   478159  37.289062 -121.668587     4.538     -142.9       37.0     -362.5     15.1     10.6     30.1 1996  9  3  0  2  4.940  1.17   1
   482382  37.285107 -121.662150     5.749      427.9     -401.9      849.2     18.6     14.0     34.1 1996 10 19  4 32 38.790  1.30   1
   483500  37.288029 -121.665918     5.833       93.8      -77.7      932.8     23.2     11.6     50.9 1996 11  2 12 22 52.340  2.29   1
   485145  37.285592 -121.666553     3.346       37.5     -348.2    -1554.1     17.6     16.4     35.1 1996 11 20 12 25 42.190  1.93   1
   502047  37.289795 -121.665731     6.363      110.4      118.3     1462.6     19.2     11.1     35.0 1997  4 20 17  8  1.560  1.79   1
   522670  37.286532 -121.664510     6.124      218.7     -243.9     1223.7     18.3     11.2     35.0 1997  9 26 19 58  2.480  3.09   1
   523141  37.289758 -121.666968     5.778        0.7      114.3      878.0     18.4     10.9     33.8 1997  9 29  3  7 46.980  1.55   1
   529274  37.288615 -121.669312     3.666     -207.1      -12.6    -1234.7     14.0     12.4     26.8 1997 10 28 12  1 44.750  1.61   1
