    16484  37.286108 -121.663298     5.806      326.2     -290.8      905.6      8.6      6.2     21.6 1984  4 24 21 20 23.480  3.57   1
    16527  37.286564 -121.664266     5.756      240.3     -240.2      855.3      6.5      6.2     19.7 1984  4 24 21 23 39.960  3.54   1
    17496  37.291231 -121.666789     6.222       16.6      277.7     1321.5     16.9     10.8     28.8 1984  4 25  0  4 49.440  1.23   1
    16521  37.286702 -121.667147     3.635      -15.2     -224.9    -1265.2     12.2     11.2     28.9 1984  4 25  4 16 53.440  3.00   1
    17842  37.288957 -121.668913     3.789     -171.7       25.3    -1111.3      6.0      4.7     15.5 1984  4 25  4 35 19.170  1.90   1
    16635  37.294320 -121.670076     6.080     -274.9      620.5     1179.8     11.7     12.6     26.8 1984  4 25  7 22 22.290  1.40   1
    16576  37.287358 -121.663493     6.106      308.9     -152.2     1205.9     19.0     14.3     26.1 1984  4 25 14  6 57.560  1.62   1
    17929  37.289673 -121.666781     5.790       17.3      104.8      889.9      8.4      7.3     17.2 1984  4 25 22 14 23.140  1.80   1
    16659  37.290019 -121.665788     6.216      105.4      143.2     1315.4     15.3      9.1     27.0 1984  4 26  8 54 51.420  1.52   1
    16701  37.291475 -121.667033     6.244       -5.1      304.8     1343.5     16.3     10.7     28.9 1984  4 26 17 22 44.280  1.57   1
    18075  37.288538 -121.667513     4.246      -47.6      -21.2     -654.4     13.0      9.5     20.7 1984  4 26 20 11 12.520  1.17   1
    16751  37.291398 -121.671012     3.789     -357.9      296.2    -1111.7      7.6      6.9     17.6 1984  4 27  7 48 23.500  0.97   1
    16766  37.287939 -121.665544     5.745      127.0      -87.6      845.1      8.2      6.6     18.3 1984  4 27 11  8  9.220  1.31   1
    16802  37.287382 -121.663477     6.097      310.3     -149.5     1196.7     19.9     14.0     28.4 1984  4 27 19  3 15.040  1.31   1
    16821  37.285173 -121.662614     5.920      386.8     -394.7     1019.8     12.2      8.4     22.3 1984  4 28  0  4 31.210  0.83   1
    16827  37.284871 -121.662337     5.917      411.3     -428.1     1017.0     11.5      7.6     23.1 1984  4 28  1 43 47.850  1.21   1
    16838  37.294316 -121.670036     6.090     -271.3      620.0     1189.6     11.1     12.5     25.4 1984  4 28  3 54 12.200  1.39   1
    16841  37.286210 -121.665202     4.480      157.3     -279.5     -420.1     16.3      7.0     40.8 1984  4 28  4 43 26.310  1.47   1
    19159  37.290601 -121.666235     6.191       65.7      207.7     1290.5     15.0      9.0     24.3 1984  4 28 16 12 43.750  2.09   1
    16885  37.289111 -121.665072     6.188      168.9       42.4     1287.6     14.2      8.9     24.5 1984  4 28 18 53 49.960  2.18   1
    16911  37.288265 -121.665869     5.748       98.1      -51.5      847.4     11.0      7.8     23.9 1984  4 29  2 29 16.340  1.27   1
    17074  37.289954 -121.665682     6.199      114.7      135.9     1298.6     15.0      9.4     26.1 1984  4 30 14 46  1.740  1.59   1
    17272  37.289709 -121.666781     5.785       17.3      108.8      885.2      7.6      7.3     17.2 1984  5  2  7 34 17.770  1.65   1
    17294  37.293221 -121.672632     3.759     -501.5      498.6    -1141.1      5.6      7.1     17.5 1984  5  2 14 32 55.730  1.70   1
    17356  37.285380 -121.666642     3.479       29.6     -371.7    -1421.7      8.2      7.4     19.4 1984  5  2 22 58 42.360  1.77   1
    17669  37.287362 -121.663485     6.109      309.6     -151.7     1208.6     20.2     14.3     29.5 1984  5  3 23 10 52.920  1.04   1
    17723  37.286157 -121.663298     5.826      326.2     -285.4      925.4      8.1      6.1     24.3 1984  5  4 18 42 58.080  3.05   1
    17526  37.287655 -121.665422     5.716      137.8     -119.2      815.4      7.6      6.4     16.5 1984  5  5  3 31 54.930  2.45   1
    17779  37.285933 -121.663786     5.738      282.9     -310.2      838.0      6.6      5.9     19.0 1984  5  7 14 27 20.420  2.85   1
    17794  37.284660 -121.662817     5.785      368.8     -451.6      884.6     11.4      9.9     17.1 1984  5  7 16 34 13.860  1.30   1
    17834  37.294307 -121.670060     6.087     -273.5      619.1     1186.5     11.4     12.4     25.6 1984  5  8  6 55  3.840  1.17   1
    18466  37.285181 -121.662598     5.907      388.2     -393.8     1006.3     12.3     11.7     23.9 1984  5 15  1 42 21.350  1.18   1
    18608  37.291671 -121.667269     6.219      -26.0      326.5     1318.9     13.9      8.4     23.1 1984  5 16 17  9 28.700  2.32   1
    18708  37.289563 -121.666675     5.759       26.7       92.6      860.1      7.6      6.2     21.0 1984  5 17  8 43  3.370  3.32   1
    18857  37.285254 -121.662679     5.938      381.0     -385.7     1038.0     13.2      8.9     24.4 1984  5 19  4 20 31.710  0.74   1
    19686  37.290344 -121.669214     4.331     -198.4      179.3     -569.0     11.9     13.6     30.4 1984  5 29 23 53  6.840  0.99   1
    19720  37.289962 -121.665682     6.119      114.7      136.8     1218.3     14.3     10.2     24.9 1984  5 30 12 38 10.840  3.00   1
    19745  37.291207 -121.666838     6.216       12.3      275.0     1315.5     19.7     13.7     35.0 1984  5 30 17  5  4.160  0.80   1
    19776  37.286983 -121.665788     4.467      105.4     -193.7     -433.0     16.5      7.3     40.9 1984  5 31  1 43 34.410  1.22   1
    19860  37.289693 -121.666797     5.784       15.9      107.0      883.4      7.0      7.0     17.4 1984  6  1  3 27 26.880  1.58   1
    19888  37.294307 -121.670044     6.085     -272.0      619.1     1184.4     12.3     13.0     29.4 1984  6  1  9  7  7.310  1.08   1
    19992  37.286442 -121.664160     5.736      249.7     -253.8      835.6      7.8      7.0     19.9 1984  6  2 17 32  6.480  2.92   1
    20113  37.284660 -121.662826     5.768      368.0     -451.6      868.1     13.1     10.5     22.1 1984  6  4 16 23 29.800  1.15   1
    20328  37.292436 -121.667830     6.243      -75.8      411.4     1342.7     18.8     12.6     32.1 1984  6  5 23 51 14.920  0.93   1
    20622  37.287195 -121.665169     5.693      160.2     -170.3      792.4      7.8      6.9     17.1 1984  6 11  4 58 46.580  1.48   1
    20978  37.286112 -121.663241     5.818      331.2     -290.4      918.0      7.3      5.9     21.8 1984  6 16  3 50 27.150  3.13   1
    21561  37.287496 -121.663631     6.156      296.6     -136.8     1256.0     23.7     15.4     48.0 1984  6 26  7 13 18.280  0.80   1
    21644  37.290780 -121.670459     3.797     -308.9      227.6    -1103.1      6.2      5.0     16.4 1984  6 27 14 50 38.140  1.59   1
    22144  37.286214 -121.665218     4.474      155.9     -279.1     -426.3     16.7      7.0     40.4 1984  7  5 12 49 57.720  1.28   1
    22165  37.288578 -121.667627     4.191      -57.7      -16.7     -709.2     10.9     11.4     23.2 1984  7  5 17  6 28.740  0.96   1
    22271  37.291003 -121.670752     3.720     -334.8      252.4    -1179.9      5.8      5.0     16.1 1984  7  7  0 17  9.970  2.67   1
    22280  37.288607 -121.668888     3.736     -169.6      -13.5    -1164.1      6.4      5.5     16.2 1984  7  7  2 35  4.060  1.53   1
    23190  37.289640 -121.669653     3.752     -237.4      101.2    -1147.9      5.3      5.4     14.7 1984  7 17 16 24 49.440  1.85   1
    23195  37.287651 -121.665527     5.713      128.5     -119.7      813.2      7.6      6.8     16.7 1984  7 17 17 53  4.200  2.33   1
    24519  37.289014 -121.669857     3.558     -255.5       31.6    -1342.3      7.8      5.1     18.1 1984  7 30 14 16 49.060  2.31   1
    24674  37.289669 -121.666805     5.782       15.2      104.3      881.3      7.2      7.0     17.0 1984  8  1 12 29 16.890  1.64   1
    25096  37.290072 -121.670459     3.658     -308.9      149.0    -1242.8      5.9      5.3     19.0 1984  8  7  9  7  6.330  1.17   1
    25305  37.290299 -121.669279     4.320     -204.2      174.3     -580.0     12.2     13.1     29.4 1984  8 10  7  4  4.200  0.95   1
    25937  37.285168 -121.662687     5.920      380.3     -395.1     1020.2     12.5      9.3     23.8 1984  8 19 20 27 32.960  0.69   1
    26238  37.290426 -121.669425     4.360     -217.2      188.3     -540.7     14.4     13.1     36.1 1984  8 25  0 19 18.360  0.72   1
    27421  37.285494 -121.662801     5.904      370.2     -359.0     1004.0     13.0      9.1     23.4 1984  9  6 16 33 41.640  1.41   1
    27683  37.285844 -121.663924     5.715      270.6     -320.2      814.8      7.1      6.9     17.7 1984  9 10 16 24 47.130  2.39   1
    27684  37.285803 -121.663753     5.751      285.8     -324.7      850.7      7.9      6.9     15.9 1984  9 10 16 33 36.940  1.79   1
    27721  37.285213 -121.662663     5.924      382.5     -390.2     1024.2     12.8      8.6     24.0 1984  9 11  8 13 54.330  0.83   1
    27722  37.288005 -121.665682     5.739      114.7      -80.4      839.0      7.1      6.8     16.7 1984  9 11  9 29 23.690  1.78   1
    27724  37.289917 -121.665715     6.192      111.9      131.9     1292.1     15.2      9.0     26.4 1984  9 11 10 26  8.190  1.55   1
    28475  37.291650 -121.671265     3.890     -380.3      324.2    -1010.5     10.2     10.6     21.9 1984  9 23  8 43 14.720  1.07   1
    29752  37.285376 -121.666707     3.472       23.8     -372.1    -1428.5      8.3      6.8     18.9 1984 10 10  7 11 54.160  1.90   1
    29901  37.291569 -121.667057     6.219       -7.2      315.2     1318.4     16.8     10.6     28.2 1984 10 12  7 13 23.200  1.21   1
    30009  37.291138 -121.668180     5.753     -106.8      267.3      852.3     12.0     10.2     19.5 1984 10 13 17 32 47.840  1.83   1
    30159  37.290283 -121.669271     4.314     -203.5      172.5     -586.0     12.3     14.0     30.8 1984 10 17 11 39  4.900  0.89   1
    30929  37.290967 -121.668107     5.718     -100.3      248.4      817.8      8.2      6.9     19.1 1984 10 30  2 49 48.600  1.41   1
    31031  37.286357 -121.664079     5.741      256.9     -263.3      840.2      8.8      8.3     20.7 1984 10 31  3  5 11.660  2.89   1
    31037  37.285128 -121.662695     5.897      379.6     -399.7      996.4     13.4     11.5     24.6 1984 10 31 15 28 48.300  0.79   1
    31068  37.284810 -121.662410     5.895      404.8     -434.9      995.1     12.1      9.9     21.8 1984 11  1  5 22 45.950  0.79   1
    31844  37.286222 -121.665194     4.482      158.0     -278.2     -418.7     16.6      6.7     40.4 1984 11 13 11 59  9.360  1.31   1
    32049  37.288940 -121.669084     3.737     -186.9       23.5    -1163.1      5.5      5.3     14.8 1984 11 18  0 28 55.240  1.69   1
    32676  37.285697 -121.662980     5.805      354.3     -336.4      904.6      6.7      5.8     19.8 1984 11 28 11 54 37.810  2.94   1
    35929  37.287313 -121.665210     5.703      156.6     -157.2      802.6      7.4      6.5     16.7 1984 12  1  8  9 13.540  1.74   1
    33786  37.286987 -121.665771     4.469      106.8     -193.3     -431.2     16.6      6.7     41.4 1984 12 10  7 45 41.770  1.43   1
    34527  37.289709 -121.666797     5.778       15.9      108.8      877.4      7.0      7.1     17.1 1984 12 15 10 28 17.680  1.61   1
    34841  37.284733 -121.662899     5.757      361.5     -443.5      857.0     11.2      9.5     17.4 1984 12 19  8 29 34.630  1.35   1
    35109  37.290780 -121.670459     3.783     -308.9      227.6    -1117.1      6.1      5.7     16.1 1984 12 22  4 43 44.710  1.60   1
    38148  37.287073 -121.667489     3.666      -45.5     -183.8    -1234.2      6.8      7.0     23.1 1985  1 19 11 56 37.340  2.49   1
    39944  37.291492 -121.668514     5.761     -136.4      306.6      860.3      7.1      6.2     18.9 1985  2  5 11 42 49.820  2.05   1
    40913  37.289172 -121.665104     6.181      166.0       49.2     1280.7     14.0      8.9     25.3 1985  2 13 23 52 25.080  1.70   1
    41574  37.290373 -121.669255     4.336     -202.1      182.4     -564.4     10.6     12.8     28.6 1985  2 16 20 53  7.160  1.20   1
    42349  37.288985 -121.668986     3.798     -178.2       28.5    -1102.5      6.5      5.8     15.6 1985  2 28  1  9 58.300  0.84   1
    42555  37.288912 -121.668848     3.778     -166.0       20.3    -1121.8      6.4      5.8     15.5 1985  3  2  6 53 56.010  1.74   1
    42559  37.289640 -121.669613     3.795     -233.8      101.2    -1105.3      8.1      7.0     15.5 1985  3  2  8 55  3.470  1.91   1
    42643  37.289201 -121.669312     3.728     -207.1       52.4    -1172.8      4.6      4.5     14.4 1985  3  2  8 55 29.590  2.08   1
    42560  37.290019 -121.669946     3.705     -263.4      143.2    -1195.0      8.4      6.1     21.8 1985  3  2  8 58  0.480  1.22   1
    43546  37.289417 -121.666740     5.721       20.9       76.3      820.7     10.0      8.0     21.9 1985  3 12  4  3 59.980  3.24   1
    43580  37.289722 -121.666846     5.787       11.5      110.2      886.8      7.2      7.2     17.5 1985  3 12  4  4 51.800  2.04   1
    44335  37.286096 -121.664014     5.731      262.7     -292.2      830.6      5.6      6.0     18.1 1985  3 20  4 57 39.190  2.56   1
    44729  37.287158 -121.665137     5.724      163.1     -174.3      823.3      8.1      6.9     16.6 1985  3 26 11 50 46.600  1.26   1
    45835  37.287870 -121.665031     5.881      172.5      -95.3      980.3      9.1      9.3     19.6 1985  4 10 18 45 20.620  1.07   1
    46041  37.294307 -121.670028     6.080     -270.6      619.1     1179.4     12.5     13.2     30.5 1985  4 13 14  1 53.470  1.16   1
    47288  37.285449 -121.666772     3.452       18.0     -364.0    -1448.1      9.6     14.6     34.0 1985  5  5 16 50  5.800  0.94   1
    49151  37.285502 -121.666838     3.426       12.3     -358.1    -1474.4      9.7     11.4     24.5 1985  6  8  4 58 49.900  0.64   1
    49626  37.291606 -121.671191     3.868     -373.8      319.3    -1032.3      8.9      8.8     18.3 1985  6 15  1 38 57.380  0.94   1
    49633  37.286267 -121.665243     4.483      153.7     -273.2     -417.6     16.6      6.4     40.4 1985  6 16  5 24 54.700  1.29   1
    50591  37.287785 -121.667993     3.721      -90.2     -104.8    -1179.4     10.5      8.6     18.7 1985  7  4  3  6  5.160  1.06   1
    51288  37.285453 -121.666797     3.428       15.9     -363.5    -1472.8     10.0     10.6     19.8 1985  7 17 13 58 38.250  1.02   1
    51325  37.285779 -121.662899     5.875      361.5     -327.4      974.3      8.7      8.0     18.8 1985  7 17 23 39 58.840  1.89   1
    51378  37.285213 -121.662671     5.895      381.8     -390.2      994.7     11.2      9.6     22.1 1985  7 18 23 42  1.800  0.97   1
    51398  37.290332 -121.669287     4.319     -204.9      177.9     -580.8     10.7     13.4     25.5 1985  7 19  9 58 16.960  0.97   1
    52580  37.289714 -121.666870     5.779        9.4      109.3      878.7      6.9      6.9     17.2 1985  8  9 11 45  2.020  1.60   1
    54084  37.289685 -121.669653     3.739     -237.4      106.1    -1161.7      4.8      5.0     14.6 1985  8 28 20 35 10.100  1.58   1
    57271  37.293498 -121.672909     3.783     -526.1      529.3    -1116.9      7.3      7.2     18.1 1985 10 19 16 33 20.030  1.38   1
    57273  37.293254 -121.672770     3.758     -513.8      502.2    -1142.0      6.3      7.0     17.9 1985 10 19 17 35 48.940  1.66   1
    57770  37.290112 -121.670549     3.660     -316.8      153.5    -1240.1      6.3      5.8     17.5 1985 10 28  3 55 38.130  1.31   1
    58027  37.290946 -121.668075     5.741      -97.4      246.1      840.3      7.8      6.4     18.4 1985 10 31 23 53 38.440  1.96   1
    58028  37.291768 -121.668807     5.753     -162.4      337.3      852.3      7.6      6.1     18.5 1985 10 31 23 55 40.960  1.46   1
    58676  37.290263 -121.666040     6.179       83.0      170.3     1278.4     13.7      7.9     24.1 1985 11  9 23 12 11.080  1.88   1
    59070  37.286894 -121.664632     5.765      207.8     -203.7      865.1      7.7      7.6     16.5 1985 11 14  9 21  5.080  0.97   1
    61248  37.284737 -121.662899     5.768      361.5     -443.0      867.4     11.6     10.1     18.2 1985 12 12  7 33 37.950  1.16   1
    61462  37.288607 -121.667668     4.189      -61.3      -13.5     -711.4     11.0     10.8     24.6 1985 12 14 18 25 45.080  1.09   1
    61809  37.290332 -121.669279     4.318     -204.2      177.9     -581.9     13.0     12.6     29.4 1985 12 19  0  2 10.460  0.97   1
    62142  37.290356 -121.669377     4.317     -212.9      180.6     -582.9     14.7     14.7     32.2 1985 12 24 21 18 58.720  0.89   1
    62514  37.288953 -121.669141     3.706     -192.0       24.8    -1194.1      6.2      5.6     15.7 1985 12 31 15 50 52.230  1.74   1
    62520  37.288981 -121.668953     3.765     -175.4       28.0    -1135.7      6.5      6.4     15.4 1985 12 31 18  3  3.480  1.62   1
    65047  37.287081 -121.665812     4.477      103.2     -182.9     -423.2     16.9      7.0     41.1 1986  1 30  3 31 43.810  1.30   1
    65406  37.285246 -121.662646     5.927      383.9     -386.6     1026.5     12.0     10.1     22.7 1986  2  2  8 26 42.650  1.18   1
    66346  37.285457 -121.666691     3.446       25.3     -363.1    -1454.2      9.0      7.5     19.9 1986  2 11 10 37 16.920  1.40   1
    66201  37.285531 -121.666699     3.456       24.5     -355.0    -1444.0      9.3      7.5     20.1 1986  2 11 11 50  0.620  1.50   1
    67820  37.290894 -121.670451     3.785     -308.1      240.2    -1115.6      7.1      6.6     16.2 1986  3  8 10 32  4.410  1.63   1
    67803  37.286296 -121.665226     4.487      155.2     -270.1     -413.3     16.8      6.5     40.5 1986  3  9 18 55 22.760  1.42   1
    70356  37.286788 -121.664608     5.738      210.0     -215.4      837.3      7.4      6.3     20.3 1986  4  4 10 16 40.970  3.19   1
    70373  37.287655 -121.665519     5.722      129.2     -119.2      822.2      8.7      6.8     17.2 1986  4  4 10 17 30.150  2.37   1
    70083  37.285225 -121.662687     5.908      380.3     -388.8     1007.8     12.0      9.7     23.6 1986  4 12  7 13 35.460  1.00   1
    70826  37.294332 -121.670020     6.075     -269.9      621.8     1174.4     13.1     13.3     30.0 1986  4 21  8 46 14.270  0.99   1
    73536  37.291117 -121.668254     5.755     -113.3      265.1      854.4     12.9      9.9     18.9 1986  5 29  1 41 52.560  1.51   1
    73786  37.289229 -121.669889     3.440     -258.3       55.5    -1460.8     10.8      9.9     24.5 1986  6  1 10 51 31.460  1.21   1
    73850  37.289738 -121.666862     5.784       10.1      112.0      884.1      7.2      7.0     17.1 1986  6  2  5  8 18.340  1.52   1
    76654  37.286108 -121.663403     5.796      316.8     -290.8      896.1      6.2      5.7     20.3 1986  7 16 20 59  3.320  2.98   1
    76560  37.285144 -121.662712     5.890      378.1     -397.9      989.4     12.1     10.4     22.8 1986  7 17  4 26  2.170  0.83   1
    77218  37.289604 -121.669727     3.740     -243.9       97.1    -1160.1      6.3      5.1     14.4 1986  7 25  9 22 50.290  2.26   1
    77283  37.289185 -121.669425     3.741     -217.2       50.6    -1159.2      5.9      5.9     14.5 1986  7 25  9 23  5.480  2.35   1
    77296  37.289950 -121.670028     3.762     -270.6      135.5    -1138.0      7.6      5.9     20.4 1986  7 25 16  1 52.100  1.15   1
    81016  37.291903 -121.671387     3.838     -391.1      352.2    -1062.8      8.9      8.7     19.3 1986  9  2  7 22  7.550  0.52   1
    81017  37.291667 -121.671208     3.822     -375.2      326.0    -1078.0      9.0      8.1     19.3 1986  9  2  7 24 15.870  0.83   1
    81735  37.287948 -121.665649     5.749      117.6      -86.7      848.6      9.3      6.1     18.1 1986  9  8 23  4 33.440  1.55   1
    82606  37.291032 -121.670882     3.758     -346.4      255.6    -1141.9      5.2      4.8     21.0 1986  9 15 20 17 49.920  2.67   1
    83579  37.290405 -121.669385     4.269     -213.6      186.1     -631.1     21.0     15.5     70.4 1986  9 22 19 39 11.020  0.83   1
    83805  37.290894 -121.670573     3.792     -319.0      240.2    -1107.4      6.9      5.9     16.7 1986  9 25 12  1 52.830  1.36   1
    85194  37.286601 -121.667212     3.625      -20.9     -236.2    -1275.0     10.9     12.3     31.3 1986 10  9  2  6 22.720  2.95   1
    85669  37.285343 -121.666756     3.437       19.5     -375.7    -1463.0      9.6      7.2     19.4 1986 10 14 15 13 49.290  1.43   1
    87103  37.288517 -121.667570     4.156      -52.7      -23.5     -744.3     11.6     11.3     20.2 1986 11  3  8 20 28.780  0.94   1
    87964  37.284701 -121.662866     5.746      364.4     -447.1      845.4     11.1     10.0     18.9 1986 11 14 11 55 11.210  0.96   1
    88698  37.291663 -121.671208     3.836     -375.2      325.6    -1064.5      8.4      7.8     19.2 1986 11 25 13  0 35.660  1.01   1
    90036  37.290141 -121.669295     4.277     -205.7      156.7     -623.3     22.2     16.6     66.2 1986 12 12 17 46 44.360  0.64   1
    90485  37.290308 -121.669214     4.279     -198.4      175.2     -621.8     12.5     10.5     28.2 1986 12 18  2  5 30.480  1.09   1
    93248  37.289124 -121.669963     3.518     -264.8       43.8    -1382.0     15.2     14.5     26.0 1987  1 26 13 47 46.830  2.35   1
    95188  37.285185 -121.662581     5.897      389.7     -393.3      997.2     10.9      9.8     24.7 1987  2 21  7 40 45.210  1.18   1
    95317  37.285156 -121.662614     5.884      386.8     -396.5      983.9     11.8     10.6     24.1 1987  2 23 17  5  2.320  0.91   1
    97576  37.290385 -121.669401     4.266     -215.0      183.8     -634.7     16.1     14.8     39.2 1987  3 29 10  2  1.050  0.79   1
    98812  37.288546 -121.667594     4.129      -54.8      -20.3     -771.7     13.7     10.3     20.2 1987  4 17 16 13 47.300  1.18   1
   101361  37.289653 -121.669686     3.744     -240.3      102.5    -1156.6      7.1      5.7     14.4 1987  6  3  6 56  7.740  1.92   1
   101362  37.288936 -121.669157     3.722     -193.4       23.0    -1178.8      5.0      5.4     14.7 1987  6  3  6 58 51.320  1.74   1
   101659  37.287646 -121.665544     5.697      127.0     -120.1      796.7      7.5      6.2     16.8 1987  6  9  2  2 39.460  2.37   1
   102139  37.287549 -121.667839     3.599      -76.5     -131.0    -1301.5     10.9      8.2     27.6 1987  6 20 16 35 35.960  0.82   1
   102776  37.291622 -121.671200     3.817     -374.5      321.1    -1082.8      9.4      8.4     19.3 1987  7  7  1 44 26.990  1.01   1
   103138  37.289258 -121.669458     3.732     -220.1       58.7    -1167.3      4.7      4.9     14.2 1987  7 14 19  2 57.020  1.72   1
   103702  37.289709 -121.666862     5.776       10.1      108.8      876.2      8.5      7.3     17.5 1987  7 28  7  4 28.800  1.51   1
   103833  37.291117 -121.668302     5.747     -117.6      265.1      846.7     10.3      8.9     19.4 1987  8  1  1 40 41.980  1.94   1
   105327  37.287419 -121.667814     3.720      -74.3     -145.4    -1180.0      5.0      4.9      9.6 1987  9  4 10 31 17.310  1.74   1
   105800  37.289062 -121.666406     5.731       50.5       37.0      831.1      7.8      8.0     18.1 1987  9 14 23  7 17.840  0.83   1
   106343  37.290405 -121.669450     4.249     -219.4      186.1     -650.8     13.4     13.0     43.7 1987  9 27  7 19 34.920  0.75   1
   106370  37.290304 -121.669238     4.302     -200.6      174.8     -598.2     11.4     10.6     27.0 1987  9 27  8 23 11.780  0.96   1
   106462  37.288513 -121.667668     4.142      -61.3      -23.9     -758.6     12.3     11.0     23.5 1987  9 29  4 47  3.550  0.92   1
   107299  37.285518 -121.662882     5.926      363.0     -356.3     1026.1      9.2      7.2     23.4 1987 10 17  9 43 42.990  1.55   1
   107927  37.289396 -121.666976     5.738        0.0       74.1      838.2      7.7      6.5     19.0 1987 11  1 22 11 13.060  3.15   1
   107902  37.289730 -121.666935     5.779        3.6      111.1      878.3      7.7      7.3     17.3 1987 11  1 22 13 47.560  1.56   1
   107906  37.287972 -121.665666     5.739      116.2      -84.0      838.3      8.5      7.3     17.0 1987 11  2  3  6 28.290  1.52   1
   108512  37.285352 -121.666699     3.431       24.5     -374.8    -1469.2      9.0      6.7     17.9 1987 11 16 23 19  9.000  1.98   1
   109132  37.290222 -121.669230     4.252     -199.9      165.7     -648.2     16.4     15.8     41.3 1987 11 27  4  7 50.420  0.67   1
   110939  37.290023 -121.670386     3.595     -302.4      143.6    -1305.5      5.2      5.7     22.8 1988  1 15  1 56 42.310  1.39   1
   112178  37.285360 -121.662516     5.867      395.5     -373.9      967.0     12.9     11.5     26.3 1988  2 10 20 13  1.200  0.94   1
   112230  37.286125 -121.665194     4.427      158.0     -289.0     -473.0     15.3      9.3     36.9 1988  2 13  4 54 35.870  1.36   1
   112868  37.291691 -121.671224     3.827     -376.7      328.8    -1072.9      9.1      8.6     19.4 1988  2 25 10  0 17.780  0.92   1
   113569  37.291520 -121.667163     6.185      -16.6      309.8     1285.2     15.9     10.3     27.5 1988  3  9  2  8 11.840  1.40   1
   114006  37.285893 -121.663737     5.749      287.2     -314.8      848.5      6.2      6.3     17.4 1988  3 16 23 10  6.640  2.45   1
   115994  37.290938 -121.668075     5.738      -97.4      245.2      837.7      7.8      6.8     19.0 1988  4 21  4 42 14.550  1.94   1
   115996  37.291768 -121.668726     5.726     -155.1      337.3      825.4      8.6      7.3     18.5 1988  4 21  4 48 47.890  0.84   1
   116401  37.289115 -121.665120     6.178      164.5       42.9     1277.6     13.6      8.6     24.5 1988  4 29  7 29 57.200  1.68   1
   116406  37.289376 -121.665316     6.177      147.2       71.8     1277.2     14.2      9.1     24.5 1988  4 29  7 47 21.590  1.99   1
   117175  37.289705 -121.666854     5.763       10.8      108.4      862.7      7.5      7.0     17.2 1988  5 13 17 17 30.760  1.52   1
   119615  37.290129 -121.665975     6.169       88.8      155.3     1268.2     14.5      8.3     25.2 1988  6 27  4 18 37.320  2.52   1
   119610  37.290072 -121.665902     6.163       95.3      149.0     1262.9     14.5      8.1     25.1 1988  6 27  4 18 52.410  2.72   1
   119763  37.290348 -121.669198     4.263     -197.0      179.7     -636.6     19.4     12.6     46.8 1988  6 30 23 52 27.360  0.97   1
   119888  37.285213 -121.662614     5.885      386.8     -390.2      985.0     14.3     10.7     28.9 1988  7  5  5  2 33.820  0.83   1
   120788  37.290776 -121.670524     3.785     -314.6      227.2    -1115.5      7.0      5.3     16.2 1988  7 23 10 42 21.740  1.53   1
   120974  37.290434 -121.669344     4.251     -210.0      189.2     -649.4     16.1     13.8     39.1 1988  7 26 18  9 59.220  0.80   1
   126189  37.289583 -121.669735     3.750     -244.6       94.8    -1149.9      4.6      4.7     14.3 1988 11  2  3  9 12.610  1.93   1
   126292  37.288883 -121.669198     3.724     -197.0       17.2    -1176.6      5.9      5.4     14.9 1988 11  3  1 30  4.280  1.71   1
   126389  37.288904 -121.669051     3.798     -184.0       19.4    -1101.9      5.4      4.7     15.4 1988 11  4 13 34 34.720  1.87   1
   126560  37.284721 -121.662948     5.752      357.2     -444.8      851.2     12.1     10.4     20.6 1988 11  7 17 51 17.980  1.24   1
   126901  37.285494 -121.666772     3.465       18.0     -359.0    -1435.7     10.7      7.8     25.1 1988 11 12 18 11 57.680  1.07   1
   129454  37.286068 -121.662541     6.325      393.3     -295.3     1424.5     17.6     12.7     32.2 1988 12 30 23 53 29.880  1.74   1
   129428  37.287512 -121.660596     5.967      565.8     -135.0     1066.4     47.3     35.2     66.4 1988 12 30 23 54 24.000  4.30   1
   129887  37.290397 -121.669393     4.272     -214.3      185.2     -628.3     15.5     13.4     35.2 1989  1 13 10  9  6.070  0.94   1
   131766  37.289148 -121.665120     6.170      164.5       46.5     1269.4     13.9      8.4     24.8 1989  2 22 14 10 28.230  1.79   1
   132424  37.287158 -121.667716     3.663      -65.7     -174.3    -1237.5      7.3      5.9     23.5 1989  3  7 15  3 21.870  2.62   1
   132469  37.285600 -121.662769     5.863      373.1     -347.3      963.1     10.1     10.2     22.3 1989  3  8 14 47  1.080  1.40   1
   132715  37.285331 -121.662459     5.958      400.5     -377.1     1057.4     15.1     10.3     29.4 1989  3 12  7 15 43.550  0.81   1
   139260  37.290365 -121.669157     4.370     -193.4      181.5     -530.0     19.5     15.3     47.1 1989  7  1  1 11 28.510  0.96   1
   140151  37.287309 -121.663346     6.168      321.9     -157.6     1267.8     15.7     10.5     27.5 1989  7 16 21 54  2.440  1.65   1
   140303  37.285498 -121.666650     3.657       28.9     -358.6    -1243.4     15.2     11.5     43.3 1989  7 19  8 51 59.540  1.28   1
   142196  37.288550 -121.667513     4.214      -47.6      -19.9     -686.7     10.6      8.6     23.1 1989  8 14  4  7  9.360  1.25   1
   144026  37.285197 -121.662581     5.922      389.7     -392.0     1021.6     12.7     10.5     23.6 1989  9 14 10 35 38.140  0.87   1
   144648  37.287524 -121.665308     5.690      147.9     -133.7      789.4      8.1      6.8     18.5 1989  9 26 17  2  0.820  0.92   1
   144843  37.291113 -121.668302     5.739     -117.6      264.6      838.7      9.8      7.3     18.9 1989 10  1 18 21 45.920  1.78   1
   148939  37.289022 -121.669092     3.736     -187.6       32.5    -1164.5      6.6      6.0     14.5 1989 12 13  5 33 46.080  1.60   1
   149804  37.293286 -121.672607     3.733     -499.4      505.8    -1167.1      5.9      6.5     17.8 1989 12 30  6 19 29.350  1.59   1
   150901  37.287077 -121.665739     4.507      109.7     -183.3     -393.6     16.5      7.4     41.1 1990  1 19  9 24  8.400  1.24   1
   151583  37.285457 -121.666642     3.494       29.6     -363.1    -1406.7     10.3      8.1     21.5 1990  1 31  5  8 47.310  1.38   1
   153849  37.285384 -121.662646     5.919      383.9     -371.2     1018.4     14.0      9.1     26.2 1990  3  6 23  9 12.960  0.83   1
   154124  37.287728 -121.665422     5.683      137.8     -111.1      783.0      7.7      6.5     16.7 1990  3 11 11 52 34.830  2.34   1
   155780  37.285409 -121.666577     3.473       35.4     -368.5    -1427.3      8.8      8.1     19.9 1990  4 11  5 35 19.420  1.33   1
   157462  37.286422 -121.664046     5.745      259.8     -256.1      844.5     10.5      9.4     22.2 1990  5 10 16 43 48.520  3.18   1
   157486  37.284737 -121.662638     5.737      384.6     -443.0      836.9     11.6     10.0     18.5 1990  5 11 22 59 22.960  0.97   1
   157494  37.290279 -121.669019     4.287     -181.1      172.1     -613.7     16.7     14.6     38.3 1990  5 12  2 57 13.600  0.81   1
   157758  37.289775 -121.666781     5.787       17.3      116.1      886.7      7.3      8.0     17.1 1990  5 16  4 10 37.430  1.59   1
   158154  37.291663 -121.671069     3.836     -363.0      325.6    -1064.5      8.7      7.9     17.9 1990  5 23 11 11 37.580  1.03   1
   158290  37.291927 -121.671354     3.876     -388.2      355.0    -1024.5     11.3      9.2     19.0 1990  5 23 16 30 36.550  0.82   1
 20091514  37.285954 -121.663208     5.880      334.1     -308.0      979.7      7.2      6.0     22.9 1990  6 11  1 38 14.370  3.10   1
   159156  37.287931 -121.664990     5.923      176.1      -88.5     1022.4     10.2      9.2     21.3 1990  6 11  2 45 19.820  1.25   1
   160503  37.289685 -121.669588     3.841     -231.6      106.1    -1059.1      5.1      6.1     16.9 1990  7  5 20  4 42.800  1.71   1
   161358  37.290409 -121.669067     4.361     -185.5      186.5     -539.5     17.2     14.7     39.5 1990  7 20  5 51 45.700  0.96   1
 20092038  37.292558 -121.667228     6.051      -22.4      424.9     1150.5     21.2     13.2     29.4 1990  8 17  2 26 16.740  3.68   1
   163527  37.291256 -121.666789     6.260       16.6      280.4     1360.1     16.7     11.6     29.4 1990  9  1 17 25 25.320  0.96   1
   165437  37.290389 -121.667562     5.716      -52.0      184.2      815.8      9.1      6.8     18.3 1990 10 17  6 15 15.710  1.80   1
   204801  37.290454 -121.669181     4.372     -195.6      191.5     -528.5     19.5     15.6     49.3 1991  1 15 17 29 20.200  0.94   1
   205031  37.290084 -121.670402     3.634     -303.8      150.4    -1266.7      7.3      6.6     21.1 1991  1 20  5  0 30.930  1.17   1
   205737  37.287569 -121.667847     3.696      -77.2     -128.7    -1204.6     12.9     10.3     30.7 1991  2  2  5 39  6.910  0.83   1
   206508  37.287708 -121.667969     3.730      -88.0     -113.3    -1169.5      6.8      9.3     20.4 1991  2 13 19 31  5.060  1.22   1
   207043  37.289022 -121.669832     3.526     -253.3       32.5    -1374.5      6.6      7.2     17.8 1991  2 22 15 51 34.750  2.28   1
   208364  37.291626 -121.671110     3.840     -366.6      321.5    -1060.7      8.6      8.9     19.3 1991  3 22 11 23 27.560  1.05   1
   208389  37.291907 -121.671273     3.860     -381.0      352.7    -1040.6     10.4      8.8     19.0 1991  3 22 11 34  4.350  0.81   1
   211885  37.285173 -121.662476     5.902      399.1     -394.7     1001.2     17.3     17.7     37.1 1991  5  4  6 30 12.620  0.94   1
   212119  37.285173 -121.662516     5.935      395.5     -394.7     1035.0     15.8     16.0     31.5 1991  5  9  0 14 24.910  1.22   1
   215747  37.288989 -121.669043     3.718     -183.3       28.9    -1181.9      8.4      6.4     19.9 1991  5 29  9 45 22.620  1.83   1
   220702  37.284656 -121.662606     5.701      387.5     -452.0      800.3     11.7     10.3     19.8 1991  6 22 16 36 38.560  1.21   1
   227435  37.290043 -121.670337     3.605     -298.0      145.9    -1295.2      6.3      6.0     20.5 1991  8 10 17  6  5.760  1.23   1
   227542  37.285327 -121.666659     3.437       28.1     -377.5    -1462.9      9.7      8.1     19.3 1991  8 12  9 56  3.630  1.43   1
   228484  37.287618 -121.665365     5.655      142.9     -123.3      755.0      8.0      6.3     16.9 1991  8 21 17  7 40.400  2.27   1
   229053  37.290816 -121.668001     5.708      -90.9      231.7      807.2      7.6      6.9     18.2 1991  8 28 14  4 22.080  2.05   1
   229871  37.290426 -121.669051     4.378     -184.0      188.3     -521.9     23.1     20.0     54.9 1991  9  6 16 39 27.620  0.93   1
   234881  37.285364 -121.666683     3.444       26.0     -373.5    -1456.6      8.7      7.3     18.4 1991 10 22 17  4 17.460  1.46   1
   238704  37.289665 -121.669653     3.734     -237.4      103.9    -1165.9      4.6      5.3     13.9 1991 12  3  5 24 24.980  2.01   1
   238790  37.289225 -121.669328     3.727     -208.6       55.1    -1173.1      6.5      6.2     17.1 1991 12  4  0  8 49.550  1.89   1
   238816  37.285518 -121.662744     5.945      375.3     -356.3     1045.1     13.4     11.3     24.9 1991 12  4 13 45 39.520  0.99   1
   241590  37.288330 -121.665869     5.703       98.1      -44.3      802.7      8.1      7.1     18.4 1991 12 23 12 33 19.250  1.22   1
   249781  37.289726 -121.666781     5.773       17.3      110.6      872.6      7.1      6.9     17.3 1992  2 10 12 31  5.020  1.61   1
   253921  37.285372 -121.666618     3.419       31.8     -372.6    -1481.3      9.3      8.4     20.9 1992  3  4 13 13  6.220  1.23   1
   261841  37.291565 -121.671094     3.837     -365.1      314.8    -1063.4      8.6      8.4     19.7 1992  4  6  9 39 49.410  0.92   1
   292015  37.286715 -121.667244     3.662      -23.8     -223.5    -1237.9     10.4     11.6     28.6 1992  6  9 12 59 24.230  2.86   1
   303099  37.286186 -121.665153     4.540      161.6     -282.2     -360.6     16.8      6.4     39.7 1992  7  7  2 47 24.660  1.35   1
   304374  37.285498 -121.666659     3.454       28.1     -358.6    -1446.2     10.5      8.5     22.3 1992  7 17  9 51 49.510  1.02   1
   312743  37.290845 -121.670516     3.821     -313.9      234.8    -1079.2      8.8      7.5     21.4 1992  8 29 17  4 29.020  1.64   1
   314921  37.288932 -121.668921     3.844     -172.5       22.6    -1056.1      7.9      8.8     21.3 1992  9 11  1 22 13.650  1.06   1
   322432  37.287044 -121.665804     4.490      103.9     -187.0     -410.7     16.8      8.3     41.2 1992 11  5 12 35  5.470  1.26   1
   327300  37.291536 -121.668604     5.729     -144.3      311.6      828.9      8.0      6.2     18.0 1992 11 29  5  3  2.720  1.73   1
   330647  37.290422 -121.669132     4.399     -191.2      187.9     -501.3     12.3     11.4     25.1 1993  1  2 11 32 10.020  1.10   1
   331552  37.291614 -121.671159     3.866     -370.9      320.2    -1034.4      9.0      8.6     18.2 1993  1  9 17 48 38.720  1.01   1
   331635  37.291333 -121.671094     3.813     -365.1      289.0    -1087.4      7.3      7.9     18.1 1993  1 10 22 13  9.440  1.20   1
   339439  37.285221 -121.662557     5.940      391.9     -389.3     1039.6     11.8     10.8     26.9 1993  3  7  1 47 38.410  1.22   1
   339511  37.285217 -121.662622     5.923      386.1     -389.7     1022.9     13.3     10.0     24.3 1993  3  8  9 25 39.610  1.01   1
   352620  37.289294 -121.669149     3.763     -192.7       62.8    -1137.2      8.8      5.7     21.5 1993  6  8  9 15  1.380  0.83   1
 30036393  37.291622 -121.671167     3.860     -371.6      321.1    -1040.6      8.9      7.9     18.8 1993 12  1  0 25 49.530  0.98   1
   389286  37.288855 -121.669084     3.752     -186.9       14.0    -1147.9      7.0      5.7     17.5 1993 12 20 22 35  7.800  1.77   1
   391772  37.290291 -121.669149     4.260     -192.7      173.4     -640.2     13.1     12.1     30.6 1994  1 19  7 46 39.590  0.96   1
   391983  37.290299 -121.669214     4.408     -198.4      174.3     -492.0     11.9     14.0     37.4 1994  1 20  7 20 41.680  0.90   1
   399980  37.290039 -121.670288     3.614     -293.7      145.4    -1286.6      5.7      5.2     18.5 1994  4  6  4 11 34.960  1.38   1
   400563  37.285368 -121.666593     3.463       33.9     -373.0    -1437.0      9.0      6.9     18.5 1994  4 16 13 10 52.340  2.00   1
   401879  37.289734 -121.666781     5.790       17.3      111.5      889.9      6.7      6.9     17.4 1994  5  8 23  4 53.240  1.61   1
 30049085  37.287960 -121.665511     5.739      129.9      -85.4      838.9      7.5      7.8     19.9 1994  5 13 11 15 14.850  1.56   1
 30051942  37.290938 -121.668058     5.734      -96.0      245.2      833.5      7.8      6.2     18.6 1994  6 30 14 25 51.030  1.83   1
 30051943  37.291752 -121.668709     5.748     -153.7      335.5      847.4      7.9      6.4     18.6 1994  6 30 14 29 15.060  1.38   1
 30054274  37.293433 -121.672811     3.859     -517.4      522.0    -1041.5      6.7      7.1     20.1 1994  8  4 17 19  8.160  1.37   1
 30057908  37.285710 -121.663656     5.742      294.4     -335.1      841.4      5.9      6.3     17.9 1994  9 17 17 57  1.520  2.38   1
 30058785  37.285848 -121.663916     5.731      271.3     -319.7      831.0      6.5      6.2     17.7 1994  9 25 23  4 28.000  2.36   1
 30062741  37.289673 -121.669914     3.818     -260.5      104.8    -1082.7      5.9      5.4     20.6 1994 11 16 16 50 58.150  2.01   1
 30062748  37.289945 -121.669840     3.720     -254.0      135.0    -1180.3     12.1      5.4     42.1 1994 11 16 18  3 42.360  1.27   1
 30069218  37.288949 -121.668774     3.845     -159.5       24.4    -1055.1      9.2      6.1     19.9 1995  3  3  9 38 49.200  1.20   1
 30069222  37.288916 -121.668856     3.792     -166.7       20.8    -1108.3      6.5      5.5     15.5 1995  3  3 12 30 15.850  1.75   1
 30069457  37.288745 -121.668799     3.733     -161.6        1.8    -1167.3      6.7      5.6     17.5 1995  3  7 13 19 41.960  1.26   1
 30071053  37.285832 -121.663118     5.788      342.1     -321.5      887.3      8.0      6.6     20.0 1995  4  5  7 55 21.350  2.80   1
 30072363  37.284668 -121.662606     5.755      387.5     -450.7      854.8     11.6     10.2     19.7 1995  4 26 17 54  9.660  1.14   1
 30073191  37.291642 -121.671069     3.877     -363.0      323.3    -1023.8      8.9      8.1     18.4 1995  5 14 11 18 47.000  1.02   1
 30074975  37.290491 -121.669108     4.482     -189.1      195.5     -418.4     14.1     17.3     46.0 1995  6 15 22 23  1.320  1.34   1
 30076454  37.290946 -121.670768     3.773     -336.3      246.1    -1127.0      5.7      4.9     19.8 1995  7  4 11 20 49.790  2.65   1
 30077970  37.288273 -121.665763     5.695      107.5      -50.6      794.7      8.7      7.0     18.2 1995  7 24  8 37 43.620  1.26   1
 30090632  37.287044 -121.667651     3.684      -59.9     -187.0    -1216.4      6.9      5.8     21.1 1995 11 25 19 22  6.180  2.56   1
 30091051  37.287211 -121.665169     5.666      160.2     -168.4      765.4      7.5      6.3     17.2 1995 12  2  1 12 15.750  1.40   1
 30092060  37.289058 -121.668921     3.684     -172.5       36.6    -1216.8      5.6      5.1     14.0 1995 12 15 18 53 39.820  1.82   1
 30107700  37.293526 -121.672721     3.786     -509.5      532.4    -1114.7      7.5      7.1     18.9 1996  5 30 18 47 12.480  1.35   1
   478138  37.289555 -121.669678     3.715     -239.6       91.7    -1185.4      4.5      6.5     14.7 1996  9  2 20 27  0.360  1.99   1
   478141  37.289893 -121.669930     3.681     -262.0      129.2    -1219.4      9.5      6.7     24.3 1996  9  2 20 36  3.960  1.38   1
   478159  37.288790 -121.668799     3.768     -161.6        6.8    -1132.6      7.5      4.8     20.5 1996  9  3  0  2  4.940  1.17   1
   482382  37.285107 -121.662492     5.947      397.6     -401.9     1046.7     11.0      9.0     22.8 1996 10 19  4 32 38.790  1.30   1
   483500  37.287655 -121.665503     5.663      130.6     -119.2      762.7      7.2      6.0     16.7 1996 11  2 12 22 52.340  2.29   1
   485145  37.285262 -121.666642     3.443       29.6     -384.8    -1457.0      8.8      7.5     17.5 1996 11 20 12 25 42.190  1.93   1
   502047  37.289990 -121.665812     6.192      103.2      140.0     1291.8     15.4      8.4     25.2 1997  4 20 17  8  1.560  1.79   1
   522670  37.286169 -121.664006     5.695      263.4     -284.1      794.6      8.5      6.7     23.5 1997  9 26 19 58  2.480  3.09   1
   523141  37.289657 -121.666789     5.763       16.6      103.0      862.9      7.9      7.1     17.3 1997  9 29  3  7 46.980  1.55   1
   529274  37.289006 -121.669222     3.700     -199.2       30.7    -1199.8      6.1      5.2     14.6 1997 10 28 12  1 44.750  1.61   1
