    16484  37.286117 -121.663257     5.832      329.8     -289.9      931.2     18.9     15.1     31.7 1984  4 24 21 20 23.480  3.57   1
    16527  37.286548 -121.664217     5.701      244.6     -242.1      800.4     11.0     11.2     21.3 1984  4 24 21 23 39.960  3.54   1
    17496  37.291296 -121.666699     6.352       24.5      285.0     1451.7     17.2     12.7     28.9 1984  4 25  0  4 49.440  1.23   1
    16521  37.286906 -121.667212     3.579      -20.9     -202.3    -1321.1     19.6     16.9     35.5 1984  4 25  4 16 53.440  3.00   1
    17842  37.288977 -121.668913     3.829     -171.7       27.5    -1071.4      7.2      6.9     17.3 1984  4 25  4 35 19.170  1.90   1
    16635  37.294373 -121.670052     6.036     -272.8      626.4     1135.6     20.7     15.0     37.0 1984  4 25  7 22 22.290  1.40   1
    16576  37.287467 -121.663330     6.224      323.3     -140.0     1324.1     21.9     16.9     26.9 1984  4 25 14  6 57.560  1.62   1
    17929  37.289697 -121.666821     5.823       13.7      107.5      922.7      8.5     10.5     23.5 1984  4 25 22 14 23.140  1.80   1
    16659  37.290023 -121.665706     6.342      112.6      143.6     1441.3     13.9     10.4     26.5 1984  4 26  8 54 51.420  1.52   1
    16701  37.291569 -121.666951     6.379        2.2      315.2     1478.5     16.6     12.6     29.7 1984  4 26 17 22 44.280  1.57   1
    18075  37.288472 -121.667586     4.189      -54.1      -28.5     -711.7     12.2      8.9     17.0 1984  4 26 20 11 12.520  1.17   1
    16751  37.291390 -121.671021     3.799     -358.6      295.3    -1101.4     11.9      8.1     22.6 1984  4 27  7 48 23.500  0.97   1
    16766  37.287923 -121.665641     5.784      118.3      -89.4      883.4     11.4     11.2     23.3 1984  4 27 11  8  9.220  1.31   1
    16802  37.287463 -121.663330     6.216      323.3     -140.4     1315.6     22.4     16.7     28.3 1984  4 27 19  3 15.040  1.31   1
    16821  37.285079 -121.662590     5.951      389.0     -405.1     1051.1      9.7     12.4     23.8 1984  4 28  0  4 31.210  0.83   1
    16827  37.284855 -121.662280     5.979      416.4     -429.9     1079.1     10.7     11.2     26.2 1984  4 28  1 43 47.850  1.21   1
    16838  37.294340 -121.669922     6.049     -261.2      622.7     1148.3     19.6     14.7     35.8 1984  4 28  3 54 12.200  1.39   1
    16841  37.286117 -121.665291     4.541      149.4     -289.9     -359.5     14.1      9.7     24.1 1984  4 28  4 43 26.310  1.47   1
    19159  37.290641 -121.666138     6.325       74.3      212.2     1425.0     14.0      9.8     24.6 1984  4 28 16 12 43.750  2.09   1
    16885  37.289148 -121.664982     6.331      176.8       46.5     1431.1     13.0      9.2     22.6 1984  4 28 18 53 49.960  2.18   1
    16911  37.288245 -121.665853     5.782       99.6      -53.7      882.1     12.2     12.7     28.8 1984  4 29  2 29 16.340  1.27   1
    17074  37.289974 -121.665592     6.337      122.7      138.2     1437.1     13.4     10.5     24.7 1984  4 30 14 46  1.740  1.59   1
    17272  37.289738 -121.666805     5.819       15.2      112.0      918.6      8.9      9.0     22.9 1984  5  2  7 34 17.770  1.65   1
    17294  37.293221 -121.672729     3.800     -510.2      498.6    -1100.2     10.9      7.3     20.7 1984  5  2 14 32 55.730  1.70   1
    17356  37.285445 -121.666536     3.430       39.0     -364.4    -1469.8      8.6      8.4     27.1 1984  5  2 22 58 42.360  1.77   1
    17669  37.287451 -121.663346     6.220      321.9     -141.8     1320.0     22.7     16.8     30.2 1984  5  3 23 10 52.920  1.04   1
    17723  37.286174 -121.663216     5.731      333.4     -283.6      830.4     11.9      9.8     26.9 1984  5  4 18 42 58.080  3.05   1
    17526  37.287655 -121.665479     5.722      132.8     -119.2      822.2     11.4     10.1     18.1 1984  5  5  3 31 54.930  2.45   1
    17779  37.285917 -121.663753     5.693      285.8     -312.1      792.8     11.3      9.8     20.7 1984  5  7 14 27 20.420  2.85   1
    17794  37.284713 -121.662663     5.796      382.5     -445.7      895.9     11.9      9.7     26.9 1984  5  7 16 34 13.860  1.30   1
    17834  37.294340 -121.669971     6.053     -265.6      622.7     1152.6     19.9     15.1     37.5 1984  5  8  6 55  3.840  1.17   1
    18466  37.285185 -121.662622     5.969      386.1     -393.3     1068.4     10.7     12.9     26.4 1984  5 15  1 42 21.350  1.18   1
    18608  37.291707 -121.667131     6.340      -13.7      330.6     1440.1     13.8      9.9     23.4 1984  5 16 17  9 28.700  2.32   1
    18708  37.289530 -121.666602     5.702       33.2       89.0      803.1     15.6     11.8     27.1 1984  5 17  8 43  3.370  3.32   1
    18857  37.285124 -121.662541     5.966      393.3     -400.1     1065.5     12.0     16.6     33.5 1984  5 19  4 20 31.710  0.74   1
    19686  37.290198 -121.669173     4.337     -194.8      163.0     -563.6      9.5     12.2     23.0 1984  5 29 23 53  6.840  0.99   1
    19720  37.289998 -121.665674     6.210      115.5      140.9     1310.0     14.6     10.7     26.1 1984  5 30 12 38 10.840  3.00   1
    19745  37.291235 -121.666789     6.369       16.6      278.2     1468.9     24.0     20.6     41.4 1984  5 30 17  5  4.160  0.80   1
    19776  37.286890 -121.665861     4.515       98.9     -204.1     -384.8     13.9     10.2     23.9 1984  5 31  1 43 34.410  1.22   1
    19860  37.289705 -121.666854     5.807       10.8      108.4      906.8      9.3     10.2     25.6 1984  6  1  3 27 26.880  1.58   1
    19888  37.294340 -121.670052     6.034     -272.8      622.7     1133.6     21.0     16.9     39.8 1984  6  1  9  7  7.310  1.08   1
    19992  37.286507 -121.664201     5.708      246.1     -246.6      807.5     11.7     10.4     22.8 1984  6  2 17 32  6.480  2.92   1
    20113  37.284692 -121.662728     5.762      376.7     -448.0      862.1     13.1     10.9     29.4 1984  6  4 16 23 29.800  1.15   1
    20328  37.292493 -121.667798     6.396      -72.9      417.7     1495.6     27.6     20.4     44.9 1984  6  5 23 51 14.920  0.93   1
    20622  37.287138 -121.665243     5.718      153.7     -176.6      818.0     13.0     10.8     25.5 1984  6 11  4 58 46.580  1.48   1
    20978  37.286092 -121.663200     5.813      334.8     -292.6      912.5     13.0     10.9     27.3 1984  6 16  3 50 27.150  3.13   1
    21561  37.287496 -121.663574     6.330      301.6     -136.8     1430.1     17.1     16.1     26.7 1984  6 26  7 13 18.280  0.80   1
    21644  37.290771 -121.670524     3.859     -314.6      226.7    -1041.4      9.2      6.8     17.7 1984  6 27 14 50 38.140  1.59   1
    22144  37.286121 -121.665275     4.523      150.8     -289.5     -377.6     14.0     10.4     21.5 1984  7  5 12 49 57.720  1.28   1
    22165  37.288477 -121.667619     4.184      -57.0      -28.0     -716.2     11.3     10.5     20.1 1984  7  5 17  6 28.740  0.96   1
    22271  37.291020 -121.670801     3.740     -339.2      254.2    -1160.7     11.2     10.5     20.9 1984  7  7  0 17  9.970  2.67   1
    22280  37.288652 -121.668896     3.742     -170.3       -8.6    -1158.5     10.6     11.0     19.1 1984  7  7  2 35  4.060  1.53   1
    23190  37.289636 -121.669670     3.780     -238.9      100.7    -1120.5      7.0      6.6     16.2 1984  7 17 16 24 49.440  1.85   1
    23195  37.287602 -121.665552     5.723      126.3     -125.1      823.0     11.8      9.4     17.4 1984  7 17 17 53  4.200  2.33   1
    24519  37.289050 -121.669857     3.559     -255.5       35.7    -1341.3      9.8      7.9     17.0 1984  7 30 14 16 49.060  2.31   1
    24674  37.289705 -121.666886     5.823        7.9      108.4      922.3     10.0      9.1     22.2 1984  8  1 12 29 16.890  1.64   1
    25096  37.290104 -121.670451     3.640     -308.1      152.6    -1260.1     10.3      7.8     21.4 1984  8  7  9  7  6.330  1.17   1
    25305  37.290141 -121.669198     4.261     -197.0      156.7     -639.1     10.1     12.4     18.8 1984  8 10  7  4  4.200  0.95   1
    25937  37.285152 -121.662687     5.990      380.3     -396.9     1090.1     10.8     16.8     36.7 1984  8 19 20 27 32.960  0.69   1
    26238  37.290218 -121.669344     4.257     -210.0      165.3     -643.5     10.1     12.5     20.5 1984  8 25  0 19 18.360  0.72   1
    27421  37.285474 -121.662785     5.971      371.6     -361.3     1071.2      9.8     10.5     25.3 1984  9  6 16 33 41.640  1.41   1
    27683  37.285783 -121.663949     5.705      268.5     -327.0      805.0      9.8      8.0     19.6 1984  9 10 16 24 47.130  2.39   1
    27684  37.285726 -121.663802     5.744      281.4     -333.3      844.2     10.0      8.1     21.8 1984  9 10 16 33 36.940  1.79   1
    27721  37.285136 -121.662663     5.970      382.5     -398.8     1070.0     10.2     13.4     22.8 1984  9 11  8 13 54.330  0.83   1
    27722  37.287996 -121.665731     5.770      110.4      -81.3      870.1     10.1      9.2     20.7 1984  9 11  9 29 23.690  1.78   1
    27724  37.289905 -121.665641     6.340      118.3      130.5     1439.3     13.9     11.2     25.4 1984  9 11 10 26  8.190  1.55   1
    28475  37.291528 -121.671224     3.765     -376.7      310.7    -1135.2     13.4     12.5     27.3 1984  9 23  8 43 14.720  1.07   1
    29752  37.285453 -121.666602     3.428       33.2     -363.5    -1472.2      9.2      8.4     26.0 1984 10 10  7 11 54.160  1.90   1
    29901  37.291610 -121.667041     6.365       -5.8      319.7     1464.5     16.6     13.0     25.8 1984 10 12  7 13 23.200  1.21   1
    30009  37.290983 -121.668066     5.765      -96.7      250.2      864.6     15.6     14.7     22.9 1984 10 13 17 32 47.840  1.83   1
    30159  37.290104 -121.669246     4.335     -201.3      152.6     -565.6      9.2     12.9     27.7 1984 10 17 11 39  4.900  0.89   1
    30929  37.290955 -121.668197     5.749     -108.2      247.0      848.9     13.7     11.5     24.6 1984 10 30  2 49 48.600  1.41   1
    31031  37.286438 -121.664111     5.712      254.0     -254.2      811.3     12.2     10.8     24.7 1984 10 31  3  5 11.660  2.89   1
    31037  37.285087 -121.662663     5.948      382.5     -404.2     1048.1     10.2     12.9     22.9 1984 10 31 15 28 48.300  0.79   1
    31068  37.284749 -121.662378     5.946      407.7     -441.7     1045.5     11.5     14.1     30.8 1984 11  1  5 22 45.950  0.79   1
    31844  37.286117 -121.665275     4.534      150.8     -289.9     -366.0     14.2     10.1     21.7 1984 11 13 11 59  9.360  1.31   1
    32049  37.288940 -121.669084     3.762     -186.9       23.5    -1138.6      7.1      6.8     15.9 1984 11 18  0 28 55.240  1.69   1
    32676  37.285718 -121.662972     5.814      355.0     -334.2      914.1     13.5      9.7     25.3 1984 11 28 11 54 37.810  2.94   1
    35929  37.287280 -121.665267     5.718      151.5     -160.8      817.9     12.2      9.6     21.0 1984 12  1  8  9 13.540  1.74   1
    33786  37.286898 -121.665837     4.521      101.0     -203.2     -379.5     13.9      9.7     23.4 1984 12 10  7 45 41.770  1.43   1
    34527  37.289750 -121.666870     5.812        9.4      113.3      912.2      9.5      9.4     22.3 1984 12 15 10 28 17.680  1.61   1
    34841  37.284737 -121.662777     5.769      372.4     -443.0      868.7     14.6      9.9     26.8 1984 12 19  8 29 34.630  1.35   1
    35109  37.290771 -121.670483     3.828     -311.0      226.7    -1072.0      9.6      6.9     16.6 1984 12 22  4 43 44.710  1.60   1
    38148  37.287174 -121.667562     3.628      -52.0     -172.5    -1272.4     15.5     10.5     30.5 1985  1 19 11 56 37.340  2.49   1
    39944  37.291402 -121.668490     5.742     -134.2      296.7      841.9     15.3     11.8     26.0 1985  2  5 11 42 49.820  2.05   1
    40913  37.289181 -121.665015     6.322      173.9       50.1     1421.3     12.7     10.1     23.5 1985  2 13 23 52 25.080  1.70   1
    41574  37.290202 -121.669173     4.327     -194.8      163.5     -573.3      9.2     12.4     24.1 1985  2 16 20 53  7.160  1.20   1
    42349  37.288953 -121.668896     3.834     -170.3       24.8    -1066.5     17.4     12.0     30.3 1985  2 28  1  9 58.300  0.84   1
    42555  37.288916 -121.668856     3.820     -166.7       20.8    -1080.3      5.9      7.0     16.2 1985  3  2  6 53 56.010  1.74   1
    42559  37.289653 -121.669613     3.809     -233.8      102.5    -1091.2      6.9      6.5     17.8 1985  3  2  8 55  3.470  1.91   1
    42643  37.289201 -121.669312     3.752     -207.1       52.4    -1147.8      7.5      6.8     15.8 1985  3  2  8 55 29.590  2.08   1
    42560  37.290011 -121.670011     3.768     -269.2      142.3    -1132.5      9.1      7.0     21.8 1985  3  2  8 58  0.480  1.22   1
    43546  37.289421 -121.666756     5.694       19.5       76.8      793.4     16.4     12.8     24.6 1985  3 12  4  3 59.980  3.24   1
    43580  37.289734 -121.666878     5.804        8.7      111.5      903.7     12.3     11.4     27.0 1985  3 12  4  4 51.800  2.04   1
    44335  37.286047 -121.664006     5.701      263.4     -297.6      800.6     10.6      8.5     18.3 1985  3 20  4 57 39.190  2.56   1
    44729  37.287113 -121.665218     5.754      155.9     -179.3      853.6     15.1     13.4     27.8 1985  3 26 11 50 46.600  1.26   1
    45835  37.287903 -121.665072     5.929      168.9      -91.7     1029.1     13.8     14.0     26.0 1985  4 10 18 45 20.620  1.07   1
    46041  37.294356 -121.670036     6.028     -271.3      624.6     1128.0     21.0     17.6     40.3 1985  4 13 14  1 53.470  1.16   1
    47288  37.285282 -121.666618     3.125       31.8     -382.5    -1775.1     11.7     16.3     39.3 1985  5  5 16 50  5.800  0.94   1
    49151  37.285624 -121.666715     3.406       23.1     -344.6    -1494.5     10.6     13.3     29.2 1985  6  8  4 58 49.900  0.64   1
    49626  37.291488 -121.671208     3.884     -375.2      306.2    -1016.7     11.4     11.4     21.9 1985  6 15  1 38 57.380  0.94   1
    49633  37.286161 -121.665340     4.524      145.1     -285.0     -376.4     14.7     10.3     22.6 1985  6 16  5 24 54.700  1.29   1
    50591  37.287781 -121.667912     3.752      -83.0     -105.2    -1148.0     16.2     10.2     24.7 1985  7  4  3  6  5.160  1.06   1
    51288  37.285669 -121.666732     3.439       21.6     -339.6    -1460.9     12.4     15.9     31.8 1985  7 17 13 58 38.250  1.02   1
    51325  37.285726 -121.662858     5.916      365.2     -333.3     1016.0     11.3     10.1     23.8 1985  7 17 23 39 58.840  1.89   1
    51378  37.285144 -121.662614     5.943      386.8     -397.9     1042.7     10.0     12.4     23.5 1985  7 18 23 42  1.800  0.97   1
    51398  37.290173 -121.669271     4.336     -203.5      160.3     -564.2     10.0     12.3     22.0 1985  7 19  9 58 16.960  0.97   1
    52580  37.289742 -121.666919     5.808        5.1      112.4      907.8      8.8      9.0     22.5 1985  8  9 11 45  2.020  1.60   1
    54084  37.289681 -121.669661     3.753     -238.1      105.7    -1146.9      8.3      7.1     16.7 1985  8 28 20 35 10.100  1.58   1
    57271  37.293481 -121.673022     3.813     -536.2      527.5    -1087.5     11.8      7.6     19.9 1985 10 19 16 33 20.030  1.38   1
    57273  37.293241 -121.672860     3.767     -521.7      500.8    -1132.9     10.9      7.4     19.0 1985 10 19 17 35 48.940  1.66   1
    57770  37.290137 -121.670557     3.629     -317.5      156.3    -1271.4     10.6      8.7     20.6 1985 10 28  3 55 38.130  1.31   1
    58027  37.290902 -121.668083     5.762      -98.1      241.2      862.0     11.0      8.2     22.4 1985 10 31 23 53 38.440  1.96   1
    58028  37.291764 -121.668872     5.780     -168.1      336.9      879.5     12.4     12.3     25.4 1985 10 31 23 55 40.960  1.46   1
    58676  37.290218 -121.665902     6.296       95.3      165.3     1396.0     13.0     10.5     23.9 1985 11  9 23 12 11.080  1.88   1
    59070  37.286894 -121.664689     5.796      202.8     -203.7      895.3     14.9     11.4     23.9 1985 11 14  9 21  5.080  0.97   1
    61248  37.284766 -121.662826     5.774      368.0     -439.9      873.5     12.9     11.3     28.8 1985 12 12  7 33 37.950  1.16   1
    61462  37.288509 -121.667700     4.182      -64.2      -24.4     -717.9     10.4      9.2     25.8 1985 12 14 18 25 45.080  1.09   1
    61809  37.290165 -121.669255     4.341     -202.1      159.4     -559.5      8.8     12.4     21.2 1985 12 19  0  2 10.460  0.97   1
    62142  37.290356 -121.669458     4.322     -220.1      180.6     -578.4     10.7     13.2     26.7 1985 12 24 21 18 58.720  0.89   1
    62514  37.288953 -121.669132     3.745     -191.2       24.8    -1155.4      7.1      7.0     15.8 1985 12 31 15 50 52.230  1.74   1
    62520  37.288969 -121.668970     3.802     -176.8       26.6    -1098.3      6.5      6.5     17.4 1985 12 31 18  3  3.480  1.62   1
    65047  37.286971 -121.665885     4.523       96.7     -195.1     -377.4     14.3     10.4     23.3 1986  1 30  3 31 43.810  1.30   1
    65406  37.285173 -121.662646     5.968      383.9     -394.7     1068.1     10.1     12.9     23.0 1986  2  2  8 26 42.650  1.18   1
    66346  37.285531 -121.666626     3.423       31.0     -355.0    -1476.9     10.0      9.9     27.6 1986  2 11 10 37 16.920  1.40   1
    66201  37.285612 -121.666626     3.420       31.0     -345.9    -1480.5      9.0      9.2     26.4 1986  2 11 11 50  0.620  1.50   1
    67820  37.290877 -121.670540     3.837     -316.1      238.4    -1063.7      9.2      7.9     19.6 1986  3  8 10 32  4.410  1.63   1
    67803  37.286190 -121.665348     4.539      144.3     -281.8     -361.5     15.1     10.7     23.3 1986  3  9 18 55 22.760  1.42   1
    70356  37.286764 -121.664535     5.676      216.5     -218.1      776.2     11.3     11.0     22.2 1986  4  4 10 16 40.970  3.19   1
    70373  37.287565 -121.665544     5.720      127.0     -129.2      819.5     15.2     11.2     30.3 1986  4  4 10 17 30.150  2.37   1
    70083  37.285173 -121.662695     5.962      379.6     -394.7     1061.4     11.0     12.7     21.1 1986  4 12  7 13 35.460  1.00   1
    70826  37.294279 -121.670125     6.025     -279.3      616.0     1124.3     25.4     18.0     35.1 1986  4 21  8 46 14.270  0.99   1
    73536  37.290959 -121.668107     5.770     -100.3      247.5      869.9     16.6     15.1     21.9 1986  5 29  1 41 52.560  1.51   1
    73786  37.289221 -121.669930     3.503     -262.0       54.6    -1397.0     19.4     13.6     22.6 1986  6  1 10 51 31.460  1.21   1
    73850  37.289758 -121.666919     5.812        5.1      114.3      911.4     10.3     10.1     22.2 1986  6  2  5  8 18.340  1.52   1
    76654  37.286092 -121.663371     5.789      319.7     -292.6      889.2     12.2      9.5     24.9 1986  7 16 20 59  3.320  2.98   1
    76560  37.285107 -121.662687     5.984      380.3     -401.9     1083.8     13.0     16.6     36.9 1986  7 17  4 26  2.170  0.83   1
    77218  37.289608 -121.669743     3.777     -245.4       97.5    -1123.5      7.4      6.6     17.8 1986  7 25  9 22 50.290  2.26   1
    77283  37.289201 -121.669401     3.768     -215.0       52.4    -1132.5      7.9      7.2     17.7 1986  7 25  9 23  5.480  2.35   1
    77296  37.289982 -121.670068     3.800     -274.2      139.1    -1100.2     10.0      9.0     20.8 1986  7 25 16  1 52.100  1.15   1
    81016  37.291817 -121.671444     3.873     -396.2      342.8    -1027.2     12.2     10.2     21.4 1986  9  2  7 22  7.550  0.52   1
    81017  37.291610 -121.671248     3.868     -378.8      319.7    -1031.8     12.2     10.0     21.4 1986  9  2  7 24 15.870  0.83   1
    81735  37.287935 -121.665723     5.769      111.1      -88.1      868.8     12.2     11.8     25.9 1986  9  8 23  4 33.440  1.55   1
    82606  37.291081 -121.670923     3.733     -350.0      261.0    -1167.6     10.4     10.3     24.2 1986  9 15 20 17 49.920  2.67   1
    83579  37.290397 -121.669336     4.127     -209.3      185.2     -773.7     11.1     12.3     29.7 1986  9 22 19 39 11.020  0.83   1
    83805  37.290906 -121.670638     3.844     -324.7      241.6    -1055.5      8.4      7.2     16.7 1986  9 25 12  1 52.830  1.36   1
    85194  37.286914 -121.667285     3.553      -27.4     -201.4    -1347.4     21.3     20.1     38.1 1986 10  9  2  6 22.720  2.95   1
    85669  37.285421 -121.666667     3.407       27.4     -367.1    -1493.2      9.7      9.6     27.3 1986 10 14 15 13 49.290  1.43   1
    87103  37.288379 -121.667578     4.142      -53.4      -38.8     -758.6     10.4     11.6     20.6 1986 11  3  8 20 28.780  0.94   1
    87964  37.284749 -121.662769     5.760      373.1     -441.7      860.0     11.7     11.2     26.8 1986 11 14 11 55 11.210  0.96   1
    88698  37.291634 -121.671224     3.949     -376.7      322.4     -951.0     13.6      8.9     22.0 1986 11 25 13  0 35.660  1.01   1
    90036  37.289970 -121.669108     4.194     -189.1      137.7     -706.1     12.0     12.0     23.3 1986 12 12 17 46 44.360  0.64   1
    90485  37.290181 -121.669198     4.312     -197.0      161.2     -588.0      8.8     11.2     20.7 1986 12 18  2  5 30.480  1.09   1
    93248  37.289201 -121.670052     3.487     -272.8       52.4    -1412.9     18.2     16.7     28.0 1987  1 26 13 47 46.830  2.35   1
    95188  37.285177 -121.662549     5.939      392.6     -394.2     1038.8     11.4     11.3     30.6 1987  2 21  7 40 45.210  1.18   1
    95317  37.285323 -121.662809     6.149      369.5     -378.0     1248.9     12.3     13.6     35.9 1987  2 23 17  5  2.320  0.91   1
    97576  37.290308 -121.669621     4.280     -234.5      175.2     -620.4     10.7     12.7     28.2 1987  3 29 10  2  1.050  0.79   1
    98812  37.288428 -121.667594     4.133      -54.8      -33.4     -767.3     10.5     10.5     19.0 1987  4 17 16 13 47.300  1.18   1
   101361  37.289653 -121.669694     3.777     -241.0      102.5    -1123.4      7.8      7.7     16.3 1987  6  3  6 56  7.740  1.92   1
   101362  37.288944 -121.669173     3.738     -194.8       23.9    -1161.8      6.6      6.1     17.3 1987  6  3  6 58 51.320  1.74   1
   101659  37.287610 -121.665584     5.716      123.4     -124.2      816.0     10.4      8.9     16.9 1987  6  9  2  2 39.460  2.37   1
   102139  37.287500 -121.667749     3.632      -68.6     -136.4    -1268.5     18.8     18.0     32.4 1987  6 20 16 35 35.960  0.82   1
   102776  37.291545 -121.671216     3.858     -376.0      312.5    -1042.6     11.8     10.8     28.6 1987  7  7  1 44 26.990  1.01   1
   103138  37.289274 -121.669450     3.759     -219.4       60.5    -1140.5      6.3      6.8     16.4 1987  7 14 19  2 57.020  1.72   1
   103702  37.289762 -121.666943     5.809        2.9      114.7      908.7     10.7      9.9     25.0 1987  7 28  7  4 28.800  1.51   1
   103833  37.290983 -121.668245     5.766     -112.6      250.2      865.4     13.9     13.0     23.4 1987  8  1  1 40 41.980  1.94   1
   105327  37.287447 -121.667847     3.736      -77.2     -142.3    -1163.9     10.8      9.1     19.7 1987  9  4 10 31 17.310  1.74   1
   105800  37.289107 -121.666496     5.765       42.6       42.0      864.4     10.5     13.0     24.9 1987  9 14 23  7 17.840  0.83   1
   106343  37.290312 -121.669531     4.432     -226.6      175.7     -467.9     10.4     12.5     17.5 1987  9 27  7 19 34.920  0.75   1
   106370  37.290198 -121.669303     4.402     -206.4      163.0     -497.8     10.2     11.7     21.4 1987  9 27  8 23 11.780  0.96   1
   106462  37.288416 -121.667651     4.176      -59.9      -34.8     -724.3     12.1     10.7     22.7 1987  9 29  4 47  3.550  0.92   1
   107299  37.285490 -121.662891     5.986      362.3     -359.5     1086.2     11.9      9.8     24.5 1987 10 17  9 43 42.990  1.55   1
   107927  37.289400 -121.666992     5.720       -1.4       74.5      819.7     14.4     10.9     22.6 1987 11  1 22 11 13.060  3.15   1
   107902  37.289779 -121.666984     5.808       -0.7      116.5      907.6      9.3      9.6     23.3 1987 11  1 22 13 47.560  1.56   1
   107906  37.287964 -121.665739     5.767      109.7      -84.9      866.9     10.9     10.1     22.9 1987 11  2  3  6 28.290  1.52   1
   108512  37.285433 -121.666610     3.381       32.5     -365.8    -1519.0      8.7      8.8     26.3 1987 11 16 23 19  9.000  1.98   1
   109132  37.290096 -121.669303     4.333     -206.4      151.7     -567.0     10.0     12.7     18.4 1987 11 27  4  7 50.420  0.67   1
   110939  37.290063 -121.670386     3.568     -302.4      148.1    -1332.6      9.9      9.4     21.0 1988  1 15  1 56 42.310  1.39   1
   112178  37.285478 -121.662655     6.236      383.2     -360.8     1336.2     16.7     15.3     41.8 1988  2 10 20 13  1.200  0.94   1
   112230  37.286043 -121.665283     4.521      150.1     -298.1     -379.0     14.7      9.5     22.2 1988  2 13  4 54 35.870  1.36   1
   112868  37.291650 -121.671216     3.969     -376.0      324.2     -931.0     12.6      9.8     27.8 1988  2 25 10  0 17.780  0.92   1
   113569  37.291569 -121.667090     6.324      -10.1      315.2     1424.0     15.4     12.2     27.7 1988  3  9  2  8 11.840  1.40   1
   114006  37.285856 -121.663737     5.730      287.2     -318.8      830.0     10.0      7.6     16.2 1988  3 16 23 10  6.640  2.45   1
   115994  37.290902 -121.668123     5.750     -101.7      241.2      849.5     11.1      9.0     23.5 1988  4 21  4 42 14.550  1.94   1
   115996  37.291756 -121.668799     5.758     -161.6      336.0      857.4     14.2     13.0     25.2 1988  4 21  4 48 47.890  0.84   1
   116401  37.289140 -121.665072     6.311      168.9       45.6     1410.6     12.6      9.5     23.2 1988  4 29  7 29 57.200  1.68   1
   116406  37.289408 -121.665251     6.342      153.0       75.4     1441.5     12.8      9.8     22.3 1988  4 29  7 47 21.590  1.99   1
   117175  37.289746 -121.666903     5.788        6.5      112.9      887.6      8.3      9.7     24.6 1988  5 13 17 17 30.760  1.52   1
   119615  37.290133 -121.665885     6.298       96.7      155.8     1397.5     13.3     10.0     25.5 1988  6 27  4 18 37.320  2.52   1
   119610  37.290084 -121.665820     6.289      102.5      150.4     1388.9     13.4     11.0     25.1 1988  6 27  4 18 52.410  2.72   1
   119763  37.290194 -121.669173     4.296     -194.8      162.6     -603.3      9.8     12.0     25.5 1988  6 30 23 52 27.360  0.97   1
   119888  37.285205 -121.662614     5.981      386.8     -391.1     1081.0     13.0     12.7     35.6 1988  7  5  5  2 33.820  0.83   1
   120788  37.290763 -121.670549     3.820     -316.8      225.8    -1079.9      8.2      7.3     19.4 1988  7 23 10 42 21.740  1.53   1
   120974  37.290255 -121.669287     4.271     -204.9      169.3     -629.4      9.5     12.3     22.3 1988  7 26 18  9 59.220  0.80   1
   126189  37.289587 -121.669718     3.766     -243.2       95.3    -1134.6      7.6      7.2     17.3 1988 11  2  3  9 12.610  1.93   1
   126292  37.288896 -121.669173     3.741     -194.8       18.5    -1159.1      6.8      7.3     17.3 1988 11  3  1 30  4.280  1.71   1
   126389  37.288900 -121.669067     3.825     -185.5       19.0    -1075.8      7.5      7.5     17.9 1988 11  4 13 34 34.720  1.87   1
   126560  37.284798 -121.662882     5.756      363.0     -436.2      855.8     12.2     10.8     24.7 1988 11  7 17 51 17.980  1.24   1
   126901  37.285588 -121.666715     3.428       23.1     -348.6    -1471.9      9.8     10.6     27.9 1988 11 12 18 11 57.680  1.07   1
   129454  37.286112 -121.662435     6.468      402.7     -290.4     1568.1     14.3     10.8     25.8 1988 12 30 23 53 29.880  1.74   1
   129428  37.288216 -121.662126     6.227      430.1      -56.9     1326.4     45.5     41.4     62.5 1988 12 30 23 54 24.000  4.30   1
   129887  37.290243 -121.669377     4.303     -212.9      168.0     -597.1      8.9     12.0     24.1 1989  1 13 10  9  6.070  0.94   1
   131766  37.289160 -121.665031     6.323      172.5       47.9     1422.5     12.9      9.7     22.3 1989  2 22 14 10 28.230  1.79   1
   132424  37.287288 -121.667782     3.604      -71.4     -159.9    -1296.3     15.9     11.8     31.5 1989  3  7 15  3 21.870  2.62   1
   132469  37.285571 -121.662736     5.933      376.0     -350.4     1033.0     11.4     10.7     28.2 1989  3  8 14 47  1.080  1.40   1
   132715  37.285315 -121.662435     6.027      402.7     -378.9     1127.0      9.0     12.2     32.0 1989  3 12  7 15 43.550  0.81   1
   139260  37.290186 -121.669043     4.261     -183.3      161.7     -639.7     10.7     12.1     20.8 1989  7  1  1 11 28.510  0.96   1
   140151  37.287329 -121.663257     6.334      329.8     -155.3     1433.5     13.0     10.5     22.7 1989  7 16 21 54  2.440  1.65   1
   140303  37.285575 -121.666504     3.525       41.9     -350.0    -1375.3     11.2     11.1     29.1 1989  7 19  8 51 59.540  1.28   1
   142196  37.288468 -121.667546     4.196      -50.5      -28.9     -704.0     10.1      8.0     20.7 1989  8 14  4  7  9.360  1.25   1
   144026  37.285156 -121.662565     5.984      391.1     -396.5     1083.2     10.0     12.1     23.0 1989  9 14 10 35 38.140  0.87   1
   144648  37.287512 -121.665348     5.709      144.3     -135.0      809.1     15.8     13.3     29.8 1989  9 26 17  2  0.820  0.92   1
   144843  37.290995 -121.668237     5.756     -111.9      251.5      855.3     13.5     10.3     23.1 1989 10  1 18 21 45.920  1.78   1
   148939  37.289026 -121.669092     3.764     -187.6       33.0    -1136.1      6.2      5.9     16.9 1989 12 13  5 33 46.080  1.60   1
   149804  37.293245 -121.672689     3.731     -506.6      501.3    -1169.5     10.1      7.8     21.0 1989 12 30  6 19 29.350  1.59   1
   150901  37.286983 -121.665771     4.533      106.8     -193.7     -367.7     14.0      9.2     25.0 1990  1 19  9 24  8.400  1.24   1
   151583  37.285531 -121.666561     3.438       36.8     -355.0    -1462.5     10.0     10.2     27.8 1990  1 31  5  8 47.310  1.38   1
   153849  37.285392 -121.662378     5.947      407.7     -370.3     1046.8     18.3     14.1     39.2 1990  3  6 23  9 12.960  0.83   1
   154124  37.287724 -121.665487     5.699      132.1     -111.5      798.8     10.8      9.3     17.7 1990  3 11 11 52 34.830  2.34   1
   155780  37.285478 -121.666545     3.461       38.2     -360.8    -1438.9      9.7      9.8     27.5 1990  4 11  5 35 19.420  1.33   1
   157462  37.286450 -121.663989     5.656      264.8     -252.9      755.2     11.8     12.6     25.7 1990  5 10 16 43 48.520  3.18   1
   157486  37.284786 -121.662524     5.717      394.7     -437.6      817.1     13.5     11.4     27.2 1990  5 11 22 59 22.960  0.97   1
   157494  37.290108 -121.668962     4.237     -176.1      153.1     -663.7     11.3     13.4     20.2 1990  5 12  2 57 13.600  0.81   1
   157758  37.289815 -121.666829     5.813       13.0      120.6      913.2     10.8      9.3     24.7 1990  5 16  4 10 37.430  1.59   1
   158154  37.291630 -121.671159     3.913     -370.9      322.0     -987.5     11.3      8.9     18.8 1990  5 23 11 11 37.580  1.03   1
   158290  37.291866 -121.671379     3.949     -390.4      348.2     -950.8     14.5     12.0     25.1 1990  5 23 16 30 36.550  0.82   1
 20091514  37.285962 -121.663208     5.917      334.1     -307.1     1016.3     13.3     10.1     22.8 1990  6 11  1 38 14.370  3.10   1
   159156  37.287939 -121.665015     5.977      173.9      -87.6     1076.9     15.7     10.9     31.8 1990  6 11  2 45 19.820  1.25   1
   160503  37.289714 -121.669596     3.865     -232.4      109.3    -1034.9      7.9      9.3     16.3 1990  7  5 20  4 42.800  1.71   1
   161358  37.290304 -121.669092     4.392     -187.6      174.8     -508.1     12.5     13.1     24.1 1990  7 20  5 51 45.700  0.96   1
 20092038  37.292655 -121.667285     6.134      -27.4      435.8     1234.0     25.1     16.7     34.0 1990  8 17  2 26 16.740  3.68   1
   163527  37.291292 -121.666715     6.406       23.1      284.5     1505.5     18.2     15.3     39.1 1990  9  1 17 25 25.320  0.96   1
   165437  37.290295 -121.667537     5.742      -49.8      173.9      841.7     10.9     10.4     22.0 1990 10 17  6 15 15.710  1.80   1
   204801  37.290324 -121.669189     4.408     -196.3      177.0     -492.5     10.8     12.5     21.3 1991  1 15 17 29 20.200  0.94   1
   205031  37.290100 -121.670369     3.629     -300.9      152.2    -1271.2     11.7     11.1     22.2 1991  1 20  5  0 30.930  1.17   1
   205737  37.287500 -121.667684     3.697      -62.8     -136.4    -1203.5     21.1     17.6     42.0 1991  2  2  5 39  6.910  0.83   1
   206508  37.287671 -121.667928     3.813      -84.4     -117.4    -1086.5     12.1      9.5     25.4 1991  2 13 19 31  5.060  1.22   1
   207043  37.289058 -121.669824     3.506     -252.6       36.6    -1394.2      9.0      8.2     19.2 1991  2 22 15 51 34.750  2.28   1
   208364  37.291589 -121.671183     3.912     -373.1      317.5     -988.7     12.0     10.1     20.0 1991  3 22 11 23 27.560  1.05   1
   208389  37.291870 -121.671330     3.929     -386.1      348.6     -971.1     13.3     10.9     23.8 1991  3 22 11 34  4.350  0.81   1
   211885  37.285217 -121.662443     6.024      402.0     -389.7     1123.9     10.5     13.4     37.6 1991  5  4  6 30 12.620  0.94   1
   212119  37.285156 -121.662410     5.971      404.8     -396.5     1071.2     12.7     12.6     25.2 1991  5  9  0 14 24.910  1.22   1
   215747  37.288985 -121.669084     3.773     -186.9       28.5    -1127.3      7.9      7.4     17.4 1991  5 29  9 45 22.620  1.83   1
   220702  37.284729 -121.662484     5.692      398.4     -443.9      791.2     13.1     10.7     25.7 1991  6 22 16 36 38.560  1.21   1
   227435  37.290080 -121.670361     3.632     -300.2      149.9    -1268.7      9.5      7.9     20.8 1991  8 10 17  6  5.760  1.23   1
   227542  37.285400 -121.666610     3.421       32.5     -369.4    -1478.9      9.5      9.4     27.1 1991  8 12  9 56  3.630  1.43   1
   228484  37.287622 -121.665454     5.670      134.9     -122.8      769.5     10.6     12.4     18.8 1991  8 21 17  7 40.400  2.27   1
   229053  37.290780 -121.668026     5.722      -93.1      227.6      821.8     10.3      8.6     22.8 1991  8 28 14  4 22.080  2.05   1
   229871  37.290072 -121.668937     4.286     -173.9      149.0     -614.1      9.6     14.8     21.7 1991  9  6 16 39 27.620  0.93   1
   234881  37.285449 -121.666634     3.431       30.3     -364.0    -1469.3      9.8      9.6     27.7 1991 10 22 17  4 17.460  1.46   1
   238704  37.289669 -121.669645     3.749     -236.7      104.3    -1150.8      7.2      6.3     16.3 1991 12  3  5 24 24.980  2.01   1
   238790  37.289242 -121.669352     3.773     -210.7       56.9    -1126.8      6.0      6.8     16.5 1991 12  4  0  8 49.550  1.89   1
   238816  37.285490 -121.662712     6.017      378.1     -359.5     1116.3     13.4     11.7     33.7 1991 12  4 13 45 39.520  0.99   1
   241590  37.288350 -121.665918     5.736       93.8      -42.0      835.9     12.0     10.7     24.4 1991 12 23 12 33 19.250  1.22   1
   249781  37.289775 -121.666797     5.795       15.9      116.1      894.7     11.1      9.5     26.5 1992  2 10 12 31  5.020  1.61   1
   253921  37.285461 -121.666561     3.404       36.8     -362.6    -1496.5     10.7     10.4     28.7 1992  3  4 13 13  6.220  1.23   1
   261841  37.291492 -121.671183     3.922     -373.1      306.6     -978.2     11.6      9.5     22.3 1992  4  6  9 39 49.410  0.92   1
   292015  37.287012 -121.667326     3.603      -31.0     -190.6    -1297.1     19.5     19.6     36.8 1992  6  9 12 59 24.230  2.86   1
   303099  37.286080 -121.665243     4.572      153.7     -294.0     -328.3     14.6     10.6     22.0 1992  7  7  2 47 24.660  1.35   1
   304374  37.285563 -121.666699     3.470       24.5     -351.3    -1430.5     12.5     10.8     31.2 1992  7 17  9 51 49.510  1.02   1
   312743  37.290828 -121.670573     3.863     -319.0      233.0    -1037.3      8.8      9.0     17.1 1992  8 29 17  4 29.020  1.64   1
   314921  37.288790 -121.669035     3.880     -182.6        6.8    -1019.9     14.8     14.1     27.1 1992  9 11  1 22 13.650  1.06   1
   322432  37.286934 -121.665869     4.534       98.1     -199.2     -366.3     14.2     10.3     24.3 1992 11  5 12 35  5.470  1.26   1
   327300  37.291524 -121.668660     5.763     -149.4      310.2      863.0     10.0     10.9     24.5 1992 11 29  5  3  2.720  1.73   1
   330647  37.290222 -121.669084     4.356     -186.9      165.7     -544.3     10.4     12.1     21.6 1993  1  2 11 32 10.020  1.10   1
   331552  37.291565 -121.671240     3.929     -378.1      314.8     -970.9     11.6      9.4     18.2 1993  1  9 17 48 38.720  1.01   1
   331635  37.291284 -121.671143     3.848     -369.5      283.6    -1052.7     10.3      8.9     21.5 1993  1 10 22 13  9.440  1.20   1
   339439  37.285205 -121.662508     6.000      396.2     -391.1     1099.3      8.7     12.0     22.3 1993  3  7  1 47 38.410  1.22   1
   339511  37.285197 -121.662573     5.985      390.4     -392.0     1084.2      9.9     13.3     24.9 1993  3  8  9 25 39.610  1.01   1
   352620  37.289262 -121.669157     3.813     -193.4       59.2    -1087.2     11.9      9.1     24.2 1993  6  8  9 15  1.380  0.83   1
 30036393  37.291618 -121.671240     3.947     -378.1      320.6     -953.4     11.4     11.6     20.3 1993 12  1  0 25 49.530  0.98   1
   389286  37.288871 -121.669076     3.752     -186.2       15.8    -1148.0      8.2      7.1     19.1 1993 12 20 22 35  7.800  1.77   1
   391772  37.290149 -121.669124     4.272     -190.5      157.6     -628.5      9.5     12.2     19.0 1994  1 19  7 46 39.590  0.96   1
   391983  37.290145 -121.669206     4.429     -197.7      157.2     -471.5      9.9     12.4     23.0 1994  1 20  7 20 41.680  0.90   1
   399980  37.290068 -121.670312     3.634     -295.9      148.6    -1266.5      9.6      8.0     20.2 1994  4  6  4 11 34.960  1.38   1
   400563  37.285429 -121.666496     3.402       42.6     -366.2    -1498.6      9.5      9.4     28.5 1994  4 16 13 10 52.340  2.00   1
   401879  37.289771 -121.666789     5.818       16.6      115.6      917.7      8.2      9.4     23.3 1994  5  8 23  4 53.240  1.61   1
 30049085  37.287964 -121.665568     5.776      124.8      -84.9      875.8     10.2     10.5     24.6 1994  5 13 11 15 14.850  1.56   1
 30051942  37.290898 -121.668058     5.757      -96.0      240.7      856.8     11.1      8.6     23.8 1994  6 30 14 25 51.030  1.83   1
 30051943  37.291752 -121.668783     5.778     -160.2      335.5      877.2     12.5     10.0     25.8 1994  6 30 14 29 15.060  1.38   1
 30054274  37.293433 -121.672909     3.866     -526.1      522.0    -1034.1     11.9      8.4     20.2 1994  8  4 17 19  8.160  1.37   1
 30057908  37.285677 -121.663672     5.735      293.0     -338.7      834.5     11.4      8.3     18.0 1994  9 17 17 57  1.520  2.38   1
 30058785  37.285811 -121.663924     5.699      270.6     -323.8      798.8     10.3      7.9     17.9 1994  9 25 23  4 28.000  2.36   1
 30062741  37.289693 -121.669889     3.780     -258.3      107.0    -1119.8      7.0      8.2     24.0 1994 11 16 16 50 58.150  2.01   1
 30062748  37.289945 -121.669857     3.806     -255.5      135.0    -1094.0      8.8      7.9     21.4 1994 11 16 18  3 42.360  1.27   1
 30069218  37.288932 -121.668783     3.885     -160.2       22.6    -1015.0      8.6      8.9     21.1 1995  3  3  9 38 49.200  1.20   1
 30069222  37.288912 -121.668888     3.834     -169.6       20.3    -1066.1      6.6      6.9     18.8 1995  3  3 12 30 15.850  1.75   1
 30069457  37.288761 -121.668815     3.753     -163.1        3.6    -1146.9      8.5      7.3     17.0 1995  3  7 13 19 41.960  1.26   1
 30071053  37.285856 -121.663102     5.847      343.5     -318.8      946.7     13.3     10.6     22.0 1995  4  5  7 55 21.350  2.80   1
 30072363  37.284745 -121.662484     5.748      398.4     -442.1      847.6     13.1     11.7     27.4 1995  4 26 17 54  9.660  1.14   1
 30073191  37.291618 -121.671143     3.933     -369.5      320.6     -967.7     11.7      8.9     21.8 1995  5 14 11 18 47.000  1.02   1
 30074975  37.290186 -121.669019     4.290     -181.1      161.7     -609.9     10.3     12.4     22.8 1995  6 15 22 23  1.320  1.34   1
 30076454  37.290983 -121.670841     3.832     -342.8      250.2    -1068.5     10.1     12.1     21.8 1995  7  4 11 20 49.790  2.65   1
 30077970  37.288277 -121.665861     5.725       98.9      -50.1      825.0     21.8     13.2     36.5 1995  7 24  8 37 43.620  1.26   1
 30090632  37.287134 -121.667660     3.641      -60.6     -177.0    -1258.8     14.0     10.4     27.5 1995 11 25 19 22  6.180  2.56   1
 30091051  37.287211 -121.665226     5.696      155.2     -168.4      795.8     13.8     11.8     32.0 1995 12  2  1 12 15.750  1.40   1
 30092060  37.289071 -121.668937     3.709     -173.9       37.9    -1191.0      7.1      6.3     15.8 1995 12 15 18 53 39.820  1.82   1
 30107700  37.293498 -121.672843     3.795     -520.3      529.3    -1105.5     12.9     10.8     21.2 1996  5 30 18 47 12.480  1.35   1
   478138  37.289559 -121.669670     3.763     -238.9       92.1    -1137.1      9.8      7.5     19.1 1996  9  2 20 27  0.360  1.99   1
   478141  37.289933 -121.669963     3.728     -264.8      133.7    -1172.6      9.9      9.4     20.0 1996  9  2 20 36  3.960  1.38   1
   478159  37.288871 -121.668848     3.998     -166.0       15.8     -902.3     13.8     12.5     29.3 1996  9  3  0  2  4.940  1.17   1
   482382  37.285055 -121.662394     5.980      406.3     -407.8     1079.7     10.2     12.1     25.4 1996 10 19  4 32 38.790  1.30   1
   483500  37.287642 -121.665560     5.695      125.6     -120.6      794.2     11.7      9.8     18.9 1996 11  2 12 22 52.340  2.29   1
   485145  37.285356 -121.666545     3.404       38.2     -374.4    -1496.7     10.1      9.1     25.8 1996 11 20 12 25 42.190  1.93   1
   502047  37.289990 -121.665715     6.320      111.9      140.0     1419.4     15.8     10.4     25.3 1997  4 20 17  8  1.560  1.79   1
   522670  37.286259 -121.664038     5.772      260.5     -274.1      871.2     12.3      9.5     23.9 1997  9 26 19 58  2.480  3.09   1
   523141  37.289709 -121.666854     5.801       10.8      108.8      900.3     10.7      9.9     22.6 1997  9 29  3  7 46.980  1.55   1
   529274  37.288997 -121.669238     3.729     -200.6       29.8    -1171.1     10.0      9.0     16.7 1997 10 28 12  1 44.750  1.61   1
