    16484  37.286149 -121.663289     5.796      326.9     -286.3      895.7      2.1      1.6      4.4 1984  4 24 21 20 23.480  3.57   1
    16527  37.286597 -121.664315     5.755      236.0     -236.6      855.2      1.8      1.2      4.4 1984  4 24 21 23 39.960  3.54   1
    17496  37.291146 -121.666984     6.199       -0.7      268.2     1299.1      2.0      1.9      3.8 1984  4 25  0  4 49.440  1.23   1
    16521  37.286678 -121.667285     3.693      -27.4     -227.6    -1207.4      3.7      3.1      4.5 1984  4 25  4 16 53.440  3.00   1
    17842  37.288932 -121.668921     3.766     -172.5       22.6    -1134.2      1.4      1.5      2.4 1984  4 25  4 35 19.170  1.90   1
    16635  37.294307 -121.670085     6.103     -275.7      619.1     1202.6      1.1      1.2      2.7 1984  4 25  7 22 22.290  1.40   1
    16576  37.287264 -121.663656     6.084      294.4     -162.6     1183.6      5.8      2.7      3.2 1984  4 25 14  6 57.560  1.62   1
    17929  37.289669 -121.666740     5.772       20.9      104.3      871.8      2.1      1.5      4.9 1984  4 25 22 14 23.140  1.80   1
    16659  37.289962 -121.665999     6.194       86.6      136.8     1293.5      1.7      1.8      3.9 1984  4 26  8 54 51.420  1.52   1
    16701  37.291366 -121.667187     6.206      -18.8      292.6     1305.3      1.9      2.2      3.8 1984  4 26 17 22 44.280  1.57   1
    18075  37.288570 -121.667562     4.176      -52.0      -17.6     -724.8      2.0      2.0      5.9 1984  4 26 20 11 12.520  1.17   1
    16751  37.291317 -121.670988     3.762     -355.8      287.2    -1138.7      2.4      2.7      4.6 1984  4 27  7 48 23.500  0.97   1
    16766  37.287939 -121.665544     5.728      127.0      -87.6      827.9      2.0      1.7      5.2 1984  4 27 11  8  9.220  1.31   1
    16802  37.287301 -121.663672     6.085      293.0     -158.5     1185.0      5.8      2.6      3.7 1984  4 27 19  3 15.040  1.31   1
    16821  37.285189 -121.662557     5.864      391.9     -392.9      963.3      2.2      1.8      3.6 1984  4 28  0  4 31.210  0.83   1
    16827  37.284892 -121.662321     5.862      412.8     -425.9      961.2      2.3      1.8      3.9 1984  4 28  1 43 47.850  1.21   1
    16838  37.294312 -121.670060     6.104     -273.5      619.6     1203.2      1.1      1.2      1.6 1984  4 28  3 54 12.200  1.39   1
    16841  37.286186 -121.665088     4.469      167.4     -282.2     -431.6      1.8      1.6      5.9 1984  4 28  4 43 26.310  1.47   1
    19159  37.290552 -121.666423     6.198       49.1      202.3     1297.6      1.1      1.2      2.6 1984  4 28 16 12 43.750  2.09   1
    16885  37.289067 -121.665275     6.172      150.8       37.5     1271.5      1.9      1.5      3.2 1984  4 28 18 53 49.960  2.18   1
    16911  37.288281 -121.665837     5.733      101.0      -49.7      832.3      2.0      2.0      5.3 1984  4 29  2 29 16.340  1.27   1
    17074  37.289905 -121.665926     6.183       93.1      130.5     1282.4      1.4      1.6      3.2 1984  4 30 14 46  1.740  1.59   1
    17272  37.289705 -121.666764     5.768       18.8      108.4      867.3      2.2      1.7      4.9 1984  5  2  7 34 17.770  1.65   1
    17294  37.293168 -121.672607     3.728     -499.4      492.7    -1172.4      2.0      1.9      4.1 1984  5  2 14 32 55.730  1.70   1
    17356  37.285433 -121.666748     3.484       20.2     -365.8    -1416.4      1.6      1.5      4.5 1984  5  2 22 58 42.360  1.77   1
    17669  37.287276 -121.663647     6.100      295.2     -161.2     1199.3      5.8      2.7      4.2 1984  5  3 23 10 52.920  1.04   1
    17723  37.286206 -121.663167     5.819      337.7     -280.0      918.5      2.3      1.7      4.7 1984  5  4 18 42 58.080  3.05   1
    17526  37.287642 -121.665430     5.700      137.1     -120.6      799.3      1.8      1.7      5.1 1984  5  5  3 31 54.930  2.45   1
    17779  37.285958 -121.663835     5.729      278.6     -307.5      828.8      1.9      1.3      4.6 1984  5  7 14 27 20.420  2.85   1
    17794  37.284660 -121.662817     5.756      368.8     -451.6      855.3      1.9      1.7      4.5 1984  5  7 16 34 13.860  1.30   1
    17834  37.294299 -121.670068     6.103     -274.2      618.2     1202.5      1.2      1.1      2.4 1984  5  8  6 55  3.840  1.17   1
    18466  37.285193 -121.662573     5.860      390.4     -392.4      959.5      2.2      1.9      3.5 1984  5 15  1 42 21.350  1.18   1
    18608  37.291545 -121.667342     6.196      -32.5      312.5     1296.1      1.9      2.0      3.3 1984  5 16 17  9 28.700  2.32   1
    18708  37.289530 -121.666707     5.750       23.8       89.0      850.6      4.7      2.9      6.7 1984  5 17  8 43  3.370  3.32   1
    18857  37.285278 -121.662614     5.882      386.8     -382.9      981.4      2.2      1.7      3.4 1984  5 19  4 20 31.710  0.74   1
    19686  37.290417 -121.669246     4.337     -201.3      187.4     -563.0      2.0      1.7      9.1 1984  5 29 23 53  6.840  0.99   1
    19720  37.289827 -121.665763     6.177      107.5      121.9     1277.2      3.7      4.1      8.1 1984  5 30 12 38 10.840  3.00   1
    19745  37.291113 -121.667000     6.193       -2.2      264.6     1292.6      2.1      2.3      5.6 1984  5 30 17  5  4.160  0.80   1
    19776  37.286955 -121.665674     4.456      115.5     -196.9     -443.9      1.2      1.4      6.0 1984  5 31  1 43 34.410  1.22   1
    19860  37.289693 -121.666764     5.765       18.8      107.0      864.5      2.3      1.7      4.9 1984  6  1  3 27 26.880  1.58   1
    19888  37.294299 -121.670060     6.102     -273.5      618.2     1201.5      1.7      1.3      3.4 1984  6  1  9  7  7.310  1.08   1
    19992  37.286438 -121.664168     5.734      249.0     -254.2      833.3      1.9      1.4      4.6 1984  6  2 17 32  6.480  2.92   1
    20113  37.284656 -121.662817     5.747      368.8     -452.0      846.6      1.8      1.7      4.8 1984  6  4 16 23 29.800  1.15   1
    20328  37.292330 -121.667993     6.224      -90.2      399.7     1323.2      2.5      2.4      5.8 1984  6  5 23 51 14.920  0.93   1
    20622  37.287223 -121.665169     5.690      160.2     -167.1      789.4      1.9      1.3      5.1 1984  6 11  4 58 46.580  1.48   1
    20978  37.286133 -121.663200     5.806      334.8     -288.1      906.0      2.4      1.8      4.7 1984  6 16  3 50 27.150  3.13   1
    21561  37.287504 -121.664176     6.196      248.2     -135.9     1295.7      7.9      3.4     12.3 1984  6 26  7 13 18.280  0.80   1
    21644  37.290723 -121.670435     3.776     -306.7      221.3    -1124.0      2.2      2.0      4.8 1984  6 27 14 50 38.140  1.59   1
    22144  37.286190 -121.665104     4.469      166.0     -281.8     -431.1      1.7      1.4      5.8 1984  7  5 12 49 57.720  1.28   1
    22165  37.288582 -121.667594     4.169      -54.8      -16.3     -731.4      2.6      1.9      6.7 1984  7  5 17  6 28.740  0.96   1
    22271  37.290951 -121.670728     3.737     -332.7      246.6    -1163.4      2.4      2.0      5.0 1984  7  7  0 17  9.970  2.67   1
    22280  37.288586 -121.668872     3.710     -168.1      -15.8    -1190.2      1.7      1.7      3.7 1984  7  7  2 35  4.060  1.53   1
    23190  37.289604 -121.669637     3.735     -236.0       97.1    -1165.0      1.4      1.4      2.5 1984  7 17 16 24 49.440  1.85   1
    23195  37.287634 -121.665454     5.700      134.9     -121.5      799.4      1.9      1.3      5.1 1984  7 17 17 53  4.200  2.33   1
    24519  37.289014 -121.669808     3.545     -251.1       31.6    -1355.8      2.5      2.3      4.4 1984  7 30 14 16 49.060  2.31   1
    24674  37.289677 -121.666781     5.766       17.3      105.2      865.8      2.1      1.7      4.9 1984  8  1 12 29 16.890  1.64   1
    25096  37.290031 -121.670418     3.630     -305.2      144.5    -1270.1      1.5      1.7      3.3 1984  8  7  9  7  6.330  1.17   1
    25305  37.290361 -121.669295     4.315     -205.7      181.1     -585.0      1.9      1.4      9.0 1984  8 10  7  4  4.200  0.95   1
    25937  37.285177 -121.662614     5.866      386.8     -394.2      966.0      2.2      1.8      3.6 1984  8 19 20 27 32.960  0.69   1
    26238  37.290491 -121.669450     4.359     -219.4      195.5     -541.5      2.2      1.8      9.0 1984  8 25  0 19 18.360  0.72   1
    27421  37.285465 -121.662777     5.874      372.4     -362.2      973.5      2.3      2.1      3.7 1984  9  6 16 33 41.640  1.41   1
    27683  37.285852 -121.663908     5.712      272.1     -319.3      811.3      1.9      1.4      4.5 1984  9 10 16 24 47.130  2.39   1
    27684  37.285811 -121.663753     5.738      285.8     -323.8      838.1      1.9      1.1      4.4 1984  9 10 16 33 36.940  1.79   1
    27721  37.285221 -121.662606     5.874      387.5     -389.3      973.5      2.2      1.8      3.7 1984  9 11  8 13 54.330  0.83   1
    27722  37.287988 -121.665641     5.726      118.3      -82.2      826.0      1.6      1.4      5.0 1984  9 11  9 29 23.690  1.78   1
    27724  37.289840 -121.665910     6.178       94.5      123.3     1277.3      1.9      2.0      3.9 1984  9 11 10 26  8.190  1.55   1
    28475  37.291577 -121.671191     3.853     -373.8      316.1    -1047.7      2.3      3.2      4.9 1984  9 23  8 43 14.720  1.07   1
    29752  37.285404 -121.666813     3.476       14.4     -369.0    -1424.0      1.3      1.7      4.5 1984 10 10  7 11 54.160  1.90   1
    29901  37.291447 -121.667261     6.203      -25.3      301.7     1302.5      2.2      2.0      4.0 1984 10 12  7 13 23.200  1.21   1
    30009  37.291121 -121.668107     5.727     -100.3      265.5      826.7      2.6      2.4      5.3 1984 10 13 17 32 47.840  1.83   1
    30159  37.290352 -121.669279     4.317     -204.2      180.2     -583.2      3.0      3.2     10.1 1984 10 17 11 39  4.900  0.89   1
    30929  37.290930 -121.668066     5.695      -96.7      244.3      795.1      2.5      2.4      5.3 1984 10 30  2 49 48.600  1.41   1
    31031  37.286332 -121.664062     5.730      258.3     -266.0      830.0      1.9      1.5      4.7 1984 10 31  3  5 11.660  2.89   1
    31037  37.285160 -121.662638     5.856      384.6     -396.0      955.4      2.2      1.9      3.6 1984 10 31 15 28 48.300  0.79   1
    31068  37.284827 -121.662345     5.854      410.6     -433.1      954.1      2.2      1.9      3.5 1984 11  1  5 22 45.950  0.79   1
    31844  37.286198 -121.665096     4.471      166.7     -280.9     -429.6      1.2      1.3      5.8 1984 11 13 11 59  9.360  1.31   1
    32049  37.288924 -121.669100     3.714     -188.3       21.7    -1186.0      1.5      1.3      2.6 1984 11 18  0 28 55.240  1.69   1
    32676  37.285722 -121.662980     5.796      354.3     -333.7      895.5      2.1      1.4      4.3 1984 11 28 11 54 37.810  2.94   1
    35929  37.287313 -121.665210     5.691      156.6     -157.2      790.8      1.6      1.2      4.9 1984 12  1  8  9 13.540  1.74   1
    33786  37.286975 -121.665674     4.461      115.5     -194.6     -439.2      1.4      1.4      5.8 1984 12 10  7 45 41.770  1.43   1
    34527  37.289705 -121.666764     5.762       18.8      108.4      861.7      2.1      1.6      4.9 1984 12 15 10 28 17.680  1.61   1
    34841  37.284713 -121.662882     5.732      363.0     -445.7      832.2      1.8      1.7      4.5 1984 12 19  8 29 34.630  1.35   1
    35109  37.290719 -121.670426     3.776     -306.0      220.8    -1124.6      1.7      2.0      3.7 1984 12 22  4 43 44.710  1.60   1
    38148  37.287040 -121.667578     3.710      -53.4     -187.4    -1190.6      3.5      3.0      5.1 1985  1 19 11 56 37.340  2.49   1
    39944  37.291488 -121.668416     5.719     -127.7      306.2      818.9      2.5      2.1      5.6 1985  2  5 11 42 49.820  2.05   1
    40913  37.289111 -121.665299     6.171      148.7       42.4     1270.6      1.8      1.4      3.3 1985  2 13 23 52 25.080  1.70   1
    41574  37.290426 -121.669263     4.333     -202.8      188.3     -567.7      2.4      1.8      9.2 1985  2 16 20 53  7.160  1.20   1
    42349  37.288993 -121.668970     3.784     -176.8       29.4    -1116.7      1.6      1.4      3.5 1985  2 28  1  9 58.300  0.84   1
    42555  37.288892 -121.668880     3.765     -168.9       18.1    -1135.7      1.5      1.3      2.4 1985  3  2  6 53 56.010  1.74   1
    42559  37.289608 -121.669629     3.770     -235.3       97.5    -1130.8      1.6      1.4      3.0 1985  3  2  8 55  3.470  1.91   1
    42643  37.289181 -121.669320     3.705     -207.8       50.1    -1195.4      1.6      1.4      2.6 1985  3  2  8 55 29.590  2.08   1
    42560  37.289970 -121.669938     3.697     -262.7      137.7    -1203.3      1.5      1.6      3.0 1985  3  2  8 58  0.480  1.22   1
    43546  37.289482 -121.666797     5.739       15.9       83.5      838.5      4.4      2.5      6.1 1985  3 12  4  3 59.980  3.24   1
    43580  37.289714 -121.666797     5.767       15.9      109.3      867.1      2.2      1.6      4.9 1985  3 12  4  4 51.800  2.04   1
    44335  37.286104 -121.664030     5.728      261.2     -291.3      827.6      1.9      1.2      4.5 1985  3 20  4 57 39.190  2.56   1
    44729  37.287154 -121.665145     5.715      162.4     -174.8      814.5      2.3      1.5      5.2 1985  3 26 11 50 46.600  1.26   1
    45835  37.287858 -121.664933     5.866      181.1      -96.6      965.8      6.3      5.1     14.0 1985  4 10 18 45 20.620  1.07   1
    46041  37.294299 -121.670052     6.097     -272.8      618.2     1197.0      1.5      1.3      3.4 1985  4 13 14  1 53.470  1.16   1
    47288  37.285498 -121.666870     3.467        9.4     -358.6    -1433.4      1.5      1.7      4.4 1985  5  5 16 50  5.800  0.94   1
    49151  37.285539 -121.666935     3.460        3.6     -354.0    -1440.3      1.4      1.5      4.3 1985  6  8  4 58 49.900  0.64   1
    49626  37.291528 -121.671102     3.790     -365.9      310.7    -1110.5      2.4      2.8      5.1 1985  6 15  1 38 57.380  0.94   1
    49633  37.286247 -121.665129     4.460      163.8     -275.5     -440.1      1.4      1.4      5.8 1985  6 16  5 24 54.700  1.29   1
    50591  37.287736 -121.668066     3.722      -96.7     -110.2    -1177.8      3.2      2.2      5.4 1985  7  4  3  6  5.160  1.06   1
    51288  37.285486 -121.666903     3.453        6.5     -359.9    -1447.8      1.4      1.7      4.5 1985  7 17 13 58 38.250  1.02   1
    51325  37.285779 -121.662915     5.855      360.1     -327.4      954.9      2.2      1.6      3.8 1985  7 17 23 39 58.840  1.89   1
    51378  37.285242 -121.662614     5.855      386.8     -387.0      955.1      2.2      1.8      3.4 1985  7 18 23 42  1.800  0.97   1
    51398  37.290389 -121.669295     4.318     -205.7      184.2     -582.8      2.1      1.9      9.2 1985  7 19  9 58 16.960  0.97   1
    52580  37.289726 -121.666838     5.763       12.3      110.6      862.9      2.2      1.5      4.9 1985  8  9 11 45  2.020  1.60   1
    54084  37.289648 -121.669645     3.726     -236.7      102.1    -1173.8      1.5      1.3      2.3 1985  8 28 20 35 10.100  1.58   1
    57271  37.293461 -121.672795     3.750     -516.0      525.2    -1150.6      2.2      2.3      5.0 1985 10 19 16 33 20.030  1.38   1
    57273  37.293217 -121.672689     3.725     -506.6      498.1    -1175.6      1.7      1.5      4.5 1985 10 19 17 35 48.940  1.66   1
    57770  37.290068 -121.670492     3.633     -311.7      148.6    -1266.9      2.0      1.9      3.5 1985 10 28  3 55 38.130  1.31   1
    58027  37.290914 -121.668034     5.714      -93.8      242.5      813.9      2.4      1.9      5.3 1985 10 31 23 53 38.440  1.96   1
    58028  37.291711 -121.668709     5.716     -153.7      331.0      816.1      2.7      2.4      5.5 1985 10 31 23 55 40.960  1.46   1
    58676  37.290210 -121.666260     6.176       63.5      164.4     1275.5      1.7      1.5      2.6 1985 11  9 23 12 11.080  1.88   1
    59070  37.286853 -121.664624     5.747      208.6     -208.2      846.4      1.6      1.7      5.3 1985 11 14  9 21  5.080  0.97   1
    61248  37.284721 -121.662874     5.745      363.7     -444.8      844.5      1.8      1.7      4.8 1985 12 12  7 33 37.950  1.16   1
    61462  37.288615 -121.667627     4.165      -57.7      -12.6     -735.8      2.3      1.7      6.0 1985 12 14 18 25 45.080  1.09   1
    61809  37.290405 -121.669295     4.323     -205.7      186.1     -577.6      1.9      1.8      9.1 1985 12 19  0  2 10.460  0.97   1
    62142  37.290426 -121.669393     4.318     -214.3      188.3     -582.3      2.3      1.6      9.3 1985 12 24 21 18 58.720  0.89   1
    62514  37.288940 -121.669141     3.695     -192.0       23.5    -1205.3      1.2      1.3      2.3 1985 12 31 15 50 52.230  1.74   1
    62520  37.288957 -121.668962     3.751     -176.1       25.3    -1148.9      1.5      1.5      2.5 1985 12 31 18  3  3.480  1.62   1
    65047  37.287036 -121.665698     4.453      113.3     -187.9     -447.5      1.7      1.7      5.9 1986  1 30  3 31 43.810  1.30   1
    65406  37.285254 -121.662606     5.880      387.5     -385.7      979.9      2.2      1.8      3.5 1986  2  2  8 26 42.650  1.18   1
    66346  37.285465 -121.666829     3.464       13.0     -362.2    -1436.7      1.7      1.6      4.1 1986  2 11 10 37 16.920  1.40   1
    66201  37.285535 -121.666821     3.471       13.7     -354.5    -1429.2      1.6      1.5      4.1 1986  2 11 11 50  0.620  1.50   1
    67820  37.290812 -121.670443     3.763     -307.4      231.2    -1136.9      2.0      2.1      3.9 1986  3  8 10 32  4.410  1.63   1
    67803  37.286247 -121.665120     4.468      164.5     -275.5     -432.6      2.1      1.4      5.9 1986  3  9 18 55 22.760  1.42   1
    70356  37.286837 -121.664722     5.754      199.9     -210.0      854.0      2.0      1.5      4.6 1986  4  4 10 16 40.970  3.19   1
    70373  37.287634 -121.665527     5.703      128.5     -121.5      802.9      2.9      2.6      5.0 1986  4  4 10 17 30.150  2.37   1
    70083  37.285250 -121.662630     5.867      385.4     -386.1      966.6      2.3      1.9      3.7 1986  4 12  7 13 35.460  1.00   1
    70826  37.294324 -121.670036     6.091     -271.3      620.9     1190.8      1.3      1.2      3.2 1986  4 21  8 46 14.270  0.99   1
    73536  37.291109 -121.668262     5.730     -114.0      264.2      829.6      2.6      2.5      5.1 1986  5 29  1 41 52.560  1.51   1
    73786  37.289136 -121.669694     3.422     -241.0       45.2    -1478.3      5.3      3.7      5.6 1986  6  1 10 51 31.460  1.21   1
    73850  37.289730 -121.666821     5.760       13.7      111.1      860.0      2.3      1.7      5.0 1986  6  2  5  8 18.340  1.52   1
    76654  37.286141 -121.663395     5.798      317.5     -287.2      897.9      2.1      1.5      4.3 1986  7 16 20 59  3.320  2.98   1
    76560  37.285181 -121.662646     5.848      383.9     -393.8      947.3      2.2      1.8      3.5 1986  7 17  4 26  2.170  0.83   1
    77218  37.289587 -121.669718     3.723     -243.2       95.3    -1177.2      1.1      1.3      2.2 1986  7 25  9 22 50.290  2.26   1
    77283  37.289172 -121.669417     3.713     -216.5       49.2    -1186.9      1.2      1.5      2.5 1986  7 25  9 23  5.480  2.35   1
    77296  37.289929 -121.670028     3.727     -270.6      133.2    -1173.1      2.1      1.7      3.8 1986  7 25 16  1 52.100  1.15   1
    81016  37.291833 -121.671289     3.761     -382.5      344.6    -1139.4      2.7      3.0      5.7 1986  9  2  7 22  7.550  0.52   1
    81017  37.291602 -121.671118     3.763     -367.3      318.8    -1137.2      2.3      2.8      4.5 1986  9  2  7 24 15.870  0.83   1
    81735  37.287952 -121.665625     5.726      119.8      -86.3      826.1      2.0      1.8      5.0 1986  9  8 23  4 33.440  1.55   1
    82606  37.290999 -121.670858     3.759     -344.2      252.0    -1140.9      2.2      2.1      5.3 1986  9 15 20 17 49.920  2.67   1
    83579  37.290470 -121.669434     4.284     -217.9      193.3     -616.5      2.1      1.8      9.2 1986  9 22 19 39 11.020  0.83   1
    83805  37.290833 -121.670540     3.774     -316.1      233.5    -1125.0      1.8      2.1      3.8 1986  9 25 12  1 52.830  1.36   1
    85194  37.286621 -121.667318     3.706      -30.3     -233.9    -1194.3      3.7      3.3      4.6 1986 10  9  2  6 22.720  2.95   1
    85669  37.285396 -121.666846     3.447       11.5     -369.9    -1453.0      1.3      1.4      4.1 1986 10 14 15 13 49.290  1.43   1
    87103  37.288546 -121.667562     4.145      -52.0      -20.3     -755.5      2.2      1.5      4.8 1986 11  3  8 20 28.780  0.94   1
    87964  37.284680 -121.662858     5.731      365.2     -449.3      830.4      1.9      1.8      4.9 1986 11 14 11 55 11.210  0.96   1
    88698  37.291577 -121.671102     3.762     -365.9      316.1    -1138.4      2.2      2.8      4.3 1986 11 25 13  0 35.660  1.01   1
    90036  37.290202 -121.669352     4.302     -210.7      163.5     -598.4      4.0      2.0     11.3 1986 12 12 17 46 44.360  0.64   1
    90485  37.290361 -121.669238     4.286     -200.6      181.1     -614.4      2.8      2.0      9.4 1986 12 18  2  5 30.480  1.09   1
    93248  37.289099 -121.669881     3.535     -257.6       41.1    -1365.7      3.8      3.1      6.0 1987  1 26 13 47 46.830  2.35   1
    95188  37.285197 -121.662524     5.859      394.7     -392.0      958.8      2.2      1.8      3.5 1987  2 21  7 40 45.210  1.18   1
    95317  37.285193 -121.662549     5.842      392.6     -392.4      941.4      2.2      1.9      3.5 1987  2 23 17  5  2.320  0.91   1
    97576  37.290462 -121.669425     4.273     -217.2      192.4     -627.4      3.3      2.4     10.4 1987  3 29 10  2  1.050  0.79   1
    98812  37.288554 -121.667611     4.118      -56.3      -19.4     -782.2      1.8      1.6      4.8 1987  4 17 16 13 47.300  1.18   1
   101361  37.289616 -121.669686     3.722     -240.3       98.4    -1178.0      1.3      1.3      2.1 1987  6  3  6 56  7.740  1.92   1
   101362  37.288912 -121.669165     3.706     -194.1       20.3    -1194.4      1.3      1.2      2.5 1987  6  3  6 58 51.320  1.74   1
   101659  37.287642 -121.665519     5.693      129.2     -120.6      793.2      1.8      1.3      5.1 1987  6  9  2  2 39.460  2.37   1
   102139  37.287528 -121.668001     3.631      -90.9     -133.2    -1268.8      3.8      3.1      8.1 1987  6 20 16 35 35.960  0.82   1
   102776  37.291565 -121.671110     3.752     -366.6      314.8    -1148.1      2.4      2.9      5.2 1987  7  7  1 44 26.990  1.01   1
   103138  37.289221 -121.669458     3.713     -220.1       54.6    -1185.8      1.6      1.5      2.6 1987  7 14 19  2 57.020  1.72   1
   103702  37.289701 -121.666805     5.757       15.2      107.9      856.7      2.3      1.8      5.1 1987  7 28  7  4 28.800  1.51   1
   103833  37.291097 -121.668245     5.724     -112.6      262.8      824.1      2.2      2.2      5.2 1987  8  1  1 40 41.980  1.94   1
   105327  37.287382 -121.667863     3.721      -78.7     -149.5    -1179.7      3.1      2.6      6.2 1987  9  4 10 31 17.310  1.74   1
   105800  37.289079 -121.666366     5.721       54.1       38.8      820.8      2.7      2.1      6.0 1987  9 14 23  7 17.840  0.83   1
   106343  37.290470 -121.669482     4.248     -222.3      193.3     -652.2      2.5      2.2     10.1 1987  9 27  7 19 34.920  0.75   1
   106370  37.290356 -121.669263     4.306     -202.8      180.6     -593.9      2.1      1.6      9.3 1987  9 27  8 23 11.780  0.96   1
   106462  37.288538 -121.667651     4.133      -59.9      -21.2     -767.6      2.1      1.4      5.1 1987  9 29  4 47  3.550  0.92   1
   107299  37.285527 -121.662866     5.907      364.4     -355.4     1006.4      2.5      1.7      4.6 1987 10 17  9 43 42.990  1.55   1
   107927  37.289478 -121.666886     5.748        7.9       83.1      847.3      4.0      2.6      5.8 1987 11  1 22 11 13.060  3.15   1
   107902  37.289722 -121.666878     5.758        8.7      110.2      857.9      2.2      1.6      4.9 1987 11  1 22 13 47.560  1.56   1
   107906  37.287960 -121.665617     5.726      120.5      -85.4      826.1      1.9      1.6      5.2 1987 11  2  3  6 28.290  1.52   1
   108512  37.285388 -121.666797     3.454       15.9     -370.8    -1446.4      1.1      1.3      4.3 1987 11 16 23 19  9.000  1.98   1
   109132  37.290295 -121.669263     4.264     -202.8      173.9     -636.7      3.7      3.0     10.8 1987 11 27  4  7 50.420  0.67   1
   110939  37.289982 -121.670345     3.556     -298.8      139.1    -1344.5      2.5      2.2      4.3 1988  1 15  1 56 42.310  1.39   1
   112178  37.285376 -121.662476     5.842      399.1     -372.1      941.7      2.3      1.9      3.8 1988  2 10 20 13  1.200  0.94   1
   112230  37.286076 -121.665129     4.424      163.8     -294.4     -476.6      2.0      1.7      6.3 1988  2 13  4 54 35.870  1.36   1
   112868  37.291606 -121.671134     3.761     -368.7      319.3    -1139.6      2.2      2.8      4.2 1988  2 25 10  0 17.780  0.92   1
   113569  37.291451 -121.667310     6.175      -29.6      302.1     1274.4      2.0      2.1      4.0 1988  3  9  2  8 11.840  1.40   1
   114006  37.285917 -121.663737     5.741      287.2     -312.1      841.0      2.0      1.3      4.5 1988  3 16 23 10  6.640  2.45   1
   115994  37.290938 -121.668050     5.709      -95.3      245.2      808.2      2.4      2.0      5.2 1988  4 21  4 42 14.550  1.94   1
   115996  37.291728 -121.668685     5.697     -151.5      332.8      796.9      2.6      2.4      5.4 1988  4 21  4 48 47.890  0.84   1
   116401  37.289103 -121.665332     6.160      145.8       41.5     1259.5      1.6      1.7      3.3 1988  4 29  7 29 57.200  1.68   1
   116406  37.289351 -121.665495     6.169      131.3       69.1     1268.4      1.9      1.7      2.9 1988  4 29  7 47 21.590  1.99   1
   117175  37.289705 -121.666805     5.744       15.2      108.4      843.8      2.2      1.5      4.9 1988  5 13 17 17 30.760  1.52   1
   119615  37.290104 -121.666170     6.165       71.4      152.6     1265.0      1.6      1.2      2.9 1988  6 27  4 18 37.320  2.52   1
   119610  37.290047 -121.666089     6.167       78.7      146.3     1266.7      1.6      1.7      3.3 1988  6 27  4 18 52.410  2.72   1
   119763  37.290409 -121.669238     4.271     -200.6      186.5     -628.7      2.6      1.8      9.1 1988  6 30 23 52 27.360  0.97   1
   119888  37.285242 -121.662573     5.846      390.4     -387.0      945.7      2.2      1.8      3.6 1988  7  5  5  2 33.820  0.83   1
   120788  37.290731 -121.670508     3.775     -313.2      222.2    -1125.0      1.7      2.2      3.6 1988  7 23 10 42 21.740  1.53   1
   120974  37.290495 -121.669385     4.261     -213.6      196.0     -638.9      2.4      2.2      8.7 1988  7 26 18  9 59.220  0.80   1
   126189  37.289575 -121.669718     3.731     -243.2       93.9    -1169.2      1.5      1.4      2.3 1988 11  2  3  9 12.610  1.93   1
   126292  37.288879 -121.669189     3.712     -196.3       16.7    -1188.2      1.4      1.4      2.6 1988 11  3  1 30  4.280  1.71   1
   126389  37.288912 -121.669059     3.781     -184.7       20.3    -1119.0      1.5      1.4      2.3 1988 11  4 13 34 34.720  1.87   1
   126560  37.284709 -121.662931     5.735      358.7     -446.2      834.2      2.0      1.7      4.9 1988 11  7 17 51 17.980  1.24   1
   126901  37.285535 -121.666919     3.502        5.1     -354.5    -1397.9      2.0      1.5      5.6 1988 11 12 18 11 57.680  1.07   1
   129454  37.286157 -121.662907     6.374      360.8     -285.4     1474.0      7.9      4.7     10.7 1988 12 30 23 53 29.880  1.74   1
   129428  37.286637 -121.662866     6.161      364.4     -232.1     1261.1     19.3     17.5     25.3 1988 12 30 23 54 24.000  4.30   1
   129887  37.290454 -121.669442     4.281     -218.7      191.5     -619.5      3.1      2.3      9.8 1989  1 13 10  9  6.070  0.94   1
   131766  37.289119 -121.665324     6.156      146.5       43.4     1255.5      1.5      1.6      3.8 1989  2 22 14 10 28.230  1.79   1
   132424  37.287146 -121.667733     3.699      -67.1     -175.7    -1201.6      3.6      3.1      5.0 1989  3  7 15  3 21.870  2.62   1
   132469  37.285567 -121.662752     5.853      374.5     -350.9      952.8      2.6      2.1      4.6 1989  3  8 14 47  1.080  1.40   1
   132715  37.285335 -121.662386     5.896      407.0     -376.6      995.9      2.2      2.0      3.6 1989  3 12  7 15 43.550  0.81   1
   139260  37.290446 -121.669181     4.387     -195.6      190.6     -513.7      2.2      1.7      9.0 1989  7  1  1 11 28.510  0.96   1
   140151  37.287252 -121.663892     6.198      273.5     -163.9     1297.5      7.5      3.2      9.1 1989  7 16 21 54  2.440  1.65   1
   140303  37.285535 -121.666732     3.660       21.6     -354.5    -1240.4      1.6      1.5      4.3 1989  7 19  8 51 59.540  1.28   1
   142196  37.288566 -121.667448     4.183      -41.9      -18.1     -716.8      2.6      2.0      6.9 1989  8 14  4  7  9.360  1.25   1
   144026  37.285229 -121.662557     5.892      391.9     -388.4      991.4      2.2      1.9      3.6 1989  9 14 10 35 38.140  0.87   1
   144648  37.287533 -121.665308     5.679      147.9     -132.8      778.4      2.1      1.7      5.4 1989  9 26 17  2  0.820  0.92   1
   144843  37.291101 -121.668180     5.740     -106.8      263.3      840.0      2.5      2.4      5.3 1989 10  1 18 21 45.920  1.78   1
   148939  37.289018 -121.669067     3.711     -185.5       32.1    -1189.8      1.4      1.3      2.6 1989 12 13  5 33 46.080  1.60   1
   149804  37.293201 -121.672559     3.726     -495.0      496.3    -1174.2      2.6      2.1      6.6 1989 12 30  6 19 29.350  1.59   1
   150901  37.287048 -121.665658     4.453      116.9     -186.5     -447.7      1.9      1.6      6.2 1990  1 19  9 24  8.400  1.24   1
   151583  37.285490 -121.666724     3.488       22.4     -359.5    -1411.9      1.4      1.2      4.2 1990  1 31  5  8 47.310  1.38   1
   153849  37.285404 -121.662622     5.878      386.1     -369.0      977.4      2.2      1.9      3.7 1990  3  6 23  9 12.960  0.83   1
   154124  37.287732 -121.665365     5.688      142.9     -110.6      787.3      2.1      1.7      5.1 1990  3 11 11 52 34.830  2.34   1
   155780  37.285465 -121.666650     3.481       28.9     -362.2    -1419.7      1.2      1.1      4.1 1990  4 11  5 35 19.420  1.33   1
   157462  37.286426 -121.664054     5.763      259.1     -255.6      862.8      1.8      1.4      4.4 1990  5 10 16 43 48.520  3.18   1
   157486  37.284745 -121.662590     5.702      389.0     -442.1      801.3      2.0      2.0      5.2 1990  5 11 22 59 22.960  0.97   1
   157494  37.290356 -121.668962     4.272     -176.1      180.6     -628.1      2.8      1.6      8.5 1990  5 12  2 57 13.600  0.81   1
   157758  37.289787 -121.666732     5.780       21.6      117.4      880.1      2.4      1.8      5.1 1990  5 16  4 10 37.430  1.59   1
   158154  37.291597 -121.671029     3.814     -359.4      318.4    -1086.1      2.8      3.0      6.2 1990  5 23 11 11 37.580  1.03   1
   158290  37.291854 -121.671281     3.842     -381.7      346.8    -1058.6      2.8      3.1      5.2 1990  5 23 16 30 36.550  0.82   1
 20091514  37.285974 -121.663200     5.873      334.8     -305.7      972.8      2.4      1.7      4.5 1990  6 11  1 38 14.370  3.10   1
   159156  37.288041 -121.664917     5.919      182.6      -76.3     1018.9      6.6      5.4     15.3 1990  6 11  2 45 19.820  1.25   1
   160503  37.289673 -121.669572     3.815     -230.2      104.8    -1085.2      1.1      1.3      3.6 1990  7  5 20  4 42.800  1.71   1
   161358  37.290487 -121.669019     4.348     -181.1      195.1     -552.4      2.3      1.8      9.3 1990  7 20  5 51 45.700  0.96   1
 20092038  37.292297 -121.668034     5.948      -93.8      396.0     1048.0     17.2      8.5     15.8 1990  8 17  2 26 16.740  3.68   1
   163527  37.291158 -121.666935     6.243        3.6      269.6     1342.4      2.4      2.3      4.9 1990  9  1 17 25 25.320  0.96   1
   165437  37.290426 -121.667513     5.710      -47.6      188.3      809.5      2.5      2.4      5.2 1990 10 17  6 15 15.710  1.80   1
   204801  37.290540 -121.669165     4.383     -194.1      201.0     -517.2      2.7      2.1      9.4 1991  1 15 17 29 20.200  0.94   1
   205031  37.290088 -121.670288     3.587     -293.7      150.8    -1312.9      2.0      1.8      4.5 1991  1 20  5  0 30.930  1.17   1
   205737  37.287610 -121.667806     3.693      -73.6     -124.2    -1207.7      4.4      3.7      9.0 1991  2  2  5 39  6.910  0.83   1
   206508  37.287752 -121.667952     3.723      -86.6     -108.4    -1176.1      3.0      2.6      5.5 1991  2 13 19 31  5.060  1.22   1
   207043  37.289054 -121.669751     3.526     -246.1       36.1    -1374.0      2.6      2.3      4.1 1991  2 22 15 51 34.750  2.28   1
   208364  37.291581 -121.671061     3.823     -362.3      316.6    -1077.4      2.4      2.9      4.3 1991  3 22 11 23 27.560  1.05   1
   208389  37.291842 -121.671208     3.826     -375.2      345.5    -1074.0      2.6      3.1      5.3 1991  3 22 11 34  4.350  0.81   1
   211885  37.285262 -121.662451     5.889      401.2     -384.8      988.6      2.2      1.8      3.6 1991  5  4  6 30 12.620  0.94   1
   212119  37.285250 -121.662484     5.894      398.3     -386.1      993.9      2.2      1.9      3.7 1991  5  9  0 14 24.910  1.22   1
   215747  37.289010 -121.669035     3.701     -182.6       31.2    -1199.8      1.4      1.5      2.5 1991  5 29  9 45 22.620  1.83   1
   220702  37.284676 -121.662565     5.677      391.1     -449.8      776.3      2.0      2.0      5.0 1991  6 22 16 36 38.560  1.21   1
   227435  37.290084 -121.670296     3.578     -294.4      150.4    -1322.0      2.4      2.3      3.6 1991  8 10 17  6  5.760  1.23   1
   227542  37.285388 -121.666740     3.443       20.9     -370.8    -1456.9      1.7      1.8      4.2 1991  8 12  9 56  3.630  1.43   1
   228484  37.287642 -121.665389     5.682      140.7     -120.6      781.7      2.0      2.2      5.8 1991  8 21 17  7 40.400  2.27   1
   229053  37.290861 -121.667928     5.714      -84.4      236.6      814.2      2.8      2.4      5.9 1991  8 28 14  4 22.080  2.05   1
   229871  37.290592 -121.669035     4.394     -182.6      206.8     -506.1      2.6      2.0      8.8 1991  9  6 16 39 27.620  0.93   1
   234881  37.285433 -121.666732     3.453       21.6     -365.8    -1447.0      2.0      1.9      4.2 1991 10 22 17  4 17.460  1.46   1
   238704  37.289677 -121.669621     3.719     -234.5      105.2    -1181.1      1.7      1.5      2.8 1991 12  3  5 24 24.980  2.01   1
   238790  37.289237 -121.669303     3.708     -206.4       56.4    -1192.2      1.2      1.3      2.5 1991 12  4  0  8 49.550  1.89   1
   238816  37.285588 -121.662712     5.912      378.1     -348.6     1011.7      2.2      1.9      3.8 1991 12  4 13 45 39.520  0.99   1
   241590  37.288379 -121.665812     5.697      103.2      -38.8      797.2      1.9      1.9      5.3 1991 12 23 12 33 19.250  1.22   1
   249781  37.289787 -121.666740     5.783       20.9      117.4      882.8      2.6      2.2      5.6 1992  2 10 12 31  5.020  1.61   1
   253921  37.285425 -121.666707     3.425       23.8     -366.7    -1475.6      1.6      1.5      3.9 1992  3  4 13 13  6.220  1.23   1
   261841  37.291528 -121.671037     3.816     -360.1      310.7    -1084.3      2.9      3.0      6.5 1992  4  6  9 39 49.410  0.92   1
   292015  37.286694 -121.667318     3.738      -30.3     -225.8    -1162.3      3.5      3.2      4.5 1992  6  9 12 59 24.230  2.86   1
   303099  37.286251 -121.664982     4.557      176.8     -275.0     -342.9      1.3      1.2      5.5 1992  7  7  2 47 24.660  1.35   1
   304374  37.285539 -121.666756     3.462       19.5     -354.0    -1437.8      1.6      1.6      4.2 1992  7 17  9 51 49.510  1.02   1
   312743  37.290820 -121.670483     3.816     -311.0      232.1    -1083.9      2.2      2.4      4.9 1992  8 29 17  4 29.020  1.64   1
   314921  37.288953 -121.668937     3.821     -173.9       24.8    -1079.5      1.4      1.5      3.1 1992  9 11  1 22 13.650  1.06   1
   322432  37.287056 -121.665658     4.453      116.9     -185.6     -447.1      1.9      1.6      6.1 1992 11  5 12 35  5.470  1.26   1
   327300  37.291516 -121.668481     5.724     -133.5      309.3      823.2      2.4      2.2      5.4 1992 11 29  5  3  2.720  1.73   1
   330647  37.290495 -121.669157     4.407     -193.4      196.0     -493.7      1.5      1.7      8.7 1993  1  2 11 32 10.020  1.10   1
   331552  37.291565 -121.671094     3.833     -365.1      314.8    -1067.3      2.3      3.1      5.4 1993  1  9 17 48 38.720  1.01   1
   331635  37.291321 -121.671053     3.792     -361.5      287.7    -1108.0      2.6      2.9      4.6 1993  1 10 22 13  9.440  1.20   1
   339439  37.285286 -121.662541     5.908      393.3     -382.0     1007.6      2.3      2.0      3.6 1993  3  7  1 47 38.410  1.22   1
   339511  37.285331 -121.662622     5.901      386.1     -377.1     1000.8      2.4      2.1      3.9 1993  3  8  9 25 39.610  1.01   1
   352620  37.289294 -121.669149     3.740     -192.7       62.8    -1160.0      2.4      2.0      5.3 1993  6  8  9 15  1.380  0.83   1
 30036393  37.291606 -121.671094     3.853     -365.1      319.3    -1047.1      2.5      3.1      5.5 1993 12  1  0 25 49.530  0.98   1
   389286  37.288879 -121.669067     3.726     -185.5       16.7    -1174.2      1.5      1.5      2.5 1993 12 20 22 35  7.800  1.77   1
   391772  37.290356 -121.669173     4.267     -194.8      180.6     -633.4      2.0      1.5      8.8 1994  1 19  7 46 39.590  0.96   1
   391983  37.290389 -121.669214     4.425     -198.4      184.2     -475.4      1.9      1.9      8.6 1994  1 20  7 20 41.680  0.90   1
   399980  37.290092 -121.670256     3.579     -290.8      151.3    -1321.7      1.8      2.1      4.4 1994  4  6  4 11 34.960  1.38   1
   400563  37.285425 -121.666675     3.474       26.7     -366.7    -1425.8      1.4      1.2      4.1 1994  4 16 13 10 52.340  2.00   1
   401879  37.289799 -121.666724     5.806       22.4      118.8      905.4      2.4      1.8      5.5 1994  5  8 23  4 53.240  1.61   1
 30049085  37.288017 -121.665462     5.742      134.2      -79.0      841.9      1.9      1.6      5.6 1994  5 13 11 15 14.850  1.56   1
 30051942  37.290991 -121.667969     5.734      -88.0      251.1      833.8      2.5      2.0      5.5 1994  6 30 14 25 51.030  1.83   1
 30051943  37.291797 -121.668604     5.756     -144.3      340.5      856.2      2.5      2.3      5.9 1994  6 30 14 29 15.060  1.38   1
 30054274  37.293437 -121.672656     3.815     -503.7      522.5    -1085.7      2.3      1.7      4.7 1994  8  4 17 19  8.160  1.37   1
 30057908  37.285742 -121.663631     5.754      296.6     -331.5      854.0      2.0      1.5      4.6 1994  9 17 17 57  1.520  2.38   1
 30058785  37.285885 -121.663900     5.737      272.8     -315.7      836.3      2.0      1.4      4.5 1994  9 25 23  4 28.000  2.36   1
 30062741  37.289661 -121.669564     3.753     -229.5      103.4    -1147.3      1.0      1.5      2.8 1994 11 16 16 50 58.150  2.01   1
 30062748  37.289958 -121.669743     3.666     -245.4      136.4    -1234.4      1.7      1.9      4.1 1994 11 16 18  3 42.360  1.27   1
 30069218  37.288989 -121.668774     3.827     -159.5       28.9    -1073.3      1.8      1.7      2.8 1995  3  3  9 38 49.200  1.20   1
 30069222  37.288936 -121.668831     3.776     -164.5       23.0    -1124.0      1.4      1.4      2.9 1995  3  3 12 30 15.850  1.75   1
 30069457  37.288765 -121.668815     3.716     -163.1        4.1    -1183.9      1.8      1.7      3.4 1995  3  7 13 19 41.960  1.26   1
 30071053  37.285860 -121.663086     5.793      344.9     -318.4      893.0      2.0      1.4      4.4 1995  4  5  7 55 21.350  2.80   1
 30072363  37.284696 -121.662590     5.730      389.0     -447.5      829.6      2.2      1.9      5.1 1995  4 26 17 54  9.660  1.14   1
 30073191  37.291610 -121.671004     3.870     -357.2      319.7    -1030.8      2.6      3.0      5.0 1995  5 14 11 18 47.000  1.02   1
 30074975  37.290564 -121.669116     4.480     -189.8      203.7     -420.5      2.0      2.2      8.3 1995  6 15 22 23  1.320  1.34   1
 30076454  37.290898 -121.670728     3.761     -332.7      240.7    -1139.8      2.2      2.1      5.4 1995  7  4 11 20 49.790  2.65   1
 30077970  37.288306 -121.665698     5.690      113.3      -47.0      790.0      2.8      2.3      6.6 1995  7 24  8 37 43.620  1.26   1
 30090632  37.287056 -121.667611     3.721      -56.3     -185.6    -1179.2      3.4      3.0      4.3 1995 11 25 19 22  6.180  2.56   1
 30091051  37.287317 -121.665161     5.711      160.9     -156.7      810.5      2.4      2.3      6.6 1995 12  2  1 12 15.750  1.40   1
 30092060  37.289054 -121.669149     3.711     -192.7       36.1    -1189.3      1.6      1.5      2.9 1995 12 15 18 53 39.820  1.82   1
 30107700  37.293522 -121.672575     3.786     -496.5      532.0    -1114.6      2.2      1.5      5.1 1996  5 30 18 47 12.480  1.35   1
   478138  37.289551 -121.669596     3.705     -232.4       91.2    -1194.9      1.6      1.2      3.3 1996  9  2 20 27  0.360  1.99   1
   478141  37.289876 -121.669792     3.628     -249.7      127.3    -1272.2      2.0      1.8      4.1 1996  9  2 20 36  3.960  1.38   1
   478159  37.288761 -121.668766     3.696     -158.8        3.6    -1203.9      1.5      1.6      3.4 1996  9  3  0  2  4.940  1.17   1
   482382  37.285152 -121.662427     5.909      403.4     -396.9     1009.0      2.2      1.9      3.6 1996 10 19  4 32 38.790  1.30   1
   483500  37.287671 -121.665454     5.673      134.9     -117.4      772.2      1.7      1.5      5.2 1996 11  2 12 22 52.340  2.29   1
   485145  37.285311 -121.666740     3.453       20.9     -379.3    -1447.7      1.3      1.3      4.2 1996 11 20 12 25 42.190  1.93   1
   502047  37.289933 -121.665967     6.191       89.5      133.7     1291.0      2.1      1.3      3.4 1997  4 20 17  8  1.560  1.79   1
   522670  37.286165 -121.664022     5.701      262.0     -284.5      800.2      2.2      1.9      4.6 1997  9 26 19 58  2.480  3.09   1
   523141  37.289689 -121.666724     5.775       22.4      106.6      875.0      2.5      2.1      5.4 1997  9 29  3  7 46.980  1.55   1
   529274  37.289006 -121.669181     3.690     -195.6       30.7    -1210.0      1.7      1.3      2.7 1997 10 28 12  1 44.750  1.61   1
