    16484  37.286153 -121.663265     5.797      329.1     -285.9      896.3      2.3      1.9      4.8 1984  4 24 21 20 23.480  3.57   1
    16527  37.286601 -121.664307     5.756      236.7     -236.2      855.9      2.2      1.9      4.6 1984  4 24 21 23 39.960  3.54   1
    17496  37.291158 -121.666968     6.208        0.7      269.6     1307.6      4.2      2.9      5.6 1984  4 25  0  4 49.440  1.23   1
    16521  37.286682 -121.667179     3.682      -18.0     -227.2    -1217.9      3.5      3.0      7.2 1984  4 25  4 16 53.440  3.00   1
    17842  37.288924 -121.668921     3.771     -172.5       21.7    -1129.4      1.5      1.5      5.3 1984  4 25  4 35 19.170  1.90   1
    16635  37.294307 -121.670076     6.103     -274.9      619.1     1202.7      3.4      3.7      5.9 1984  4 25  7 22 22.290  1.40   1
    16576  37.287264 -121.663778     6.098      283.6     -162.6     1197.4      4.4      3.4      6.8 1984  4 25 14  6 57.560  1.62   1
    17929  37.289665 -121.666740     5.772       20.9      103.9      872.1      2.0      1.3      4.6 1984  4 25 22 14 23.140  1.80   1
    16659  37.289962 -121.665975     6.208       88.8      136.8     1308.2      4.0      2.7      5.4 1984  4 26  8 54 51.420  1.52   1
    16701  37.291406 -121.667204     6.224      -20.2      297.1     1323.3      4.0      2.9      5.5 1984  4 26 17 22 44.280  1.57   1
    18075  37.288542 -121.667497     4.243      -46.2      -20.8     -656.9      4.4      1.9      6.0 1984  4 26 20 11 12.520  1.17   1
    16751  37.291357 -121.670947     3.764     -352.2      291.7    -1136.5      2.6      1.8      5.4 1984  4 27  7 48 23.500  0.97   1
    16766  37.287935 -121.665552     5.729      126.3      -88.1      828.9      2.0      1.6      4.5 1984  4 27 11  8  9.220  1.31   1
    16802  37.287292 -121.663761     6.088      285.0     -159.4     1187.5      4.5      3.4      7.4 1984  4 27 19  3 15.040  1.31   1
    16821  37.285185 -121.662541     5.864      393.3     -393.3      963.3      2.8      2.2      5.4 1984  4 28  0  4 31.210  0.83   1
    16827  37.284880 -121.662280     5.864      416.4     -427.2      963.6      2.6      1.9      4.7 1984  4 28  1 43 47.850  1.21   1
    16838  37.294307 -121.670060     6.107     -273.5      619.1     1206.2      3.4      3.7      5.8 1984  4 28  3 54 12.200  1.39   1
    16841  37.286178 -121.665112     4.448      165.3     -283.1     -452.3      4.0      2.9      8.0 1984  4 28  4 43 26.310  1.47   1
    19159  37.290564 -121.666439     6.194       47.6      203.7     1294.0      3.9      2.7      4.3 1984  4 28 16 12 43.750  2.09   1
    16885  37.289050 -121.665291     6.177      149.4       35.7     1277.1      3.9      2.7      4.2 1984  4 28 18 53 49.960  2.18   1
    16911  37.288269 -121.665853     5.731       99.6      -51.0      830.6      2.3      1.8      4.7 1984  4 29  2 29 16.340  1.27   1
    17074  37.289901 -121.665885     6.189       96.7      130.1     1288.7      4.0      2.8      4.7 1984  4 30 14 46  1.740  1.59   1
    17272  37.289697 -121.666756     5.768       19.5      107.5      867.3      2.0      1.5      4.6 1984  5  2  7 34 17.770  1.65   1
    17294  37.293160 -121.672567     3.735     -495.7      491.8    -1165.3      2.6      2.0      4.9 1984  5  2 14 32 55.730  1.70   1
    17356  37.285437 -121.666740     3.493       20.9     -365.3    -1407.4      2.3      2.1      5.2 1984  5  2 22 58 42.360  1.77   1
    17669  37.287268 -121.663753     6.099      285.8     -162.1     1198.6      4.6      3.5      7.6 1984  5  3 23 10 52.920  1.04   1
    17723  37.286206 -121.663159     5.819      338.5     -280.0      918.9      4.1      3.2      5.4 1984  5  4 18 42 58.080  3.05   1
    17526  37.287663 -121.665438     5.704      136.4     -118.3      803.7      1.5      1.5      4.5 1984  5  5  3 31 54.930  2.45   1
    17779  37.285954 -121.663802     5.732      281.4     -308.0      831.6      2.3      1.8      4.4 1984  5  7 14 27 20.420  2.85   1
    17794  37.284656 -121.662809     5.769      369.5     -452.0      868.8      2.3      1.9      4.3 1984  5  7 16 34 13.860  1.30   1
    17834  37.294299 -121.670076     6.099     -274.9      618.2     1198.8      3.5      3.7      5.6 1984  5  8  6 55  3.840  1.17   1
    18466  37.285189 -121.662557     5.865      391.9     -392.9      964.3      4.3      3.5      8.1 1984  5 15  1 42 21.350  1.18   1
    18608  37.291589 -121.667448     6.191      -41.9      317.5     1290.9      3.8      2.6      4.1 1984  5 16 17  9 28.700  2.32   1
    18708  37.289591 -121.666699     5.768       24.5       95.7      869.1      2.2      2.2      4.6 1984  5 17  8 43  3.370  3.32   1
    18857  37.285274 -121.662598     5.881      388.2     -383.4      980.5      2.7      2.4      5.1 1984  5 19  4 20 31.710  0.74   1
    19686  37.290405 -121.669230     4.321     -199.9      186.1     -579.6      3.3      3.1     11.3 1984  5 29 23 53  6.840  0.99   1
    19720  37.289962 -121.665812     6.101      103.2      136.8     1200.9      3.7      2.6      4.2 1984  5 30 12 38 10.840  3.00   1
    19745  37.291146 -121.667008     6.202       -2.9      268.2     1301.3      4.4      3.0      6.5 1984  5 30 17  5  4.160  0.80   1
    19776  37.286951 -121.665682     4.437      114.7     -197.3     -463.6      4.1      3.2      8.2 1984  5 31  1 43 34.410  1.22   1
    19860  37.289677 -121.666756     5.766       19.5      105.2      865.2      1.6      1.4      4.7 1984  6  1  3 27 26.880  1.58   1
    19888  37.294295 -121.670060     6.102     -273.5      617.8     1201.4      3.4      3.7      5.7 1984  6  1  9  7  7.310  1.08   1
    19992  37.286454 -121.664160     5.734      249.7     -252.4      833.7      2.2      1.9      4.6 1984  6  2 17 32  6.480  2.92   1
    20113  37.284652 -121.662826     5.749      368.0     -452.5      849.0      2.9      1.8      4.6 1984  6  4 16 23 29.800  1.15   1
    20328  37.292362 -121.668018     6.230      -92.4      403.3     1329.9      4.5      3.3      6.3 1984  6  5 23 51 14.920  0.93   1
    20622  37.287211 -121.665194     5.689      158.0     -168.4      788.9      1.9      1.6      4.7 1984  6 11  4 58 46.580  1.48   1
    20978  37.286149 -121.663167     5.814      337.7     -286.3      913.4      2.2      2.1      4.6 1984  6 16  3 50 27.150  3.13   1
    21561  37.287512 -121.663786     6.141      282.9     -135.0     1240.3      6.1      3.8      8.2 1984  6 26  7 13 18.280  0.80   1
    21644  37.290743 -121.670418     3.778     -305.2      223.5    -1121.8      1.9      1.7      5.3 1984  6 27 14 50 38.140  1.59   1
    22144  37.286182 -121.665112     4.450      165.3     -282.7     -450.0      4.0      3.1      8.1 1984  7  5 12 49 57.720  1.28   1
    22165  37.288590 -121.667611     4.188      -56.3      -15.4     -712.2      4.8      2.6      6.8 1984  7  5 17  6 28.740  0.96   1
    22271  37.290979 -121.670711     3.717     -331.2      249.7    -1183.4      2.0      1.7      5.7 1984  7  7  0 17  9.970  2.67   1
    22280  37.288582 -121.668864     3.716     -167.4      -16.3    -1184.6      2.6      1.6      5.4 1984  7  7  2 35  4.060  1.53   1
    23190  37.289608 -121.669637     3.738     -236.0       97.5    -1162.2      1.9      1.6      5.0 1984  7 17 16 24 49.440  1.85   1
    23195  37.287659 -121.665527     5.701      128.5     -118.8      801.2      1.9      1.6      4.4 1984  7 17 17 53  4.200  2.33   1
    24519  37.289022 -121.669824     3.544     -252.6       32.5    -1355.9      2.8      2.2      6.1 1984  7 30 14 16 49.060  2.31   1
    24674  37.289665 -121.666772     5.763       18.0      103.9      863.0      1.8      1.5      4.6 1984  8  1 12 29 16.890  1.64   1
    25096  37.290047 -121.670435     3.638     -306.7      146.3    -1262.7      2.3      1.5      5.2 1984  8  7  9  7  6.330  1.17   1
    25305  37.290365 -121.669287     4.313     -204.9      181.5     -586.9      4.0      4.6     13.2 1984  8 10  7  4  4.200  0.95   1
    25937  37.285177 -121.662598     5.865      388.2     -394.2      964.6      3.1      2.2      5.3 1984  8 19 20 27 32.960  0.69   1
    26238  37.290495 -121.669450     4.354     -219.4      196.0     -546.8      4.2      3.8     12.8 1984  8 25  0 19 18.360  0.72   1
    27421  37.285482 -121.662760     5.864      373.8     -360.4      963.9      2.4      1.9      4.3 1984  9  6 16 33 41.640  1.41   1
    27683  37.285852 -121.663900     5.705      272.8     -319.3      804.5      1.8      1.7      4.4 1984  9 10 16 24 47.130  2.39   1
    27684  37.285807 -121.663745     5.732      286.5     -324.2      832.1      1.9      1.7      4.7 1984  9 10 16 33 36.940  1.79   1
    27721  37.285225 -121.662590     5.873      389.0     -388.8      972.4      2.8      2.5      5.1 1984  9 11  8 13 54.330  0.83   1
    27722  37.288005 -121.665682     5.727      114.7      -80.4      826.5      2.2      1.9      4.3 1984  9 11  9 29 23.690  1.78   1
    27724  37.289848 -121.665910     6.183       94.5      124.2     1282.5      3.9      2.7      4.9 1984  9 11 10 26  8.190  1.55   1
    28475  37.291606 -121.671183     3.857     -373.1      319.3    -1043.5      2.4      2.3      5.1 1984  9 23  8 43 14.720  1.07   1
    29752  37.285425 -121.666829     3.486       13.0     -366.7    -1413.8      2.4      2.0      4.8 1984 10 10  7 11 54.160  1.90   1
    29901  37.291484 -121.667253     6.204      -24.5      305.7     1303.8      4.1      2.8      5.2 1984 10 12  7 13 23.200  1.21   1
    30009  37.291138 -121.668148     5.737     -103.9      267.3      837.2      3.2      2.8      5.5 1984 10 13 17 32 47.840  1.83   1
    30159  37.290340 -121.669271     4.301     -203.5      178.8     -599.3      3.4      4.0     12.7 1984 10 17 11 39  4.900  0.89   1
    30929  37.290971 -121.668066     5.703      -96.7      248.8      802.8      1.8      1.7      4.8 1984 10 30  2 49 48.600  1.41   1
    31031  37.286357 -121.664071     5.733      257.6     -263.3      832.5      2.9      2.6      5.3 1984 10 31  3  5 11.660  2.89   1
    31037  37.285152 -121.662622     5.853      386.1     -396.9      953.1      2.8      1.8      4.5 1984 10 31 15 28 48.300  0.79   1
    31068  37.284823 -121.662329     5.852      412.1     -433.5      951.9      2.7      2.0      4.7 1984 11  1  5 22 45.950  0.79   1
    31844  37.286198 -121.665096     4.453      166.7     -280.9     -447.5      4.0      3.0      8.1 1984 11 13 11 59  9.360  1.31   1
    32049  37.288920 -121.669100     3.723     -188.3       21.2    -1177.7      2.1      1.8      4.8 1984 11 18  0 28 55.240  1.69   1
    32676  37.285718 -121.662956     5.797      356.5     -334.2      896.4      2.2      1.8      4.5 1984 11 28 11 54 37.810  2.94   1
    35929  37.287325 -121.665218     5.694      155.9     -155.8      793.4      1.9      1.6      4.4 1984 12  1  8  9 13.540  1.74   1
    33786  37.286967 -121.665666     4.443      116.2     -195.5     -457.1      4.0      2.8      8.2 1984 12 10  7 45 41.770  1.43   1
    34527  37.289697 -121.666772     5.759       18.0      107.5      859.1      1.9      1.8      4.7 1984 12 15 10 28 17.680  1.61   1
    34841  37.284725 -121.662899     5.736      361.5     -444.4      835.8      2.3      1.7      4.3 1984 12 19  8 29 34.630  1.35   1
    35109  37.290739 -121.670426     3.777     -306.0      223.1    -1123.1      2.1      1.9      5.3 1984 12 22  4 43 44.710  1.60   1
    38148  37.287061 -121.667505     3.697      -46.9     -185.2    -1203.5      2.3      1.9      5.6 1985  1 19 11 56 37.340  2.49   1
    39944  37.291504 -121.668498     5.748     -134.9      308.0      847.4      1.6      1.6      4.4 1985  2  5 11 42 49.820  2.05   1
    40913  37.289099 -121.665308     6.177      147.9       41.1     1276.4      3.8      2.7      4.4 1985  2 13 23 52 25.080  1.70   1
    41574  37.290426 -121.669263     4.326     -202.8      188.3     -574.7      3.9      3.3     12.0 1985  2 16 20 53  7.160  1.20   1
    42349  37.288989 -121.668970     3.786     -176.8       28.9    -1114.5      2.7      1.8      5.0 1985  2 28  1  9 58.300  0.84   1
    42555  37.288883 -121.668880     3.764     -168.9       17.2    -1136.1      2.2      2.0      5.4 1985  3  2  6 53 56.010  1.74   1
    42559  37.289608 -121.669621     3.775     -234.5       97.5    -1125.4      2.4      1.7      5.5 1985  3  2  8 55  3.470  1.91   1
    42643  37.289176 -121.669320     3.709     -207.8       49.7    -1191.2      1.8      1.7      5.0 1985  3  2  8 55 29.590  2.08   1
    42560  37.289982 -121.669930     3.694     -262.0      139.1    -1206.5      2.0      1.5      5.1 1985  3  2  8 58  0.480  1.22   1
    43546  37.289408 -121.666838     5.727       12.3       75.4      827.2      2.4      1.9      4.7 1985  3 12  4  3 59.980  3.24   1
    43580  37.289709 -121.666805     5.767       15.2      108.8      866.2      2.1      1.7      5.0 1985  3 12  4  4 51.800  2.04   1
    44335  37.286117 -121.664022     5.727      262.0     -289.9      826.5      2.1      1.7      4.4 1985  3 20  4 57 39.190  2.56   1
    44729  37.287174 -121.665145     5.713      162.4     -172.5      812.5      2.8      1.9      5.6 1985  3 26 11 50 46.600  1.26   1
    45835  37.287870 -121.665031     5.866      172.5      -95.3      965.6      4.6      3.2      8.5 1985  4 10 18 45 20.620  1.07   1
    46041  37.294299 -121.670044     6.097     -272.0      618.2     1196.6      3.7      3.7      5.7 1985  4 13 14  1 53.470  1.16   1
    47288  37.285498 -121.666870     3.466        9.4     -358.6    -1434.6      2.7      3.5      7.6 1985  5  5 16 50  5.800  0.94   1
    49151  37.285543 -121.666927     3.456        4.3     -353.6    -1444.4      2.6      3.1      6.7 1985  6  8  4 58 49.900  0.64   1
    49626  37.291569 -121.671110     3.832     -366.6      315.2    -1068.2      2.2      2.0      5.4 1985  6 15  1 38 57.380  0.94   1
    49633  37.286239 -121.665129     4.444      163.8     -276.4     -456.3      4.2      3.0      8.4 1985  6 16  5 24 54.700  1.29   1
    50591  37.287736 -121.668050     3.723      -95.3     -110.2    -1176.9      3.6      2.8      8.5 1985  7  4  3  6  5.160  1.06   1
    51288  37.285490 -121.666895     3.451        7.2     -359.5    -1448.9      3.0      4.1      8.6 1985  7 17 13 58 38.250  1.02   1
    51325  37.285791 -121.662882     5.854      363.0     -326.0      953.4      2.1      1.6      4.5 1985  7 17 23 39 58.840  1.89   1
    51378  37.285238 -121.662606     5.853      387.5     -387.5      952.7      2.6      1.8      4.5 1985  7 18 23 42  1.800  0.97   1
    51398  37.290397 -121.669295     4.315     -205.7      185.2     -585.6      3.8      3.4     11.8 1985  7 19  9 58 16.960  0.97   1
    52580  37.289709 -121.666838     5.764       12.3      108.8      863.4      2.3      2.2      4.9 1985  8  9 11 45  2.020  1.60   1
    54084  37.289653 -121.669645     3.728     -236.7      102.5    -1172.2      2.2      1.5      5.1 1985  8 28 20 35 10.100  1.58   1
    57271  37.293449 -121.672819     3.762     -518.1      523.8    -1138.6      2.6      2.3      5.1 1985 10 19 16 33 20.030  1.38   1
    57273  37.293217 -121.672705     3.739     -508.0      498.1    -1161.8      2.3      1.7      4.9 1985 10 19 17 35 48.940  1.66   1
    57770  37.290084 -121.670508     3.639     -313.2      150.4    -1261.8      2.0      1.9      5.2 1985 10 28  3 55 38.130  1.31   1
    58027  37.290938 -121.668058     5.728      -96.0      245.2      827.3      2.2      1.6      4.4 1985 10 31 23 53 38.440  1.96   1
    58028  37.291748 -121.668783     5.729     -160.2      335.1      828.8      2.0      2.0      5.1 1985 10 31 23 55 40.960  1.46   1
    58676  37.290218 -121.666235     6.175       65.7      165.3     1275.2      3.8      2.8      4.6 1985 11  9 23 12 11.080  1.88   1
    59070  37.286882 -121.664624     5.750      208.6     -205.0      849.8      2.2      2.1      4.6 1985 11 14  9 21  5.080  0.97   1
    61248  37.284729 -121.662882     5.749      363.0     -443.9      848.7      2.7      2.3      4.7 1985 12 12  7 33 37.950  1.16   1
    61462  37.288623 -121.667651     4.186      -59.9      -11.7     -714.7      4.5      1.9      6.5 1985 12 14 18 25 45.080  1.09   1
    61809  37.290405 -121.669279     4.315     -204.2      186.1     -585.7      3.9      3.8     12.0 1985 12 19  0  2 10.460  0.97   1
    62142  37.290426 -121.669393     4.312     -214.3      188.3     -588.6      4.3      3.7     12.6 1985 12 24 21 18 58.720  0.89   1
    62514  37.288940 -121.669141     3.696     -192.0       23.5    -1204.7      1.7      1.8      5.1 1985 12 31 15 50 52.230  1.74   1
    62520  37.288957 -121.668953     3.752     -175.4       25.3    -1148.2      1.9      1.7      5.3 1985 12 31 18  3  3.480  1.62   1
    65047  37.287036 -121.665698     4.434      113.3     -187.9     -466.0      4.3      3.2      8.3 1986  1 30  3 31 43.810  1.30   1
    65406  37.285250 -121.662590     5.878      389.0     -386.1      977.8      2.6      2.1      4.4 1986  2  2  8 26 42.650  1.18   1
    66346  37.285490 -121.666813     3.470       14.4     -359.5    -1430.1      2.4      2.3      5.2 1986  2 11 10 37 16.920  1.40   1
    66201  37.285559 -121.666813     3.477       14.4     -351.8    -1423.8      2.6      2.2      5.2 1986  2 11 11 50  0.620  1.50   1
    67820  37.290845 -121.670418     3.763     -305.2      234.8    -1136.9      2.4      2.3      5.2 1986  3  8 10 32  4.410  1.63   1
    67803  37.286251 -121.665120     4.451      164.5     -275.0     -449.4      4.1      2.9      8.3 1986  3  9 18 55 22.760  1.42   1
    70356  37.286825 -121.664714     5.750      200.6     -211.3      849.2      2.3      1.8      4.6 1986  4  4 10 16 40.970  3.19   1
    70373  37.287679 -121.665568     5.710      124.8     -116.5      809.3      3.0      2.7      5.8 1986  4  4 10 17 30.150  2.37   1
    70083  37.285246 -121.662622     5.865      386.1     -386.6      964.3      2.7      2.3      4.9 1986  4 12  7 13 35.460  1.00   1
    70826  37.294320 -121.670036     6.091     -271.3      620.5     1190.5      3.6      3.7      6.0 1986  4 21  8 46 14.270  0.99   1
    73536  37.291146 -121.668286     5.738     -116.2      268.2      837.5      3.1      3.0      4.7 1986  5 29  1 41 52.560  1.51   1
    73786  37.289237 -121.669889     3.412     -258.3       56.4    -1487.8      4.1      2.8      5.4 1986  6  1 10 51 31.460  1.21   1
    73850  37.289718 -121.666829     5.760       13.0      109.7      860.1      1.6      1.4      4.6 1986  6  2  5  8 18.340  1.52   1
    76654  37.286141 -121.663354     5.798      321.1     -287.2      898.0      2.5      1.9      4.5 1986  7 16 20 59  3.320  2.98   1
    76560  37.285173 -121.662638     5.845      384.6     -394.7      944.9      2.6      1.9      4.6 1986  7 17  4 26  2.170  0.83   1
    77218  37.289591 -121.669710     3.726     -242.5       95.7    -1173.9      1.8      1.5      5.0 1986  7 25  9 22 50.290  2.26   1
    77283  37.289168 -121.669409     3.720     -215.8       48.8    -1179.8      2.3      1.3      4.9 1986  7 25  9 23  5.480  2.35   1
    77296  37.289929 -121.670011     3.729     -269.2      133.2    -1171.6      2.1      1.9      5.3 1986  7 25 16  1 52.100  1.15   1
    81016  37.291858 -121.671297     3.771     -383.2      347.3    -1129.4      2.8      2.3      7.8 1986  9  2  7 22  7.550  0.52   1
    81017  37.291634 -121.671118     3.775     -367.3      322.4    -1125.2      2.3      1.8      5.3 1986  9  2  7 24 15.870  0.83   1
    81735  37.287952 -121.665641     5.726      118.3      -86.3      825.9      2.4      1.7      5.0 1986  9  8 23  4 33.440  1.55   1
    82606  37.291012 -121.670850     3.755     -343.5      253.3    -1145.6      2.2      1.7      5.6 1986  9 15 20 17 49.920  2.67   1
    83579  37.290466 -121.669434     4.276     -217.9      192.8     -624.7      3.6      3.2     12.8 1986  9 22 19 39 11.020  0.83   1
    83805  37.290857 -121.670549     3.775     -316.8      236.2    -1124.6      3.8      2.2     10.2 1986  9 25 12  1 52.830  1.36   1
    85194  37.286621 -121.667244     3.695      -23.8     -233.9    -1205.6      3.3      3.5      7.5 1986 10  9  2  6 22.720  2.95   1
    85669  37.285388 -121.666854     3.451       10.8     -370.8    -1449.7      2.5      2.1      5.2 1986 10 14 15 13 49.290  1.43   1
    87103  37.288538 -121.667554     4.157      -51.2      -21.2     -743.0      4.3      2.5      6.1 1986 11  3  8 20 28.780  0.94   1
    87964  37.284692 -121.662858     5.734      365.2     -448.0      833.5      2.3      2.0      4.5 1986 11 14 11 55 11.210  0.96   1
    88698  37.291622 -121.671094     3.782     -365.1      321.1    -1118.7      2.3      2.4      5.4 1986 11 25 13  0 35.660  1.01   1
    90036  37.290198 -121.669360     4.298     -211.4      163.0     -602.3      5.7      3.4     13.5 1986 12 12 17 46 44.360  0.64   1
    90485  37.290369 -121.669246     4.274     -201.3      182.0     -626.7      4.2      3.0     11.4 1986 12 18  2  5 30.480  1.09   1
    93248  37.289128 -121.669938     3.522     -262.7       44.3    -1378.7      4.0      3.6      7.3 1987  1 26 13 47 46.830  2.35   1
    95188  37.285189 -121.662508     5.858      396.2     -392.9      957.4      2.5      1.7      4.2 1987  2 21  7 40 45.210  1.18   1
    95317  37.285185 -121.662533     5.840      394.0     -393.3      939.6      2.6      2.2      4.8 1987  2 23 17  5  2.320  0.91   1
    97576  37.290462 -121.669425     4.267     -217.2      192.4     -632.8      6.7      5.1     17.6 1987  3 29 10  2  1.050  0.79   1
    98812  37.288558 -121.667611     4.131      -56.3      -19.0     -769.8      4.2      2.6      5.6 1987  4 17 16 13 47.300  1.18   1
   101361  37.289624 -121.669678     3.726     -239.6       99.4    -1174.7      1.4      1.2      4.8 1987  6  3  6 56  7.740  1.92   1
   101362  37.288912 -121.669181     3.711     -195.6       20.3    -1189.4      1.9      1.3      4.8 1987  6  3  6 58 51.320  1.74   1
   101659  37.287655 -121.665535     5.692      127.7     -119.2      791.2      1.9      1.7      4.5 1987  6  9  2  2 39.460  2.37   1
   102139  37.287533 -121.667952     3.622      -86.6     -132.8    -1278.0      3.2      3.0      9.4 1987  6 20 16 35 35.960  0.82   1
   102776  37.291602 -121.671118     3.771     -367.3      318.8    -1129.4      2.9      2.3      6.5 1987  7  7  1 44 26.990  1.01   1
   103138  37.289229 -121.669458     3.719     -220.1       55.5    -1180.7      1.9      1.2      5.2 1987  7 14 19  2 57.020  1.72   1
   103702  37.289705 -121.666813     5.756       14.4      108.4      855.7      1.8      1.3      4.7 1987  7 28  7  4 28.800  1.51   1
   103833  37.291113 -121.668270     5.729     -114.7      264.6      828.5      2.4      2.4      5.2 1987  8  1  1 40 41.980  1.94   1
   105327  37.287406 -121.667855     3.724      -77.9     -146.8    -1176.1      2.1      1.3      3.9 1987  9  4 10 31 17.310  1.74   1
   105800  37.289071 -121.666382     5.714       52.7       37.9      814.0      3.0      2.3      5.9 1987  9 14 23  7 17.840  0.83   1
   106343  37.290474 -121.669491     4.244     -223.0      193.7     -655.9      3.5      3.6     13.9 1987  9 27  7 19 34.920  0.75   1
   106370  37.290356 -121.669263     4.292     -202.8      180.6     -608.7      3.0      2.9     10.2 1987  9 27  8 23 11.780  0.96   1
   106462  37.288529 -121.667660     4.144      -60.6      -22.1     -756.6      4.2      2.3      5.2 1987  9 29  4 47  3.550  0.92   1
   107299  37.285527 -121.662826     5.894      368.0     -355.4      993.4      2.6      2.1      4.2 1987 10 17  9 43 42.990  1.55   1
   107927  37.289421 -121.666992     5.737       -1.4       76.8      837.0      1.9      1.6      4.6 1987 11  1 22 11 13.060  3.15   1
   107902  37.289722 -121.666878     5.759        8.7      110.2      859.0      1.6      1.4      4.6 1987 11  1 22 13 47.560  1.56   1
   107906  37.287972 -121.665666     5.722      116.2      -84.0      822.1      2.2      1.8      4.7 1987 11  2  3  6 28.290  1.52   1
   108512  37.285392 -121.666813     3.455       14.4     -370.3    -1445.3      2.3      2.2      4.9 1987 11 16 23 19  9.000  1.98   1
   109132  37.290316 -121.669303     4.270     -206.4      176.1     -629.8      4.7      4.7     14.0 1987 11 27  4  7 50.420  0.67   1
   110939  37.289998 -121.670369     3.566     -300.9      140.9    -1334.5      1.9      1.9      5.5 1988  1 15  1 56 42.310  1.39   1
   112178  37.285376 -121.662459     5.838      400.5     -372.1      937.9      2.6      2.3      5.4 1988  2 10 20 13  1.200  0.94   1
   112230  37.286092 -121.665104     4.400      166.0     -292.6     -500.6      4.0      2.9      8.0 1988  2 13  4 54 35.870  1.36   1
   112868  37.291646 -121.671134     3.780     -368.7      323.8    -1120.3      2.1      1.6      4.9 1988  2 25 10  0 17.780  0.92   1
   113569  37.291479 -121.667342     6.185      -32.5      305.3     1284.7      4.0      2.8      5.1 1988  3  9  2  8 11.840  1.40   1
   114006  37.285917 -121.663729     5.741      287.9     -312.1      840.7      1.8      1.7      4.4 1988  3 16 23 10  6.640  2.45   1
   115994  37.290946 -121.668066     5.721      -96.7      246.1      820.4      1.8      1.6      4.3 1988  4 21  4 42 14.550  1.94   1
   115996  37.291764 -121.668726     5.711     -155.1      336.9      811.2      2.0      2.0      5.7 1988  4 21  4 48 47.890  0.84   1
   116401  37.289079 -121.665316     6.173      147.2       38.8     1272.5      3.8      2.6      4.2 1988  4 29  7 29 57.200  1.68   1
   116406  37.289327 -121.665495     6.178      131.3       66.4     1277.5      3.8      2.7      4.2 1988  4 29  7 47 21.590  1.99   1
   117175  37.289701 -121.666805     5.747       15.2      107.9      846.6      1.7      1.6      4.7 1988  5 13 17 17 30.760  1.52   1
   119615  37.290100 -121.666170     6.170       71.4      152.2     1269.4      3.9      2.6      4.4 1988  6 27  4 18 37.320  2.52   1
   119610  37.290043 -121.666081     6.163       79.4      145.9     1262.7      3.9      2.7      4.5 1988  6 27  4 18 52.410  2.72   1
   119763  37.290409 -121.669238     4.263     -200.6      186.5     -636.2      4.1      3.0     12.4 1988  6 30 23 52 27.360  0.97   1
   119888  37.285234 -121.662549     5.844      392.6     -387.9      943.4      3.1      2.0      5.5 1988  7  5  5  2 33.820  0.83   1
   120788  37.290751 -121.670500     3.775     -312.5      224.4    -1125.0      1.9      1.3      5.2 1988  7 23 10 42 21.740  1.53   1
   120974  37.290503 -121.669401     4.265     -215.0      196.9     -635.0      3.7      3.7     12.3 1988  7 26 18  9 59.220  0.80   1
   126189  37.289571 -121.669718     3.733     -243.2       93.5    -1167.0      1.4      1.2      4.8 1988 11  2  3  9 12.610  1.93   1
   126292  37.288871 -121.669198     3.716     -197.0       15.8    -1184.2      1.4      1.3      4.8 1988 11  3  1 30  4.280  1.71   1
   126389  37.288904 -121.669059     3.783     -184.7       19.4    -1117.3      1.9      1.5      5.3 1988 11  4 13 34 34.720  1.87   1
   126560  37.284717 -121.662931     5.739      358.7     -445.3      838.6      3.0      2.2      5.4 1988 11  7 17 51 17.980  1.24   1
   126901  37.285535 -121.666886     3.487        7.9     -354.5    -1413.2      2.6      2.3      5.2 1988 11 12 18 11 57.680  1.07   1
   129454  37.286117 -121.662703     6.343      378.9     -289.9     1443.1      4.3      3.4      6.7 1988 12 30 23 53 29.880  1.74   1
   129428  37.286841 -121.660335     5.822      588.9     -209.5      922.0     10.1      9.0     13.5 1988 12 30 23 54 24.000  4.30   1
   129887  37.290458 -121.669442     4.273     -218.7      191.9     -627.2      5.5      4.0     14.4 1989  1 13 10  9  6.070  0.94   1
   131766  37.289095 -121.665308     6.170      147.9       40.6     1269.5      3.8      2.5      4.3 1989  2 22 14 10 28.230  1.79   1
   132424  37.287166 -121.667757     3.695      -69.3     -173.4    -1205.1      2.6      2.0      5.8 1989  3  7 15  3 21.870  2.62   1
   132469  37.285575 -121.662744     5.843      375.3     -350.0      942.3      2.8      2.2      4.9 1989  3  8 14 47  1.080  1.40   1
   132715  37.285327 -121.662378     5.893      407.7     -377.5      992.6      2.6      1.8      4.5 1989  3 12  7 15 43.550  0.81   1
   139260  37.290442 -121.669173     4.373     -194.8      190.1     -527.5      3.4      3.2     11.4 1989  7  1  1 11 28.510  0.96   1
   140151  37.287301 -121.663485     6.155      309.6     -158.5     1254.8      4.1      2.7      5.4 1989  7 16 21 54  2.440  1.65   1
   140303  37.285535 -121.666724     3.675       22.4     -354.5    -1225.5      2.7      2.3      4.8 1989  7 19  8 51 59.540  1.28   1
   142196  37.288599 -121.667472     4.194      -44.0      -14.5     -706.6      4.1      2.3      5.5 1989  8 14  4  7  9.360  1.25   1
   144026  37.285229 -121.662533     5.891      394.0     -388.4      991.0      2.8      2.1      4.9 1989  9 14 10 35 38.140  0.87   1
   144648  37.287553 -121.665299     5.674      148.7     -130.5      773.4      2.1      1.7      4.7 1989  9 26 17  2  0.820  0.92   1
   144843  37.291113 -121.668205     5.725     -109.0      264.6      824.6      2.3      2.1      4.6 1989 10  1 18 21 45.920  1.78   1
   148939  37.289010 -121.669076     3.707     -186.2       31.2    -1193.1      1.2      1.6      4.8 1989 12 13  5 33 46.080  1.60   1
   149804  37.293229 -121.672518     3.702     -491.4      499.5    -1198.1      2.3      1.6      4.9 1989 12 30  6 19 29.350  1.59   1
   150901  37.287069 -121.665633     4.431      119.1     -184.2     -468.9      4.4      3.1      8.6 1990  1 19  9 24  8.400  1.24   1
   151583  37.285498 -121.666715     3.494       23.1     -358.6    -1406.1      2.4      2.2      5.5 1990  1 31  5  8 47.310  1.38   1
   153849  37.285400 -121.662606     5.877      387.5     -369.4      976.6      2.9      1.9      5.2 1990  3  6 23  9 12.960  0.83   1
   154124  37.287744 -121.665405     5.670      139.3     -109.3      769.2      1.8      1.6      4.4 1990  3 11 11 52 34.830  2.34   1
   155780  37.285457 -121.666650     3.484       28.9     -363.1    -1416.6      2.5      2.5      5.4 1990  4 11  5 35 19.420  1.33   1
   157462  37.286426 -121.664038     5.761      260.5     -255.6      860.2      2.9      2.4      5.5 1990  5 10 16 43 48.520  3.18   1
   157486  37.284753 -121.662598     5.706      388.2     -441.2      805.6      3.5      2.5      7.2 1990  5 11 22 59 22.960  0.97   1
   157494  37.290361 -121.668986     4.274     -178.2      181.1     -625.9      3.8      3.3     12.4 1990  5 12  2 57 13.600  0.81   1
   157758  37.289783 -121.666724     5.766       22.4      117.0      866.0      2.1      1.5      4.8 1990  5 16  4 10 37.430  1.59   1
   158154  37.291638 -121.671004     3.826     -357.2      322.9    -1074.3      2.5      1.6      5.2 1990  5 23 11 11 37.580  1.03   1
   158290  37.291886 -121.671273     3.849     -381.0      350.4    -1051.7      3.6      2.3      6.0 1990  5 23 16 30 36.550  0.82   1
 20091514  37.285954 -121.663151     5.865      339.2     -308.0      965.0      2.3      2.0      4.6 1990  6 11  1 38 14.370  3.10   1
   159156  37.287976 -121.664998     5.916      175.4      -83.5     1015.2      4.1      2.8      7.9 1990  6 11  2 45 19.820  1.25   1
   160503  37.289677 -121.669580     3.813     -230.9      105.2    -1087.6      2.1      1.7      5.8 1990  7  5 20  4 42.800  1.71   1
   161358  37.290487 -121.669019     4.343     -181.1      195.1     -557.1      4.9      3.9     14.2 1990  7 20  5 51 45.700  0.96   1
 20092038  37.292668 -121.667057     5.978       -7.2      437.1     1077.5      5.6      3.7      9.5 1990  8 17  2 26 16.740  3.68   1
   163527  37.291191 -121.666976     6.252        0.0      273.2     1351.9      4.1      3.1      5.3 1990  9  1 17 25 25.320  0.96   1
   165437  37.290405 -121.667529     5.694      -49.1      186.1      793.5      1.9      2.1      4.8 1990 10 17  6 15 15.710  1.80   1
   204801  37.290540 -121.669173     4.376     -194.8      201.0     -524.0      4.8      4.0     14.6 1991  1 15 17 29 20.200  0.94   1
   205031  37.290092 -121.670353     3.597     -299.5      151.3    -1303.0      2.6      2.2      5.5 1991  1 20  5  0 30.930  1.17   1
   205737  37.287577 -121.667830     3.687      -75.8     -127.8    -1213.7      3.1      3.3      9.3 1991  2  2  5 39  6.910  0.83   1
   206508  37.287724 -121.667961     3.715      -87.3     -111.5    -1183.9      2.0      1.7      5.3 1991  2 13 19 31  5.060  1.22   1
   207043  37.289046 -121.669808     3.516     -251.1       35.2    -1384.4      2.6      2.2      5.8 1991  2 22 15 51 34.750  2.28   1
   208364  37.291610 -121.671053     3.825     -361.5      319.7    -1074.9      2.7      2.3      5.7 1991  3 22 11 23 27.560  1.05   1
   208389  37.291878 -121.671191     3.833     -373.8      349.5    -1067.1      3.0      2.7      6.3 1991  3 22 11 34  4.350  0.81   1
   211885  37.285250 -121.662443     5.887      402.0     -386.1      986.8      2.8      2.4      5.7 1991  5  4  6 30 12.620  0.94   1
   212119  37.285234 -121.662467     5.893      399.8     -387.9      992.5      2.7      1.9      4.6 1991  5  9  0 14 24.910  1.22   1
   215747  37.288993 -121.669043     3.698     -183.3       29.4    -1202.4      1.8      1.4      4.8 1991  5 29  9 45 22.620  1.83   1
   220702  37.284676 -121.662565     5.677      391.1     -449.8      776.5      3.6      2.0      6.3 1991  6 22 16 36 38.560  1.21   1
   227435  37.290068 -121.670312     3.572     -295.9      148.6    -1327.9      2.0      1.8      6.0 1991  8 10 17  6  5.760  1.23   1
   227542  37.285368 -121.666748     3.447       20.2     -373.0    -1453.5      2.3      2.3      5.3 1991  8 12  9 56  3.630  1.43   1
   228484  37.287622 -121.665381     5.655      141.4     -122.8      755.0      2.0      1.8      4.6 1991  8 21 17  7 40.400  2.27   1
   229053  37.290824 -121.667961     5.696      -87.3      232.6      795.5      1.8      1.6      4.4 1991  8 28 14  4 22.080  2.05   1
   229871  37.290584 -121.669035     4.388     -182.6      205.9     -512.3      4.2      4.0     12.4 1991  9  6 16 39 27.620  0.93   1
   234881  37.285409 -121.666764     3.453       18.8     -368.5    -1446.8      2.4      2.2      5.3 1991 10 22 17  4 17.460  1.46   1
   238704  37.289657 -121.669621     3.714     -234.5      103.0    -1186.0      2.1      1.7      4.8 1991 12  3  5 24 24.980  2.01   1
   238790  37.289225 -121.669312     3.706     -207.1       55.1    -1194.5      2.2      1.9      4.9 1991 12  4  0  8 49.550  1.89   1
   238816  37.285571 -121.662703     5.912      378.9     -350.4     1012.1      2.8      2.0      4.7 1991 12  4 13 45 39.520  0.99   1
   241590  37.288363 -121.665828     5.688      101.8      -40.6      787.7      2.1      2.1      4.9 1991 12 23 12 33 19.250  1.22   1
   249781  37.289754 -121.666732     5.762       21.6      113.8      862.1      1.8      1.5      4.8 1992  2 10 12 31  5.020  1.61   1
   253921  37.285413 -121.666715     3.428       23.1     -368.0    -1472.1      2.3      2.2      4.9 1992  3  4 13 13  6.220  1.23   1
   261841  37.291549 -121.671037     3.831     -360.1      313.0    -1069.2      4.9      3.5     12.1 1992  4  6  9 39 49.410  0.92   1
   292015  37.286690 -121.667293     3.729      -28.1     -226.2    -1171.0      3.0      3.2      7.2 1992  6  9 12 59 24.230  2.86   1
   303099  37.286255 -121.664982     4.541      176.8     -274.6     -359.6      4.5      2.9      8.4 1992  7  7  2 47 24.660  1.35   1
   304374  37.285535 -121.666764     3.463       18.8     -354.5    -1437.1      2.9      2.6      5.9 1992  7 17  9 51 49.510  1.02   1
   312743  37.290849 -121.670492     3.806     -311.7      235.3    -1094.1      2.2      1.6      5.8 1992  8 29 17  4 29.020  1.64   1
   314921  37.288944 -121.668937     3.823     -173.9       23.9    -1077.6      2.4      2.8      7.2 1992  9 11  1 22 13.650  1.06   1
   322432  37.287052 -121.665666     4.433      116.2     -186.1     -467.6      4.4      3.6      8.8 1992 11  5 12 35  5.470  1.26   1
   327300  37.291565 -121.668563     5.724     -140.7      314.8      824.1      2.2      2.0      4.6 1992 11 29  5  3  2.720  1.73   1
   330647  37.290499 -121.669157     4.399     -193.4      196.4     -501.1      2.4      3.4     11.2 1993  1  2 11 32 10.020  1.10   1
   331552  37.291589 -121.671077     3.836     -363.7      317.5    -1064.2      2.4      2.3      6.7 1993  1  9 17 48 38.720  1.01   1
   331635  37.291329 -121.671037     3.780     -360.1      288.6    -1120.3      2.1      2.2      5.8 1993  1 10 22 13  9.440  1.20   1
   339439  37.285278 -121.662516     5.907      395.5     -382.9     1006.5      2.5      2.0      4.5 1993  3  7  1 47 38.410  1.22   1
   339511  37.285319 -121.662606     5.898      387.5     -378.4      997.5      2.7      2.1      4.9 1993  3  8  9 25 39.610  1.01   1
   352620  37.289286 -121.669149     3.737     -192.7       61.9    -1162.9      2.5      2.0      5.5 1993  6  8  9 15  1.380  0.83   1
 30036393  37.291622 -121.671086     3.851     -364.4      321.1    -1049.3      2.9      2.5      6.5 1993 12  1  0 25 49.530  0.98   1
   389286  37.288855 -121.669084     3.730     -186.9       14.0    -1170.1      1.8      1.7      5.1 1993 12 20 22 35  7.800  1.77   1
   391772  37.290361 -121.669173     4.265     -194.8      181.1     -635.5      3.0      3.3     11.6 1994  1 19  7 46 39.590  0.96   1
   391983  37.290381 -121.669214     4.417     -198.4      183.3     -482.9      3.3      3.8     12.6 1994  1 20  7 20 41.680  0.90   1
   399980  37.290080 -121.670272     3.570     -292.3      149.9    -1329.9      2.0      1.8      5.7 1994  4  6  4 11 34.960  1.38   1
   400563  37.285417 -121.666683     3.475       26.0     -367.6    -1425.8      2.3      2.1      5.0 1994  4 16 13 10 52.340  2.00   1
   401879  37.289766 -121.666715     5.781       23.1      115.2      880.4      1.9      1.9      4.9 1994  5  8 23  4 53.240  1.61   1
 30049085  37.288005 -121.665470     5.733      133.5      -80.4      833.0      1.7      1.7      4.7 1994  5 13 11 15 14.850  1.56   1
 30051942  37.290991 -121.668009     5.722      -91.6      251.1      821.5      2.0      1.8      4.6 1994  6 30 14 25 51.030  1.83   1
 30051943  37.291838 -121.668677     5.749     -150.8      345.0      848.3      1.7      2.1      5.1 1994  6 30 14 29 15.060  1.38   1
 30054274  37.293412 -121.672713     3.830     -508.7      519.8    -1070.4      2.6      2.5      4.9 1994  8  4 17 19  8.160  1.37   1
 30057908  37.285734 -121.663599     5.740      299.5     -332.4      839.5      2.1      1.7      4.4 1994  9 17 17 57  1.520  2.38   1
 30058785  37.285881 -121.663875     5.725      274.9     -316.1      824.2      1.8      1.9      4.3 1994  9 25 23  4 28.000  2.36   1
 30062741  37.289657 -121.669580     3.755     -230.9      103.0    -1145.0      2.6      3.5      9.9 1994 11 16 16 50 58.150  2.01   1
 30062748  37.289950 -121.669751     3.671     -246.1      135.5    -1228.9      2.7      1.8      5.9 1994 11 16 18  3 42.360  1.27   1
 30069218  37.288973 -121.668758     3.828     -158.0       27.1    -1072.1      3.0      1.7      5.3 1995  3  3  9 38 49.200  1.20   1
 30069222  37.288920 -121.668840     3.775     -165.3       21.2    -1125.2      1.4      1.0      5.1 1995  3  3 12 30 15.850  1.75   1
 30069457  37.288753 -121.668807     3.716     -162.4        2.7    -1184.5      2.6      2.1      5.0 1995  3  7 13 19 41.960  1.26   1
 30071053  37.285844 -121.663045     5.786      348.6     -320.2      885.4      2.4      1.8      4.5 1995  4  5  7 55 21.350  2.80   1
 30072363  37.284696 -121.662581     5.733      389.7     -447.5      832.8      2.5      2.3      5.0 1995  4 26 17 54  9.660  1.14   1
 30073191  37.291622 -121.670996     3.865     -356.5      321.1    -1035.2      2.9      2.6      6.2 1995  5 14 11 18 47.000  1.02   1
 30074975  37.290568 -121.669124     4.479     -190.5      204.1     -421.0      3.1      4.1     11.8 1995  6 15 22 23  1.320  1.34   1
 30076454  37.290906 -121.670703     3.755     -330.5      241.6    -1145.3      2.2      1.5      5.6 1995  7  4 11 20 49.790  2.65   1
 30077970  37.288285 -121.665723     5.679      111.1      -49.2      779.1      2.8      2.4      5.3 1995  7 24  8 37 43.620  1.26   1
 30090632  37.287032 -121.667603     3.715      -55.6     -188.3    -1185.1      2.6      2.2      5.4 1995 11 25 19 22  6.180  2.56   1
 30091051  37.287297 -121.665129     5.682      163.8     -159.0      782.1      2.8      2.2      6.2 1995 12  2  1 12 15.750  1.40   1
 30092060  37.289038 -121.669157     3.705     -193.4       34.3    -1195.5      1.8      1.3      5.2 1995 12 15 18 53 39.820  1.82   1
 30107700  37.293514 -121.672599     3.781     -498.6      531.1    -1118.8      3.5      2.9      9.2 1996  5 30 18 47 12.480  1.35   1
   478138  37.289539 -121.669604     3.698     -233.1       89.9    -1202.3      2.0      1.8      4.9 1996  9  2 20 27  0.360  1.99   1
   478141  37.289868 -121.669808     3.630     -251.1      126.4    -1270.8      2.7      2.2      6.9 1996  9  2 20 36  3.960  1.38   1
   478159  37.288753 -121.668766     3.694     -158.8        2.7    -1206.2      2.3      1.7      5.7 1996  9  3  0  2  4.940  1.17   1
   482382  37.285140 -121.662419     5.905      404.1     -398.3     1005.1      2.9      2.2      4.6 1996 10 19  4 32 38.790  1.30   1
   483500  37.287683 -121.665470     5.657      133.5     -116.1      756.7      1.7      1.5      4.4 1996 11  2 12 22 52.340  2.29   1
   485145  37.285307 -121.666724     3.456       22.4     -379.8    -1444.0      2.3      2.3      4.7 1996 11 20 12 25 42.190  1.93   1
   502047  37.289917 -121.665991     6.182       87.3      131.9     1281.6      4.1      2.8      4.9 1997  4 20 17  8  1.560  1.79   1
   522670  37.286165 -121.664006     5.694      263.4     -284.5      793.4      2.0      1.7      4.5 1997  9 26 19 58  2.480  3.09   1
   523141  37.289669 -121.666715     5.756       23.1      104.3      856.2      2.4      1.6      4.8 1997  9 29  3  7 46.980  1.55   1
   529274  37.288993 -121.669198     3.686     -197.0       29.4    -1214.4      2.7      1.3      5.0 1997 10 28 12  1 44.750  1.61   1
