    16484  37.286108 -121.663265     5.800      329.1     -290.8      899.7     15.7     11.9     27.6 1984  4 24 21 20 23.480  3.57   1
    16527  37.286560 -121.664242     5.728      242.5     -240.7      827.8      7.1      8.4     19.7 1984  4 24 21 23 39.960  3.54   1
    17496  37.291280 -121.666740     6.289       20.9      283.1     1388.8     17.3     12.3     29.1 1984  4 25  0  4 49.440  1.23   1
    16521  37.286759 -121.667131     3.586      -13.7     -218.6    -1314.3     16.3     14.7     31.0 1984  4 25  4 16 53.440  3.00   1
    17842  37.288965 -121.668921     3.809     -172.5       26.2    -1091.3      7.3      6.1     16.3 1984  4 25  4 35 19.170  1.90   1
    16635  37.294377 -121.670011     6.089     -269.2      626.8     1188.6     13.6     12.8     32.9 1984  4 25  7 22 22.290  1.40   1
    16576  37.287447 -121.663379     6.174      319.0     -142.3     1273.9     21.0     15.2     25.6 1984  4 25 14  6 57.560  1.62   1
    17929  37.289673 -121.666813     5.815       14.4      104.8      915.1      8.1      8.3     17.3 1984  4 25 22 14 23.140  1.80   1
    16659  37.290051 -121.665739     6.279      109.7      146.8     1378.3     14.9     10.6     27.3 1984  4 26  8 54 51.420  1.52   1
    16701  37.291532 -121.666984     6.309       -0.7      311.1     1409.0     16.2     11.8     28.9 1984  4 26 17 22 44.280  1.57   1
    18075  37.288501 -121.667546     4.211      -50.5      -25.3     -689.1      9.2      7.6     22.0 1984  4 26 20 11 12.520  1.17   1
    16751  37.291394 -121.671053     3.820     -361.5      295.8    -1080.2     12.1      9.8     29.3 1984  4 27  7 48 23.500  0.97   1
    16766  37.287931 -121.665584     5.770      123.4      -88.5      869.3     10.4      8.8     17.1 1984  4 27 11  8  9.220  1.31   1
    16802  37.287463 -121.663379     6.168      319.0     -140.4     1267.6     21.6     14.7     27.6 1984  4 27 19  3 15.040  1.31   1
    16821  37.285164 -121.662614     5.963      386.8     -395.6     1063.2     15.4     10.4     24.3 1984  4 28  0  4 31.210  0.83   1
    16827  37.284875 -121.662329     5.965      412.1     -427.7     1064.6     13.3      6.7     23.7 1984  4 28  1 43 47.850  1.21   1
    16838  37.294368 -121.669954     6.110     -264.1      625.9     1209.5     12.4     12.7     28.5 1984  4 28  3 54 12.200  1.39   1
    16841  37.286169 -121.665267     4.520      151.5     -284.1     -380.3     16.7      7.3     43.2 1984  4 28  4 43 26.310  1.47   1
    19159  37.290637 -121.666170     6.252       71.4      211.8     1351.3     14.6     10.2     24.5 1984  4 28 16 12 43.750  2.09   1
    16885  37.289144 -121.665007     6.251      174.6       46.1     1350.8     14.0      9.7     24.3 1984  4 28 18 53 49.960  2.18   1
    16911  37.288257 -121.665877     5.765       97.4      -52.4      864.2     11.5     10.1     20.4 1984  4 29  2 29 16.340  1.27   1
    17074  37.289990 -121.665625     6.264      119.8      140.0     1363.4     14.4     10.4     25.8 1984  4 30 14 46  1.740  1.59   1
    17272  37.289709 -121.666805     5.812       15.2      108.8      911.5      9.2      7.3     17.7 1984  5  2  7 34 17.770  1.65   1
    17294  37.293233 -121.672648     3.758     -503.0      499.9    -1142.1      9.3      6.1     19.9 1984  5  2 14 32 55.730  1.70   1
    17356  37.285396 -121.666602     3.455       33.2     -369.9    -1445.1      9.0      7.7     19.4 1984  5  2 22 58 42.360  1.77   1
    17669  37.287447 -121.663379     6.177      319.0     -142.3     1276.9     22.0     14.9     29.0 1984  5  3 23 10 52.920  1.04   1
    17723  37.286169 -121.663249     5.783      330.5     -284.1      882.9     10.2      8.6     27.2 1984  5  4 18 42 58.080  3.05   1
    17526  37.287638 -121.665446     5.724      135.7     -121.0      823.4     10.0      8.2     12.5 1984  5  5  3 31 54.930  2.45   1
    17779  37.285933 -121.663770     5.716      284.3     -310.2      815.3      7.6      7.5     17.6 1984  5  7 14 27 20.420  2.85   1
    17794  37.284672 -121.662801     5.805      370.2     -450.2      904.4     11.1      8.7     18.4 1984  5  7 16 34 13.860  1.30   1
    17834  37.294356 -121.669971     6.105     -265.6      624.6     1204.7     12.1     12.9     29.1 1984  5  8  6 55  3.840  1.17   1
    18466  37.285177 -121.662606     5.959      387.5     -394.2     1059.0     14.4      7.9     24.1 1984  5 15  1 42 21.350  1.18   1
    18608  37.291699 -121.667204     6.274      -20.2      329.7     1373.3     13.9      9.7     22.9 1984  5 16 17  9 28.700  2.32   1
    18708  37.289567 -121.666618     5.728       31.8       93.0      829.2     12.5      9.2     20.7 1984  5 17  8 43  3.370  3.32   1
    18857  37.285246 -121.662679     5.980      381.0     -386.6     1079.3     15.5      9.5     26.1 1984  5 19  4 20 31.710  0.74   1
    19686  37.290275 -121.669198     4.304     -197.0      171.6     -596.6     10.0     11.3     23.9 1984  5 29 23 53  6.840  0.99   1
    19720  37.289974 -121.665658     6.163      116.9      138.2     1262.5     15.1     11.0     26.2 1984  5 30 12 38 10.840  3.00   1
    19745  37.291243 -121.666789     6.285       16.6      279.1     1384.3     21.3     16.8     35.6 1984  5 30 17  5  4.160  0.80   1
    19776  37.286943 -121.665828     4.503      101.8     -198.2     -397.7     16.8      8.1     42.5 1984  5 31  1 43 34.410  1.22   1
    19860  37.289689 -121.666821     5.807       13.7      106.6      906.7      7.9      7.6     18.4 1984  6  1  3 27 26.880  1.58   1
    19888  37.294348 -121.669987     6.089     -267.0      623.6     1188.4     13.6     14.0     36.4 1984  6  1  9  7  7.310  1.08   1
    19992  37.286454 -121.664152     5.718      250.4     -252.4      818.1      9.7      7.9     21.2 1984  6  2 17 32  6.480  2.92   1
    20113  37.284672 -121.662801     5.786      370.2     -450.2      885.5     11.3      9.7     19.7 1984  6  4 16 23 29.800  1.15   1
    20328  37.292485 -121.667798     6.313      -72.9      416.8     1413.0     23.4     18.1     39.1 1984  6  5 23 51 14.920  0.93   1
    20622  37.287170 -121.665202     5.713      157.3     -173.0      812.3     11.2      9.1     18.4 1984  6 11  4 58 46.580  1.48   1
    20978  37.286112 -121.663216     5.805      333.4     -290.4      904.4     10.6      9.1     22.4 1984  6 16  3 50 27.150  3.13   1
    21561  37.287528 -121.663558     6.218      303.1     -133.2     1318.0     17.8     12.7     27.7 1984  6 26  7 13 18.280  0.80   1
    21644  37.290780 -121.670475     3.826     -310.3      227.6    -1074.4      8.6      5.0     17.1 1984  6 27 14 50 38.140  1.59   1
    22144  37.286174 -121.665275     4.512      150.8     -283.6     -388.8     17.1      7.7     42.4 1984  7  5 12 49 57.720  1.28   1
    22165  37.288521 -121.667619     4.185      -57.0      -23.0     -715.3      7.9      8.9     19.8 1984  7  5 17  6 28.740  0.96   1
    22271  37.291012 -121.670768     3.729     -336.3      253.3    -1171.4      7.7      7.3     17.2 1984  7  7  0 17  9.970  2.67   1
    22280  37.288619 -121.668888     3.746     -169.6      -12.2    -1154.4      7.3      8.3     16.5 1984  7  7  2 35  4.060  1.53   1
    23190  37.289648 -121.669661     3.760     -238.1      102.1    -1140.2      6.4      5.1     15.6 1984  7 17 16 24 49.440  1.85   1
    23195  37.287626 -121.665544     5.722      127.0     -122.4      821.8     10.1      7.8     11.8 1984  7 17 17 53  4.200  2.33   1
    24519  37.289026 -121.669865     3.559     -256.2       33.0    -1341.2      7.7      6.2     19.1 1984  7 30 14 16 49.060  2.31   1
    24674  37.289669 -121.666838     5.809       12.3      104.3      909.2      8.9      7.1     17.0 1984  8  1 12 29 16.890  1.64   1
    25096  37.290084 -121.670467     3.665     -309.6      150.4    -1235.6      7.7      6.6     17.3 1984  8  7  9  7  6.330  1.17   1
    25305  37.290234 -121.669263     4.301     -202.8      167.1     -599.3      8.5     13.4     32.0 1984  8 10  7  4  4.200  0.95   1
    25937  37.285160 -121.662695     5.967      379.6     -396.0     1067.2     15.4     12.9     27.0 1984  8 19 20 27 32.960  0.69   1
    26238  37.290348 -121.669385     4.337     -213.6      179.7     -563.0     12.9     13.7     43.3 1984  8 25  0 19 18.360  0.72   1
    27421  37.285494 -121.662801     5.956      370.2     -359.0     1055.8     12.7      7.5     22.1 1984  9  6 16 33 41.640  1.41   1
    27683  37.285815 -121.663940     5.710      269.2     -323.3      810.1      8.3      6.8     15.7 1984  9 10 16 24 47.130  2.39   1
    27684  37.285779 -121.663778     5.757      283.6     -327.4      856.7      9.0      6.9     15.0 1984  9 10 16 33 36.940  1.79   1
    27721  37.285209 -121.662671     5.972      381.8     -390.6     1071.3     14.0     10.9     24.2 1984  9 11  8 13 54.330  0.83   1
    27722  37.287992 -121.665706     5.757      112.6      -81.7      857.2      9.4      7.7     15.4 1984  9 11  9 29 23.690  1.78   1
    27724  37.289950 -121.665658     6.258      116.9      135.5     1358.2     14.7     10.4     26.3 1984  9 11 10 26  8.190  1.55   1
    28475  37.291565 -121.671248     3.870     -378.8      314.8    -1030.2     13.4     13.5     35.7 1984  9 23  8 43 14.720  1.07   1
    29752  37.285400 -121.666675     3.452       26.7     -369.4    -1448.8      8.8      7.6     18.8 1984 10 10  7 11 54.160  1.90   1
    29901  37.291614 -121.667017     6.287       -3.6      320.2     1386.9     16.4     12.3     28.0 1984 10 12  7 13 23.200  1.21   1
    30009  37.291085 -121.668140     5.767     -103.2      261.5      866.4     14.2     13.0     18.0 1984 10 13 17 32 47.840  1.83   1
    30159  37.290202 -121.669238     4.279     -200.6      163.5     -621.8      8.6     11.2     21.4 1984 10 17 11 39  4.900  0.89   1
    30929  37.290951 -121.668123     5.736     -101.7      246.6      835.4     10.4      8.2     17.3 1984 10 30  2 49 48.600  1.41   1
    31031  37.286373 -121.664071     5.721      257.6     -261.5      821.0      9.3      9.0     22.8 1984 10 31  3  5 11.660  2.89   1
    31037  37.285120 -121.662712     5.952      378.1     -400.6     1051.6     14.3     10.3     24.8 1984 10 31 15 28 48.300  0.79   1
    31068  37.284794 -121.662419     5.946      404.1     -436.7     1045.3     14.6      8.3     23.8 1984 11  1  5 22 45.950  0.79   1
    31844  37.286182 -121.665259     4.520      152.3     -282.7     -380.1     17.0      7.9     42.4 1984 11 13 11 59  9.360  1.31   1
    32049  37.288953 -121.669092     3.753     -187.6       24.8    -1147.4      6.1      5.3     14.8 1984 11 18  0 28 55.240  1.69   1
    32676  37.285701 -121.662956     5.800      356.5     -336.0      899.8     10.2      8.3     19.6 1984 11 28 11 54 37.810  2.94   1
    35929  37.287288 -121.665234     5.717      154.4     -159.9      816.4     10.8      8.3     15.5 1984 12  1  8  9 13.540  1.74   1
    33786  37.286947 -121.665820     4.505      102.5     -197.8     -395.1     16.8      7.3     42.1 1984 12 10  7 45 41.770  1.43   1
    34527  37.289709 -121.666829     5.803       13.0      108.8      902.5      9.2      7.4     17.7 1984 12 15 10 28 17.680  1.61   1
    34841  37.284737 -121.662882     5.779      363.0     -443.0      878.3     12.2      9.2     19.1 1984 12 19  8 29 34.630  1.35   1
    35109  37.290784 -121.670467     3.807     -309.6      228.1    -1093.5      8.7      5.3     16.7 1984 12 22  4 43 44.710  1.60   1
    38148  37.287101 -121.667489     3.634      -45.5     -180.6    -1266.2     12.5      8.6     21.9 1985  1 19 11 56 37.340  2.49   1
    39944  37.291471 -121.668530     5.769     -137.8      304.4      868.6     11.6      8.3     19.2 1985  2  5 11 42 49.820  2.05   1
    40913  37.289205 -121.665039     6.245      171.7       52.8     1344.8     13.8     10.1     25.0 1985  2 13 23 52 25.080  1.70   1
    41574  37.290295 -121.669214     4.302     -198.4      173.9     -598.3      9.7     11.0     22.3 1985  2 16 20 53  7.160  1.20   1
    42349  37.288985 -121.668994     3.813     -179.0       28.5    -1087.1     12.5      9.5     25.3 1985  2 28  1  9 58.300  0.84   1
    42555  37.288920 -121.668864     3.800     -167.4       21.2    -1100.7      5.4      5.5     16.4 1985  3  2  6 53 56.010  1.74   1
    42559  37.289648 -121.669621     3.806     -234.5      102.1    -1094.1      6.0      4.7     16.6 1985  3  2  8 55  3.470  1.91   1
    42643  37.289209 -121.669312     3.743     -207.1       53.3    -1157.5      5.5      5.0     14.7 1985  3  2  8 55 29.590  2.08   1
    42560  37.290031 -121.669971     3.729     -265.6      144.5    -1170.9      7.4      6.1     19.3 1985  3  2  8 58  0.480  1.22   1
    43546  37.289417 -121.666707     5.698       23.8       76.3      798.0     13.9     10.6     22.1 1985  3 12  4  3 59.980  3.24   1
    43580  37.289722 -121.666886     5.810        7.9      110.2      909.7      8.7      8.6     20.5 1985  3 12  4  4 51.800  2.04   1
    44335  37.286076 -121.664006     5.717      263.4     -294.4      816.4      8.1      6.6     16.0 1985  3 20  4 57 39.190  2.56   1
    44729  37.287134 -121.665161     5.745      160.9     -177.0      844.3     12.2     11.2     22.1 1985  3 26 11 50 46.600  1.26   1
    45835  37.287870 -121.665031     5.908      172.5      -95.3     1007.6     12.6     13.6     22.1 1985  4 10 18 45 20.620  1.07   1
    46041  37.294348 -121.669971     6.082     -265.6      623.6     1181.7     14.6     14.3     38.0 1985  4 13 14  1 53.470  1.16   1
    47288  37.285384 -121.666691     3.390       25.3     -371.2    -1510.7     13.0     18.2     49.0 1985  5  5 16 50  5.800  0.94   1
    49151  37.285535 -121.666789     3.409       16.6     -354.5    -1491.0     11.7     11.9     24.2 1985  6  8  4 58 49.900  0.64   1
    49626  37.291593 -121.671224     3.892     -376.7      317.9    -1008.0     12.9     12.5     31.6 1985  6 15  1 38 57.380  0.94   1
    49633  37.286226 -121.665308     4.520      147.9     -277.7     -380.3     17.1      8.3     42.8 1985  6 16  5 24 54.700  1.29   1
    50591  37.287789 -121.667993     3.739      -90.2     -104.3    -1160.9     14.5      7.6     22.2 1985  7  4  3  6  5.160  1.06   1
    51288  37.285514 -121.666756     3.424       19.5     -356.8    -1476.8     10.5     14.4     27.6 1985  7 17 13 58 38.250  1.02   1
    51325  37.285763 -121.662891     5.907      362.3     -329.2     1006.3      9.3      8.2     18.9 1985  7 17 23 39 58.840  1.89   1
    51378  37.285193 -121.662679     5.945      381.0     -392.4     1044.4     14.5      8.9     25.0 1985  7 18 23 42  1.800  0.97   1
    51398  37.290259 -121.669263     4.291     -202.8      169.8     -608.8     10.3     11.4     23.3 1985  7 19  9 58 16.960  0.97   1
    52580  37.289714 -121.666903     5.803        6.5      109.3      903.0      9.3      7.1     18.6 1985  8  9 11 45  2.020  1.60   1
    54084  37.289689 -121.669653     3.751     -237.4      106.6    -1149.5      6.7      4.9     15.6 1985  8 28 20 35 10.100  1.58   1
    57271  37.293498 -121.672933     3.785     -528.2      529.3    -1115.5      9.6      7.1     22.2 1985 10 19 16 33 20.030  1.38   1
    57273  37.293254 -121.672795     3.764     -516.0      502.2    -1136.1      9.2      6.9     16.3 1985 10 19 17 35 48.940  1.66   1
    57770  37.290120 -121.670540     3.665     -316.1      154.4    -1235.1      9.1      7.5     18.4 1985 10 28  3 55 38.130  1.31   1
    58027  37.290930 -121.668091     5.757      -98.9      244.3      856.6      9.9      6.5     16.6 1985 10 31 23 53 38.440  1.96   1
    58028  37.291756 -121.668823     5.773     -163.8      336.0      872.8      9.7      8.8     16.4 1985 10 31 23 55 40.960  1.46   1
    58676  37.290275 -121.665967     6.235       89.5      171.6     1334.2     13.8      9.9     24.7 1985 11  9 23 12 11.080  1.88   1
    59070  37.286882 -121.664657     5.787      205.7     -205.0      886.6     12.0      9.2     19.3 1985 11 14  9 21  5.080  0.97   1
    61248  37.284749 -121.662882     5.786      363.0     -441.7      885.5     11.5      9.6     19.5 1985 12 12  7 33 37.950  1.16   1
    61462  37.288558 -121.667684     4.187      -62.8      -19.0     -713.5      7.7      8.5     19.8 1985 12 14 18 25 45.080  1.09   1
    61809  37.290255 -121.669263     4.291     -202.8      169.3     -609.5     10.7     11.1     23.8 1985 12 19  0  2 10.460  0.97   1
    62142  37.290287 -121.669377     4.291     -212.9      173.0     -608.8     12.7     15.7     29.3 1985 12 24 21 18 58.720  0.89   1
    62514  37.288961 -121.669149     3.726     -192.7       25.7    -1174.2      5.9      5.4     15.4 1985 12 31 15 50 52.230  1.74   1
    62520  37.288985 -121.668962     3.785     -176.1       28.5    -1115.7      5.5      4.7     15.9 1985 12 31 18  3  3.480  1.62   1
    65047  37.287032 -121.665869     4.513       98.1     -188.3     -387.7     16.9      8.6     42.6 1986  1 30  3 31 43.810  1.30   1
    65406  37.285238 -121.662663     5.973      382.5     -387.5     1073.0     13.9      8.7     23.3 1986  2  2  8 26 42.650  1.18   1
    66346  37.285482 -121.666650     3.429       28.9     -360.4    -1471.1     10.1      8.8     21.0 1986  2 11 10 37 16.920  1.40   1
    66201  37.285555 -121.666650     3.436       28.9     -352.2    -1464.0      9.5      8.3     20.0 1986  2 11 11 50  0.620  1.50   1
    67820  37.290894 -121.670475     3.811     -310.3      240.2    -1089.3      8.4      6.7     16.9 1986  3  8 10 32  4.410  1.63   1
    67803  37.286247 -121.665291     4.525      149.4     -275.5     -375.1     17.1      8.9     42.6 1986  3  9 18 55 22.760  1.42   1
    70356  37.286792 -121.664575     5.708      212.9     -215.0      807.6      8.8      8.7     21.1 1986  4  4 10 16 40.970  3.19   1
    70373  37.287618 -121.665535     5.729      127.7     -123.3      828.6     13.3      8.7     24.2 1986  4  4 10 17 30.150  2.37   1
    70083  37.285213 -121.662703     5.958      378.9     -390.2     1057.3     14.3      8.5     22.9 1986  4 12  7 13 35.460  1.00   1
    70826  37.294368 -121.669979     6.080     -266.3      625.9     1179.4     15.4     14.6     38.1 1986  4 21  8 46 14.270  0.99   1
    73536  37.291064 -121.668205     5.770     -109.0      259.2      869.5     15.2     13.0     16.9 1986  5 29  1 41 52.560  1.51   1
    73786  37.289237 -121.669906     3.475     -259.8       56.4    -1425.0     16.3     11.7     20.1 1986  6  1 10 51 31.460  1.21   1
    73850  37.289734 -121.666895     5.808        7.2      111.5      907.5      9.2      7.8     17.3 1986  6  2  5  8 18.340  1.52   1
    76654  37.286108 -121.663387     5.785      318.2     -290.8      885.2      9.6      8.1     20.3 1986  7 16 20 59  3.320  2.98   1
    76560  37.285120 -121.662720     5.943      377.4     -400.6     1042.5     14.5     14.1     28.0 1986  7 17  4 26  2.170  0.83   1
    77218  37.289616 -121.669727     3.751     -243.9       98.4    -1149.5      5.9      4.5     16.3 1986  7 25  9 22 50.290  2.26   1
    77283  37.289193 -121.669425     3.756     -217.2       51.5    -1143.9      6.4      5.6     15.0 1986  7 25  9 23  5.480  2.35   1
    77296  37.289970 -121.670028     3.755     -270.6      137.7    -1145.6      9.5      8.6     18.8 1986  7 25 16  1 52.100  1.15   1
    81016  37.291895 -121.671427     3.868     -394.7      351.3    -1032.5     12.6     11.5     31.0 1986  9  2  7 22  7.550  0.52   1
    81017  37.291663 -121.671240     3.855     -378.1      325.6    -1044.9     12.8     10.0     28.7 1986  9  2  7 24 15.870  0.83   1
    81735  37.287939 -121.665682     5.768      114.7      -87.6      867.8     11.0      8.8     18.7 1986  9  8 23  4 33.440  1.55   1
    82606  37.291044 -121.670882     3.751     -346.4      257.0    -1149.5      6.4      8.9     23.4 1986  9 15 20 17 49.920  2.67   1
    83579  37.290332 -121.669352     4.183     -210.7      177.9     -717.5     17.0     15.2     33.6 1986  9 22 19 39 11.020  0.83   1
    83805  37.290894 -121.670597     3.822     -321.1      240.2    -1077.5      8.2      6.5     18.1 1986  9 25 12  1 52.830  1.36   1
    85194  37.286678 -121.667187     3.566      -18.8     -227.6    -1334.6     17.3     17.6     31.9 1986 10  9  2  6 22.720  2.95   1
    85669  37.285364 -121.666707     3.419       23.8     -373.5    -1481.0      9.7      8.9     20.1 1986 10 14 15 13 49.290  1.43   1
    87103  37.288460 -121.667578     4.149      -53.4      -29.8     -751.7      9.0     10.0     17.8 1986 11  3  8 20 28.780  0.94   1
    87964  37.284713 -121.662850     5.766      365.9     -445.7      865.6     11.2      9.0     19.3 1986 11 14 11 55 11.210  0.96   1
    88698  37.291663 -121.671257     3.880     -379.6      325.6    -1020.2     13.0      9.7     28.1 1986 11 25 13  0 35.660  1.01   1
    90036  37.290059 -121.669263     4.193     -202.8      147.7     -707.4     15.2     13.4     28.1 1986 12 12 17 46 44.360  0.64   1
    90485  37.290255 -121.669206     4.261     -197.7      169.3     -639.3      9.9     10.7     22.5 1986 12 18  2  5 30.480  1.09   1
    93248  37.289156 -121.670003     3.506     -268.4       47.4    -1394.1     14.4     13.2     24.4 1987  1 26 13 47 46.830  2.35   1
    95188  37.285177 -121.662573     5.943      390.4     -394.2     1042.7     13.2      8.4     23.2 1987  2 21  7 40 45.210  1.18   1
    95317  37.285197 -121.662679     5.949      381.0     -392.0     1048.7     17.2     12.9     38.3 1987  2 23 17  5  2.320  0.91   1
    97576  37.290340 -121.669434     4.247     -217.9      178.8     -653.4     13.1     18.3     30.1 1987  3 29 10  2  1.050  0.79   1
    98812  37.288497 -121.667603     4.127      -55.6      -25.7     -773.0     11.1      9.0     16.5 1987  4 17 16 13 47.300  1.18   1
   101361  37.289661 -121.669686     3.754     -240.3      103.4    -1146.4      5.4      4.6     15.9 1987  6  3  6 56  7.740  1.92   1
   101362  37.288949 -121.669165     3.736     -194.1       24.4    -1164.7      5.4      4.7     15.1 1987  6  3  6 58 51.320  1.74   1
   101659  37.287622 -121.665568     5.707      124.8     -122.8      806.6      9.6      7.4     12.2 1987  6  9  2  2 39.460  2.37   1
   102139  37.287549 -121.667847     3.619      -77.2     -131.0    -1281.4     16.7     15.8     36.7 1987  6 20 16 35 35.960  0.82   1
   102776  37.291614 -121.671232     3.850     -377.4      320.2    -1050.7     11.7     11.7     27.1 1987  7  7  1 44 26.990  1.01   1
   103138  37.289266 -121.669458     3.748     -220.1       59.6    -1151.6      5.2      5.2     14.8 1987  7 14 19  2 57.020  1.72   1
   103702  37.289714 -121.666886     5.801        7.9      109.3      900.8      9.8      7.7     19.2 1987  7 28  7  4 28.800  1.51   1
   103833  37.291069 -121.668286     5.761     -116.2      259.7      860.8     12.3     11.3     18.2 1987  8  1  1 40 41.980  1.94   1
   105327  37.287431 -121.667814     3.721      -74.3     -144.1    -1178.8      7.6      6.4     12.8 1987  9  4 10 31 17.310  1.74   1
   105800  37.289062 -121.666447     5.753       46.9       37.0      852.6      8.7      9.8     20.5 1987  9 14 23  7 17.840  0.83   1
   106343  37.290324 -121.669417     4.244     -216.5      177.0     -656.4     17.0     15.8     38.9 1987  9 27  7 19 34.920  0.75   1
   106370  37.290251 -121.669230     4.299     -199.9      168.9     -600.9     12.6     10.6     28.1 1987  9 27  8 23 11.780  0.96   1
   106462  37.288472 -121.667676     4.167      -62.1      -28.5     -733.0      9.5      9.6     20.5 1987  9 29  4 47  3.550  0.92   1
   107299  37.285510 -121.662891     5.963      362.3     -357.2     1062.3     11.3      7.5     20.5 1987 10 17  9 43 42.990  1.55   1
   107927  37.289392 -121.666960     5.722        1.4       73.6      822.0     11.8      9.0     17.3 1987 11  1 22 11 13.060  3.15   1
   107902  37.289730 -121.666960     5.803        1.4      111.1      902.3      8.2      7.6     17.8 1987 11  1 22 13 47.560  1.56   1
   107906  37.287956 -121.665690     5.759      114.0      -85.8      859.1      9.4      8.4     17.3 1987 11  2  3  6 28.290  1.52   1
   108512  37.285376 -121.666667     3.410       27.4     -372.1    -1490.6      8.8      7.7     19.3 1987 11 16 23 19  9.000  1.98   1
   109132  37.290153 -121.669214     4.230     -198.4      158.1     -670.3     13.6     14.5     30.2 1987 11 27  4  7 50.420  0.67   1
   110939  37.290031 -121.670386     3.585     -302.4      144.5    -1315.0      7.9      8.9     22.3 1988  1 15  1 56 42.310  1.39   1
   112178  37.285364 -121.662581     5.932      389.7     -373.5     1031.9     21.5     13.7     61.8 1988  2 10 20 13  1.200  0.94   1
   112230  37.286100 -121.665259     4.481      152.3     -291.7     -419.6     16.9      7.3     42.1 1988  2 13  4 54 35.870  1.36   1
   112868  37.291691 -121.671273     3.877     -381.0      328.8    -1023.3     14.7     11.9     31.0 1988  2 25 10  0 17.780  0.92   1
   113569  37.291565 -121.667106     6.253      -11.5      314.8     1352.5     15.5     11.9     27.8 1988  3  9  2  8 11.840  1.40   1
   114006  37.285881 -121.663745     5.745      286.5     -316.1      844.3      7.7      6.0     14.6 1988  3 16 23 10  6.640  2.45   1
   115994  37.290922 -121.668091     5.753      -98.9      243.4      852.9      9.9      6.8     17.5 1988  4 21  4 42 14.550  1.94   1
   115996  37.291756 -121.668758     5.747     -158.0      336.0      846.3     11.5     10.3     18.3 1988  4 21  4 48 47.890  0.84   1
   116401  37.289144 -121.665063     6.239      169.6       46.1     1338.2     13.7      9.8     24.8 1988  4 29  7 29 57.200  1.68   1
   116406  37.289408 -121.665259     6.242      152.3       75.4     1341.6     13.7     10.0     24.4 1988  4 29  7 47 21.590  1.99   1
   117175  37.289705 -121.666878     5.786        8.7      108.4      886.0      7.6      8.1     19.1 1988  5 13 17 17 30.760  1.52   1
   119615  37.290153 -121.665918     6.229       93.8      158.1     1329.1     14.3      9.7     25.8 1988  6 27  4 18 37.320  2.52   1
   119610  37.290088 -121.665845     6.223      100.3      150.8     1322.3     14.2     10.3     26.1 1988  6 27  4 18 52.410  2.72   1
   119763  37.290279 -121.669206     4.239     -197.7      172.1     -660.1      8.3     12.7     25.1 1988  6 30 23 52 27.360  0.97   1
   119888  37.285193 -121.662638     5.943      384.6     -392.4     1043.0     16.4     11.0     27.8 1988  7  5  5  2 33.820  0.83   1
   120788  37.290776 -121.670532     3.807     -315.3      227.2    -1093.7      7.4      5.6     17.0 1988  7 23 10 42 21.740  1.53   1
   120974  37.290356 -121.669352     4.230     -210.7      180.6     -670.4     11.8     13.3     37.8 1988  7 26 18  9 59.220  0.80   1
   126189  37.289587 -121.669735     3.761     -244.6       95.3    -1139.1      5.7      5.2     15.3 1988 11  2  3  9 12.610  1.93   1
   126292  37.288896 -121.669198     3.739     -197.0       18.5    -1161.2      4.8      5.2     15.3 1988 11  3  1 30  4.280  1.71   1
   126389  37.288912 -121.669059     3.814     -184.7       20.3    -1086.3      6.3      5.1     16.2 1988 11  4 13 34 34.720  1.87   1
   126560  37.284737 -121.662931     5.768      358.7     -443.0      867.5     12.4      9.2     24.3 1988 11  7 17 51 17.980  1.24   1
   126901  37.285522 -121.666732     3.440       21.6     -355.9    -1460.4      9.8      9.5     20.6 1988 11 12 18 11 57.680  1.07   1
   129454  37.286117 -121.662459     6.405      400.5     -289.9     1504.6     14.6     10.2     22.8 1988 12 30 23 53 29.880  1.74   1
   129428  37.287956 -121.661548     6.126      481.3      -85.8     1226.1     42.7     36.3     60.3 1988 12 30 23 54 24.000  4.30   1
   129887  37.290348 -121.669434     4.267     -217.9      179.7     -633.7     11.5     13.4     23.0 1989  1 13 10  9  6.070  0.94   1
   131766  37.289176 -121.665055     6.235      170.3       49.7     1334.3     13.8      9.8     24.5 1989  2 22 14 10 28.230  1.79   1
   132424  37.287187 -121.667708     3.622      -64.9     -171.2    -1277.9     13.1     10.1     23.2 1989  3  7 15  3 21.870  2.62   1
   132469  37.285592 -121.662760     5.910      373.8     -348.2     1009.7     12.1      7.2     22.4 1989  3  8 14 47  1.080  1.40   1
   132715  37.285335 -121.662467     6.010      399.8     -376.6     1110.1     14.0      7.0     31.3 1989  3 12  7 15 43.550  0.81   1
   139260  37.290279 -121.669084     4.292     -186.9      172.1     -608.1      9.9     12.3     29.5 1989  7  1  1 11 28.510  0.96   1
   140151  37.287341 -121.663273     6.232      328.3     -154.0     1331.8     13.5      9.7     24.2 1989  7 16 21 54  2.440  1.65   1
   140303  37.285510 -121.666569     3.579       36.1     -357.2    -1321.2      9.5      9.2     24.1 1989  7 19  8 51 59.540  1.28   1
   142196  37.288505 -121.667537     4.198      -49.8      -24.8     -702.6      8.2      7.6     18.6 1989  8 14  4  7  9.360  1.25   1
   144026  37.285197 -121.662581     5.968      389.7     -392.0     1068.0     13.6      9.2     23.6 1989  9 14 10 35 38.140  0.87   1
   144648  37.287500 -121.665316     5.703      147.2     -136.4      802.9     13.1     11.2     25.2 1989  9 26 17  2  0.820  0.92   1
   144843  37.291077 -121.668286     5.755     -116.2      260.6      854.2     12.5      9.1     17.7 1989 10  1 18 21 45.920  1.78   1
   148939  37.289026 -121.669100     3.752     -188.3       33.0    -1148.0      5.2      4.5     14.3 1989 12 13  5 33 46.080  1.60   1
   149804  37.293278 -121.672624     3.738     -500.8      504.9    -1162.5      8.8      6.6     18.4 1989 12 30  6 19 29.350  1.59   1
   150901  37.287036 -121.665796     4.538      104.6     -187.9     -362.5     16.8      7.2     42.5 1990  1 19  9 24  8.400  1.24   1
   151583  37.285482 -121.666602     3.470       33.2     -360.4    -1430.7      9.8      9.1     20.0 1990  1 31  5  8 47.310  1.38   1
   153849  37.285380 -121.662581     5.950      389.7     -371.7     1049.7     15.5     10.4     26.8 1990  3  6 23  9 12.960  0.83   1
   154124  37.287716 -121.665446     5.695      135.7     -112.4      794.9      9.7      8.1     12.8 1990  3 11 11 52 34.830  2.34   1
   155780  37.285429 -121.666536     3.463       39.0     -366.2    -1437.7     10.0      9.3     23.0 1990  4 11  5 35 19.420  1.33   1
   157462  37.286426 -121.664006     5.711      263.4     -255.6      810.8     10.0     10.7     23.7 1990  5 10 16 43 48.520  3.18   1
   157486  37.284749 -121.662606     5.752      387.5     -441.7      851.3     11.4      9.6     21.5 1990  5 11 22 59 22.960  0.97   1
   157494  37.290202 -121.669027     4.245     -181.8      163.5     -655.7     13.2     13.5     34.3 1990  5 12  2 57 13.600  0.81   1
   157758  37.289775 -121.666805     5.810       15.2      116.1      909.9      9.4      7.1     18.9 1990  5 16  4 10 37.430  1.59   1
   158154  37.291663 -121.671102     3.872     -365.9      325.6    -1028.5     10.0      8.0     20.9 1990  5 23 11 11 37.580  1.03   1
   158290  37.291923 -121.671387     3.909     -391.1      354.5     -991.2     12.5     10.7     25.0 1990  5 23 16 30 36.550  0.82   1
 20091514  37.285958 -121.663200     5.883      334.8     -307.5      982.5     10.1      8.6     23.6 1990  6 11  1 38 14.370  3.10   1
   159156  37.287923 -121.664998     5.953      175.4      -89.4     1052.8     12.5     10.9     25.1 1990  6 11  2 45 19.820  1.25   1
   160503  37.289693 -121.669604     3.853     -233.1      107.0    -1047.0      5.8      6.3     15.6 1990  7  5 20  4 42.800  1.71   1
   161358  37.290340 -121.669067     4.337     -185.5      178.8     -562.9      9.4     11.9     21.3 1990  7 20  5 51 45.700  0.96   1
 20092038  37.292586 -121.667187     6.066      -18.8      428.1     1166.1     21.6     14.5     28.3 1990  8 17  2 26 16.740  3.68   1
   163527  37.291309 -121.666732     6.327       21.6      286.3     1426.5     17.9     14.3     38.5 1990  9  1 17 25 25.320  0.96   1
   165437  37.290356 -121.667562     5.734      -52.0      180.6      833.5     10.0      8.3     16.2 1990 10 17  6 15 15.710  1.80   1
   204801  37.290381 -121.669165     4.349     -194.1      183.3     -551.8     12.0     11.8     22.5 1991  1 15 17 29 20.200  0.94   1
   205031  37.290092 -121.670402     3.643     -303.8      151.3    -1257.6     10.1     10.8     17.4 1991  1 20  5  0 30.930  1.17   1
   205737  37.287577 -121.667847     3.721      -77.2     -127.8    -1179.5     16.5     13.3     35.1 1991  2  2  5 39  6.910  0.83   1
   206508  37.287712 -121.667977     3.768      -88.8     -112.9    -1131.4     11.6      7.1     19.7 1991  2 13 19 31  5.060  1.22   1
   207043  37.289034 -121.669840     3.519     -254.0       33.9    -1381.3      6.4      6.1     17.9 1991  2 22 15 51 34.750  2.28   1
   208364  37.291626 -121.671159     3.875     -370.9      321.5    -1025.2     11.6      9.4     22.3 1991  3 22 11 23 27.560  1.05   1
   208389  37.291911 -121.671313     3.895     -384.6      353.1    -1005.6     12.3     10.5     25.0 1991  3 22 11 34  4.350  0.81   1
   211885  37.285181 -121.662476     5.908      399.1     -393.8     1008.0     17.6     12.4     42.2 1991  5  4  6 30 12.620  0.94   1
   212119  37.285168 -121.662459     5.961      400.5     -395.1     1060.7     14.1      7.1     23.8 1991  5  9  0 14 24.910  1.22   1
   215747  37.289006 -121.669067     3.751     -185.5       30.7    -1149.1      5.8      5.1     15.7 1991  5 29  9 45 22.620  1.83   1
   220702  37.284676 -121.662581     5.718      389.7     -449.8      817.8     11.3      9.2     19.8 1991  6 22 16 36 38.560  1.21   1
   227435  37.290055 -121.670345     3.619     -298.8      147.2    -1280.8      8.0      7.0     18.6 1991  8 10 17  6  5.760  1.23   1
   227542  37.285347 -121.666634     3.424       30.3     -375.3    -1475.9      9.8      8.8     20.0 1991  8 12  9 56  3.630  1.43   1
   228484  37.287598 -121.665397     5.666      140.0     -125.5      765.4      9.7     10.8     14.6 1991  8 21 17  7 40.400  2.27   1
   229053  37.290796 -121.668026     5.723      -93.1      229.4      822.3      8.9      6.9     16.9 1991  8 28 14  4 22.080  2.05   1
   229871  37.290234 -121.668994     4.269     -179.0      167.1     -631.6      8.5     14.4     24.5 1991  9  6 16 39 27.620  0.93   1
   234881  37.285388 -121.666650     3.432       28.9     -370.8    -1468.5      9.9      8.9     20.7 1991 10 22 17  4 17.460  1.46   1
   238704  37.289669 -121.669661     3.746     -238.1      104.3    -1154.5      5.6      4.9     14.8 1991 12  3  5 24 24.980  2.01   1
   238790  37.289242 -121.669336     3.756     -209.3       56.9    -1144.0      4.9      4.6     15.4 1991 12  4  0  8 49.550  1.89   1
   238816  37.285522 -121.662728     5.984      376.7     -355.9     1084.2     17.6      8.3     36.1 1991 12  4 13 45 39.520  0.99   1
   241590  37.288322 -121.665894     5.724       96.0      -45.2      824.1      9.5      8.6     19.4 1991 12 23 12 33 19.250  1.22   1
   249781  37.289726 -121.666813     5.796       14.4      110.6      895.9      9.9      7.3     21.0 1992  2 10 12 31  5.020  1.61   1
   253921  37.285396 -121.666585     3.407       34.6     -369.9    -1493.2     10.6      9.5     21.1 1992  3  4 13 13  6.220  1.23   1
   261841  37.291565 -121.671143     3.875     -369.5      314.8    -1025.3     10.9      9.8     24.7 1992  4  6  9 39 49.410  0.92   1
   292015  37.286788 -121.667228     3.613      -22.4     -215.4    -1287.7     16.8     17.4     30.1 1992  6  9 12 59 24.230  2.86   1
   303099  37.286145 -121.665210     4.576      156.6     -286.8     -324.6     17.0      8.4     42.4 1992  7  7  2 47 24.660  1.35   1
   304374  37.285527 -121.666642     3.451       29.6     -355.4    -1448.9     12.1     10.8     27.1 1992  7 17  9 51 49.510  1.02   1
   312743  37.290841 -121.670540     3.838     -316.1      234.4    -1062.1      8.4      7.6     17.3 1992  8 29 17  4 29.020  1.64   1
   314921  37.288908 -121.668953     3.848     -175.4       19.9    -1052.5     11.2     11.8     24.4 1992  9 11  1 22 13.650  1.06   1
   322432  37.287000 -121.665853     4.524       99.6     -191.9     -376.2     16.8      8.4     42.4 1992 11  5 12 35  5.470  1.26   1
   327300  37.291528 -121.668620     5.749     -145.8      310.7      848.4      9.2      8.2     17.2 1992 11 29  5  3  2.720  1.73   1
   330647  37.290336 -121.669116     4.364     -189.8      178.4     -536.8      9.9     12.5     28.3 1993  1  2 11 32 10.020  1.10   1
   331552  37.291602 -121.671191     3.897     -373.8      318.8    -1002.9     11.1      9.8     23.0 1993  1  9 17 48 38.720  1.01   1
   331635  37.291309 -121.671118     3.827     -367.3      286.3    -1073.1      9.7      8.6     22.8 1993  1 10 22 13  9.440  1.20   1
   339439  37.285225 -121.662549     5.987      392.6     -388.8     1086.7     13.4      7.1     23.2 1993  3  7  1 47 38.410  1.22   1
   339511  37.285217 -121.662622     5.971      386.1     -389.7     1070.5     13.8      7.5     22.9 1993  3  8  9 25 39.610  1.01   1
   352620  37.289294 -121.669165     3.783     -194.1       62.8    -1117.2      9.7      6.3     24.2 1993  6  8  9 15  1.380  0.83   1
 30036393  37.291630 -121.671208     3.898     -375.2      322.0    -1002.4     13.0     10.4     23.4 1993 12  1  0 25 49.530  0.98   1
   389286  37.288863 -121.669084     3.762     -186.9       14.9    -1138.2      7.6      5.2     17.7 1993 12 20 22 35  7.800  1.77   1
   391772  37.290218 -121.669149     4.232     -192.7      165.3     -668.1     11.7     11.9     26.5 1994  1 19  7 46 39.590  0.96   1
   391983  37.290218 -121.669189     4.378     -196.3      165.3     -522.2     10.9     11.7     21.5 1994  1 20  7 20 41.680  0.90   1
   399980  37.290051 -121.670296     3.627     -294.4      146.8    -1273.0      7.5      7.0     16.4 1994  4  6  4 11 34.960  1.38   1
   400563  37.285388 -121.666553     3.443       37.5     -370.8    -1456.9      9.0      7.8     21.4 1994  4 16 13 10 52.340  2.00   1
   401879  37.289742 -121.666797     5.811       15.9      112.4      911.2      8.3      7.5     17.9 1994  5  8 23  4 53.240  1.61   1
 30049085  37.287952 -121.665535     5.764      127.7      -86.3      863.6      9.3      8.7     18.3 1994  5 13 11 15 14.850  1.56   1
 30051942  37.290922 -121.668075     5.751      -97.4      243.4      850.8      9.9      7.1     17.3 1994  6 30 14 25 51.030  1.83   1
 30051943  37.291744 -121.668734     5.767     -155.9      334.6      867.2     10.6      8.0     17.6 1994  6 30 14 29 15.060  1.38   1
 30054274  37.293437 -121.672835     3.868     -519.6      522.5    -1032.1     10.5      8.5     20.0 1994  8  4 17 19  8.160  1.37   1
 30057908  37.285693 -121.663656     5.736      294.4     -336.9      835.9      8.0      7.2     16.3 1994  9 17 17 57  1.520  2.38   1
 30058785  37.285832 -121.663916     5.720      271.3     -321.5      819.5      8.5      6.5     15.4 1994  9 25 23  4 28.000  2.36   1
 30062741  37.289681 -121.669906     3.813     -259.8      105.7    -1087.1      5.9      5.8     22.1 1994 11 16 16 50 58.150  2.01   1
 30062748  37.289945 -121.669873     3.785     -256.9      135.0    -1115.8      7.7      5.8     18.7 1994 11 16 18  3 42.360  1.27   1
 30069218  37.288949 -121.668783     3.860     -160.2       24.4    -1040.2      7.6      6.6     20.6 1995  3  3  9 38 49.200  1.20   1
 30069222  37.288916 -121.668872     3.813     -168.1       20.8    -1087.1      5.5      5.0     16.0 1995  3  3 12 30 15.850  1.75   1
 30069457  37.288749 -121.668807     3.749     -162.4        2.3    -1151.2      8.8      6.0     17.1 1995  3  7 13 19 41.960  1.26   1
 30071053  37.285836 -121.663118     5.796      342.1     -321.1      895.7     10.8      9.8     24.1 1995  4  5  7 55 21.350  2.80   1
 30072363  37.284684 -121.662590     5.773      389.0     -448.9      872.6     12.9     10.0     21.5 1995  4 26 17 54  9.660  1.14   1
 30073191  37.291642 -121.671102     3.908     -365.9      323.3     -992.7     11.3      7.5     25.4 1995  5 14 11 18 47.000  1.02   1
 30074975  37.290308 -121.669010     4.313     -180.4      175.2     -587.3      8.9     12.0     31.5 1995  6 15 22 23  1.320  1.34   1
 30076454  37.290959 -121.670793     3.800     -338.4      247.5    -1100.2      7.6      9.7     23.6 1995  7  4 11 20 49.790  2.65   1
 30077970  37.288261 -121.665804     5.716      103.9      -51.9      815.2     17.7     10.3     28.6 1995  7 24  8 37 43.620  1.26   1
 30090632  37.287061 -121.667635     3.654      -58.5     -185.2    -1246.2     11.5      8.3     20.2 1995 11 25 19 22  6.180  2.56   1
 30091051  37.287191 -121.665186     5.684      158.8     -170.7      784.0     11.5     10.3     26.6 1995 12  2  1 12 15.750  1.40   1
 30092060  37.289071 -121.668929     3.698     -173.2       37.9    -1202.3      5.7      4.8     14.5 1995 12 15 18 53 39.820  1.82   1
 30107700  37.293522 -121.672762     3.792     -513.1      532.0    -1108.5     11.8     11.7     19.6 1996  5 30 18 47 12.480  1.35   1
   478138  37.289563 -121.669694     3.731     -241.0       92.6    -1169.5      9.4      6.0     16.8 1996  9  2 20 27  0.360  1.99   1
   478141  37.289901 -121.669954     3.706     -264.1      130.1    -1194.0     10.2      7.7     19.9 1996  9  2 20 36  3.960  1.38   1
   478159  37.288810 -121.668831     3.826     -164.5        9.0    -1073.8     15.1     12.0     33.0 1996  9  3  0  2  4.940  1.17   1
   482382  37.285099 -121.662492     5.994      397.6     -402.8     1093.9     16.9     10.6     27.8 1996 10 19  4 32 38.790  1.30   1
   483500  37.287638 -121.665535     5.678      127.7     -121.0      778.0     10.3      8.4     15.0 1996 11  2 12 22 52.340  2.29   1
   485145  37.285291 -121.666593     3.425       33.9     -381.6    -1475.0      9.8      8.0     18.5 1996 11 20 12 25 42.190  1.93   1
   502047  37.290015 -121.665755     6.252      108.2      142.7     1351.2     16.0      9.8     25.9 1997  4 20 17  8  1.560  1.79   1
   522670  37.286174 -121.664014     5.702      262.7     -283.6      801.8     12.5      8.9     30.4 1997  9 26 19 58  2.480  3.09   1
   523141  37.289661 -121.666813     5.788       14.4      103.4      887.4      9.6      7.8     17.3 1997  9 29  3  7 46.980  1.55   1
   529274  37.289018 -121.669230     3.718     -199.9       32.1    -1182.6      8.4      6.7     15.0 1997 10 28 12  1 44.750  1.61   1
