    16484  37.285966 -121.663737     6.272      287.2     -306.6     1371.2    108.1     92.7    215.7 1984  4 24 21 20 23.480  3.57   1
    16527  37.286084 -121.664453     5.897      223.7     -293.5      997.1    103.2     85.5    194.0 1984  4 24 21 23 39.960  3.54   1
    17496  37.291325 -121.665755     6.504      108.2      288.1     1604.2    119.0    103.4    232.5 1984  4 25  0  4 49.440  1.23   1
    16521  37.286678 -121.667212     3.901      -20.9     -227.6     -999.4    126.7     77.0    135.5 1984  4 25  4 16 53.440  3.00   1
    17842  37.289209 -121.668115     3.579     -101.0       53.3    -1321.0    127.4     78.0    113.6 1984  4 25  4 35 19.170  1.90   1
    16635  37.294373 -121.670052     5.955     -272.8      626.4     1054.9    107.7    104.6    246.5 1984  4 25  7 22 22.290  1.40   1
    16576  37.287146 -121.662720     5.813      377.4     -175.7      912.3    106.9     77.6    184.1 1984  4 25 14  6 57.560  1.62   1
    17929  37.289559 -121.666170     5.248       71.4       92.1      347.8    102.5     92.3    220.1 1984  4 25 22 14 23.140  1.80   1
    16659  37.289827 -121.665405     6.407      139.3      121.9     1506.9    114.3     82.7    198.4 1984  4 26  8 54 51.420  1.52   1
    16701  37.291602 -121.665771     6.052      106.8      318.8     1151.7    106.0    100.0    217.7 1984  4 26 17 22 44.280  1.57   1
    18075  37.288969 -121.668180     4.001     -106.8       26.6     -899.1    135.6     92.8    137.2 1984  4 26 20 11 12.520  1.17   1
    16751  37.291874 -121.671663     3.484     -415.7      349.1    -1416.2    141.3    100.3    273.0 1984  4 27  7 48 23.500  0.97   1
    16766  37.287732 -121.665967     5.736       89.5     -110.6      836.0    103.7     83.3    189.3 1984  4 27 11  8  9.220  1.31   1
    16802  37.286214 -121.664201     6.473      246.1     -279.1     1573.0    117.9    120.0    316.7 1984  4 27 19  3 15.040  1.31   1
    16821  37.284595 -121.662272     5.923      417.1     -458.8     1023.1    126.4    125.2    216.3 1984  4 28  0  4 31.210  0.83   1
    16827  37.284326 -121.660474     5.454      576.6     -488.6      554.0    108.3     83.3    215.4 1984  4 28  1 43 47.850  1.21   1
    16838  37.294185 -121.669832     5.923     -253.3      605.6     1023.1    118.8    110.5    187.6 1984  4 28  3 54 12.200  1.39   1
    16841  37.286995 -121.664160     4.452      249.7     -192.4     -448.1    137.1    104.2    206.4 1984  4 28  4 43 26.310  1.47   1
    19159  37.290820 -121.665788     6.137      105.4      232.1     1236.5    115.8     98.7    212.1 1984  4 28 16 12 43.750  2.09   1
    16885  37.289095 -121.664526     6.400      217.2       40.6     1500.2    113.1     88.3    201.5 1984  4 28 18 53 49.960  2.18   1
    16911  37.289807 -121.665951     6.198       90.9      119.7     1298.1    147.2    206.5    482.8 1984  4 29  2 29 16.340  1.27   1
    17074  37.289978 -121.664909     6.291      183.3      138.6     1390.6    111.3     80.9    204.8 1984  4 30 14 46  1.740  1.59   1
    17272  37.289526 -121.666032     5.811       83.7       88.5      911.1    108.8     99.6    214.5 1984  5  2  7 34 17.770  1.65   1
    17294  37.293184 -121.672461     3.643     -486.4      494.5    -1257.3    136.5    115.7    322.3 1984  5  2 14 32 55.730  1.70   1
    17356  37.285461 -121.666007     3.012       85.9     -362.6    -1888.0    144.9    109.2    162.9 1984  5  2 22 58 42.360  1.77   1
    17669  37.286963 -121.663631     6.404      296.6     -196.0     1503.4    120.8    113.5    254.5 1984  5  3 23 10 52.920  1.04   1
    17723  37.285441 -121.662972     6.159      355.1     -364.9     1258.5    106.0     81.0    195.7 1984  5  4 18 42 58.080  3.05   1
    17526  37.287691 -121.665275     5.797      150.8     -115.2      896.3    106.9     90.4    188.6 1984  5  5  3 31 54.930  2.45   1
    17779  37.285457 -121.663493     5.841      308.9     -363.1      940.8    107.4     87.7    198.1 1984  5  7 14 27 20.420  2.85   1
    17794  37.284794 -121.662158     5.800      427.2     -436.7      899.3    109.5    103.1    202.3 1984  5  7 16 34 13.860  1.30   1
    17834  37.294511 -121.670296     6.062     -294.4      641.7     1161.5    107.5    104.9    237.0 1984  5  8  6 55  3.840  1.17   1
    18466  37.285014 -121.661979     5.843      443.1     -412.3      942.8    105.4     79.7    184.3 1984  5 15  1 42 21.350  1.18   1
    18608  37.291329 -121.666732     6.406       21.6      288.6     1505.7    109.5     98.8    200.5 1984  5 16 17  9 28.700  2.32   1
    18708  37.289445 -121.667261     6.092      -25.3       79.5     1192.0    102.2     96.7    207.2 1984  5 17  8 43  3.370  3.32   1
    18857  37.284355 -121.661825     5.858      456.8     -485.5      958.0    113.4     90.4    185.3 1984  5 19  4 20 31.710  0.74   1
    19686  37.290348 -121.669303     4.279     -206.4      179.7     -621.3    124.4    102.2    172.2 1984  5 29 23 53  6.840  0.99   1
    19720  37.289738 -121.665283     6.678      150.1      112.0     1778.1    120.4     85.6    198.7 1984  5 30 12 38 10.840  3.00   1
    19745  37.291305 -121.666390     6.952       52.0      285.9     2051.6    134.3    148.2    348.0 1984  5 30 17  5  4.160  0.80   1
    19776  37.287056 -121.665796     4.581      104.6     -185.6     -319.3    119.4     81.8    145.6 1984  5 31  1 43 34.410  1.22   1
    19860  37.289889 -121.666707     5.915       23.8      128.7     1015.0    102.2    104.6    206.7 1984  6  1  3 27 26.880  1.58   1
    19888  37.293848 -121.671753     6.023     -423.6      568.1     1122.6    104.2    105.4    238.0 1984  6  1  9  7  7.310  1.08   1
    19992  37.286869 -121.664884     5.927      185.5     -206.4     1027.1    110.0     76.3    186.1 1984  6  2 17 32  6.480  2.92   1
    20113  37.284371 -121.662614     5.680      386.8     -483.7      780.0    109.3     85.3    189.1 1984  6  4 16 23 29.800  1.15   1
    20328  37.292550 -121.667985     6.765      -89.5      424.0     1864.2    131.3    101.0    228.0 1984  6  5 23 51 14.920  0.93   1
    20622  37.287968 -121.667025     6.670       -4.3      -84.4     1770.1    141.0    105.8    249.0 1984  6 11  4 58 46.580  1.48   1
    20978  37.285632 -121.662858     6.212      365.2     -343.7     1311.6    108.5     85.9    212.0 1984  6 16  3 50 27.150  3.13   1
    21561  37.287036 -121.663013     6.570      351.4     -187.9     1669.6    119.6     98.8    236.7 1984  6 26  7 13 18.280  0.80   1
    21644  37.291475 -121.670793     3.748     -338.4      304.8    -1152.2    130.4     88.0    166.4 1984  6 27 14 50 38.140  1.59   1
    22144  37.285819 -121.665007     4.540      174.6     -322.9     -360.7    119.4     85.3    136.6 1984  7  5 12 49 57.720  1.28   1
    22165  37.288558 -121.667310     4.136      -29.6      -19.0     -764.1    127.9     80.8    119.3 1984  7  5 17  6 28.740  0.96   1
    22271  37.290751 -121.671191     3.975     -373.8      224.4     -925.7    124.5     79.2    173.0 1984  7  7  0 17  9.970  2.67   1
    22280  37.289478 -121.669523     3.522     -225.9       83.1    -1378.5    142.0     85.8    176.6 1984  7  7  2 35  4.060  1.53   1
    23190  37.289547 -121.669556     3.683     -228.8       90.8    -1217.0    128.2     76.9    146.5 1984  7 17 16 24 49.440  1.85   1
    23195  37.287602 -121.665877     5.888       97.4     -125.1      987.3    112.9     97.4    204.7 1984  7 17 17 53  4.200  2.33   1
    24519  37.288745 -121.669466     3.721     -220.8        1.8    -1179.4    128.9     80.5    123.2 1984  7 30 14 16 49.060  2.31   1
    24674  37.289689 -121.666325     5.802       57.7      106.6      901.5    104.7     96.1    200.9 1984  8  1 12 29 16.890  1.64   1
    25096  37.290299 -121.670353     3.459     -299.5      174.3    -1441.4    138.3     85.7    188.3 1984  8  7  9  7  6.330  1.17   1
    25305  37.289860 -121.669377     4.157     -212.9      125.5     -743.5    125.1     95.9    238.8 1984  8 10  7  4  4.200  0.95   1
    25937  37.284106 -121.660856     6.187      542.7     -513.0     1286.7    107.3     89.0    228.2 1984  8 19 20 27 32.960  0.69   1
    26238  37.290511 -121.671558     3.915     -406.3      197.8     -985.2    145.9    122.7    343.0 1984  8 25  0 19 18.360  0.72   1
    27421  37.285128 -121.662183     5.990      425.1     -399.7     1089.9    115.2    112.2    207.2 1984  9  6 16 33 41.640  1.41   1
    27683  37.285710 -121.663818     5.732      280.0     -335.1      831.9    114.1     99.3    195.6 1984  9 10 16 24 47.130  2.39   1
    27684  37.285258 -121.663859     4.151      276.4     -385.2     -749.2    102.9    118.8    296.1 1984  9 10 16 33 36.940  1.79   1
    27721  37.284676 -121.662728     6.135      376.7     -449.8     1235.0    105.9     89.7    221.7 1984  9 11  8 13 54.330  0.83   1
    27722  37.287964 -121.665731     5.666      110.4      -84.9      765.3    104.7     82.9    192.3 1984  9 11  9 29 23.690  1.78   1
    27724  37.289897 -121.665015     6.480      173.9      129.6     1579.7    126.7     96.8    218.5 1984  9 11 10 26  8.190  1.55   1
    28475  37.292407 -121.671248     3.545     -378.8      408.2    -1355.6    146.1    100.3    238.5 1984  9 23  8 43 14.720  1.07   1
    29752  37.285270 -121.666276     3.269       62.1     -383.9    -1631.2    145.3    106.9    154.2 1984 10 10  7 11 54.160  1.90   1
    29901  37.291089 -121.667415     5.231      -39.0      261.9      331.0    133.2    119.0    374.6 1984 10 12  7 13 23.200  1.21   1
    30009  37.291097 -121.668498     5.554     -134.9      262.8      653.8    105.9    100.4    225.6 1984 10 13 17 32 47.840  1.83   1
    30159  37.290072 -121.669694     4.125     -241.0      149.0     -775.2    135.5     98.4    210.6 1984 10 17 11 39  4.900  0.89   1
    30929  37.291390 -121.669043     5.799     -183.3      295.3      899.2    102.6    100.9    192.1 1984 10 30  2 49 48.600  1.41   1
    31031  37.286735 -121.664152     6.042      250.4     -221.3     1141.9    108.5     87.6    214.3 1984 10 31  3  5 11.660  2.89   1
    31037  37.286121 -121.662899     6.144      361.5     -289.5     1243.6    115.8    115.2    292.8 1984 10 31 15 28 48.300  0.79   1
    31068  37.284355 -121.661963     5.907      444.5     -485.5     1007.0    106.7    101.7    204.6 1984 11  1  5 22 45.950  0.79   1
    31844  37.285388 -121.665804     4.630      103.9     -370.8     -269.9    122.4     88.1    141.1 1984 11 13 11 59  9.360  1.31   1
    32049  37.289083 -121.669572     3.564     -230.2       39.3    -1336.6    132.5     78.7    167.2 1984 11 18  0 28 55.240  1.69   1
    32676  37.285445 -121.662882     6.215      363.0     -364.4     1314.4    110.8     90.2    216.2 1984 11 28 11 54 37.810  2.94   1
    35929  37.287406 -121.665422     5.734      137.8     -146.8      834.0    109.8     86.8    194.4 1984 12  1  8  9 13.540  1.74   1
    33786  37.286564 -121.665592     4.505      122.7     -240.2     -395.7    121.2     89.1    143.1 1984 12 10  7 45 41.770  1.43   1
    34527  37.290023 -121.667269     5.884      -26.0      143.6      984.0    103.0     97.6    194.8 1984 12 15 10 28 17.680  1.61   1
    34841  37.284603 -121.661735     5.485      464.7     -457.9      584.6    105.6     82.3    190.1 1984 12 19  8 29 34.630  1.35   1
    35109  37.290719 -121.670728     3.724     -332.7      220.8    -1176.6    127.5     80.8    152.2 1984 12 22  4 43 44.710  1.60   1
    38148  37.286963 -121.667611     4.087      -56.3     -196.0     -813.0    122.8     85.1    146.7 1985  1 19 11 56 37.340  2.49   1
    39944  37.290849 -121.668652     5.646     -148.7      235.3      745.7    102.3    105.0    224.0 1985  2  5 11 42 49.820  2.05   1
    40913  37.289124 -121.665641     6.448      118.3       43.8     1548.1    110.1     78.8    194.0 1985  2 13 23 52 25.080  1.70   1
    41574  37.290100 -121.669499     4.147     -223.7      152.2     -753.2    131.5     92.0    198.3 1985  2 16 20 53  7.160  1.20   1
    42349  37.288676 -121.668001     3.713      -90.9       -5.9    -1187.4    130.1     85.2    170.6 1985  2 28  1  9 58.300  0.84   1
    42555  37.288761 -121.668807     3.764     -162.4        3.6    -1135.9    128.3     77.7    110.3 1985  3  2  6 53 56.010  1.74   1
    42559  37.289897 -121.669873     3.617     -256.9      129.6    -1283.6    127.9     75.8    160.1 1985  3  2  8 55  3.470  1.91   1
    42643  37.289079 -121.669165     3.611     -194.1       38.8    -1289.2    129.4     79.4    158.2 1985  3  2  8 55 29.590  2.08   1
    42560  37.289893 -121.670402     3.576     -303.8      129.2    -1323.8    134.6     80.0    158.5 1985  3  2  8 58  0.480  1.22   1
    43546  37.289128 -121.667082     6.404       -9.4       44.3     1503.3    110.9     77.9    204.8 1985  3 12  4  3 59.980  3.24   1
    43580  37.289982 -121.666789     5.731       16.6      139.1      831.0    105.3     94.6    177.2 1985  3 12  4  4 51.800  2.04   1
    44335  37.285547 -121.663949     5.924      268.5     -353.1     1024.1    107.2     77.5    189.8 1985  3 20  4 57 39.190  2.56   1
    44729  37.288892 -121.665959     5.091       90.2       18.1      190.8    129.4    106.6    208.2 1985  3 26 11 50 46.600  1.26   1
    45835  37.287492 -121.665055     6.326      170.3     -137.3     1425.9    109.8     87.6    221.6 1985  4 10 18 45 20.620  1.07   1
    46041  37.294621 -121.670532     6.132     -315.3      653.9     1231.4    119.7    111.6    256.2 1985  4 13 14  1 53.470  1.16   1
    47288  37.284802 -121.665731     2.245      110.4     -435.8    -2655.4    217.7    215.9    723.5 1985  5  5 16 50  5.800  0.94   1
    49151  37.285750 -121.666146     3.328       73.6     -330.6    -1572.6    147.9    114.1    155.4 1985  6  8  4 58 49.900  0.64   1
    49626  37.291964 -121.671061     3.696     -362.3      359.0    -1204.8    136.3    107.3    287.0 1985  6 15  1 38 57.380  0.94   1
    49633  37.286060 -121.665682     4.400      114.7     -296.2     -500.5    119.7     86.5    143.9 1985  6 16  5 24 54.700  1.29   1
    50591  37.287651 -121.666960     3.558        1.4     -119.7    -1342.5    136.0     82.4    127.1 1985  7  4  3  6  5.160  1.06   1
    51288  37.287069 -121.667887     3.372      -80.8     -184.2    -1528.1    143.7    116.3    154.4 1985  7 17 13 58 38.250  1.02   1
    51325  37.285958 -121.663192     5.565      335.6     -307.5      664.7    112.5     97.3    196.2 1985  7 17 23 39 58.840  1.89   1
    51378  37.284737 -121.661646     6.030      472.7     -443.0     1129.6    106.2    100.2    227.9 1985  7 18 23 42  1.800  0.97   1
    51398  37.290275 -121.669613     4.234     -233.8      171.6     -665.9    127.8     91.0    161.9 1985  7 19  9 58 16.960  0.97   1
    52580  37.290759 -121.665918     5.794       93.8      225.3      894.1     99.6    102.1    218.0 1985  8  9 11 45  2.020  1.60   1
    54084  37.289624 -121.669987     3.544     -267.0       99.4    -1356.6    129.1     77.4    159.4 1985  8 28 20 35 10.100  1.58   1
    57271  37.293665 -121.673389     3.724     -568.6      547.8    -1176.3    136.2    107.2    296.2 1985 10 19 16 33 20.030  1.38   1
    57273  37.293274 -121.673722     3.732     -598.2      504.4    -1168.7    135.0    106.2    288.2 1985 10 19 17 35 48.940  1.66   1
    57770  37.290348 -121.671558     3.350     -406.3      179.7    -1550.2    140.3     88.1    195.8 1985 10 28  3 55 38.130  1.31   1
    58027  37.291048 -121.668075     5.704      -97.4      257.4      803.3    107.1    103.8    233.5 1985 10 31 23 53 38.440  1.96   1
    58028  37.291988 -121.667871     5.515      -79.4      361.7      615.1    102.3    101.3    228.2 1985 10 31 23 55 40.960  1.46   1
    58676  37.290328 -121.666187     6.206       70.0      177.5     1305.7    109.4     83.4    199.3 1985 11  9 23 12 11.080  1.88   1
    59070  37.286739 -121.664632     5.744      207.8     -220.8      843.5    106.3     89.2    191.3 1985 11 14  9 21  5.080  0.97   1
    61248  37.284757 -121.662093     5.475      433.0     -440.8      574.8    107.4     85.9    197.0 1985 12 12  7 33 37.950  1.16   1
    61462  37.288570 -121.668197     4.191     -108.2      -17.6     -709.5    125.8     84.2    145.3 1985 12 14 18 25 45.080  1.09   1
    61809  37.290234 -121.669100     4.206     -188.3      167.1     -694.4    128.8    102.1    172.1 1985 12 19  0  2 10.460  0.97   1
    62142  37.290792 -121.668799     5.021     -161.6      229.0      120.8    134.2     99.5    163.2 1985 12 24 21 18 58.720  0.89   1
    62514  37.288847 -121.668717     3.737     -154.4       13.1    -1163.6    131.6     79.4    151.8 1985 12 31 15 50 52.230  1.74   1
    62520  37.289124 -121.669442     3.362     -218.7       43.8    -1538.0    136.4     86.2    175.3 1985 12 31 18  3  3.480  1.62   1
    65047  37.286739 -121.665698     4.625      113.3     -220.8     -274.9    123.8     88.7    131.8 1986  1 30  3 31 43.810  1.30   1
    65406  37.285156 -121.662712     6.137      378.1     -396.5     1236.8    103.6     89.8    227.6 1986  2  2  8 26 42.650  1.18   1
    66346  37.285612 -121.667448     3.190      -41.9     -345.9    -1710.2    139.8     92.0    151.3 1986  2 11 10 37 16.920  1.40   1
    66201  37.285905 -121.667025     3.070       -4.3     -313.4    -1830.3    145.8    111.1    160.6 1986  2 11 11 50  0.620  1.50   1
    67820  37.291032 -121.671639     3.671     -413.5      255.6    -1228.8    139.4     93.0    218.0 1986  3  8 10 32  4.410  1.63   1
    67803  37.285893 -121.664746     4.337      197.7     -314.8     -563.5    120.2     78.6    137.1 1986  3  9 18 55 22.760  1.42   1
    70356  37.285624 -121.663924     6.122      270.6     -344.6     1221.6    106.2     90.0    218.6 1986  4  4 10 16 40.970  3.19   1
    70373  37.287378 -121.665576     5.790      124.1     -149.9      889.4    107.2     82.2    188.5 1986  4  4 10 17 30.150  2.37   1
    70083  37.285095 -121.662402     6.168      405.6     -403.3     1267.6    108.7     95.1    232.4 1986  4 12  7 13 35.460  1.00   1
    70826  37.294108 -121.670736     5.877     -333.4      597.0      976.7    121.7    107.3    201.3 1986  4 21  8 46 14.270  0.99   1
    73536  37.291150 -121.666691     5.795       25.3      268.7      895.0    101.3    104.0    217.1 1986  5 29  1 41 52.560  1.51   1
    73786  37.288985 -121.669735     3.273     -244.6       28.5    -1627.8    135.4     83.3    164.3 1986  6  1 10 51 31.460  1.21   1
    73850  37.289461 -121.666951     5.744        2.2       81.3      843.3    104.8     96.4    195.9 1986  6  2  5  8 18.340  1.52   1
    76654  37.285754 -121.663273     6.167      328.3     -330.1     1267.2    106.5     85.2    215.2 1986  7 16 20 59  3.320  2.98   1
    76560  37.284139 -121.663696     6.280      290.8     -509.4     1379.4    109.7     94.4    229.1 1986  7 17  4 26  2.170  0.83   1
    77218  37.289734 -121.670288     3.759     -293.7      111.5    -1141.5    125.3     80.0    137.1 1986  7 25  9 22 50.290  2.26   1
    77283  37.289417 -121.669084     3.493     -186.9       76.3    -1407.7    134.3     79.2    152.0 1986  7 25  9 23  5.480  2.35   1
    77296  37.291020 -121.670825     3.598     -341.3      254.2    -1302.7    157.0    112.6    303.1 1986  7 25 16  1 52.100  1.15   1
    81016  37.291903 -121.671639     3.651     -413.5      352.2    -1249.5    140.6     97.2    257.1 1986  9  2  7 22  7.550  0.52   1
    81017  37.291630 -121.671851     3.737     -432.2      322.0    -1163.1    132.6     95.2    241.8 1986  9  2  7 24 15.870  0.83   1
    81735  37.287874 -121.666097     5.662       77.9      -94.8      761.5    104.6     83.2    188.8 1986  9  8 23  4 33.440  1.55   1
    82606  37.290747 -121.671126     4.018     -368.0      224.0     -882.4    125.9     89.5    176.4 1986  9 15 20 17 49.920  2.67   1
    83579  37.290035 -121.667847     5.043      -77.2      145.0      142.6    128.0     90.0    154.2 1986  9 22 19 39 11.020  0.83   1
    83805  37.290784 -121.670996     3.666     -356.5      228.1    -1233.3    129.9     85.8    160.3 1986  9 25 12  1 52.830  1.36   1
    85194  37.287020 -121.667660     4.111      -60.6     -189.7     -788.9    120.6     88.4    168.7 1986 10  9  2  6 22.720  2.95   1
    85669  37.285775 -121.666935     3.043        3.6     -327.9    -1857.6    151.6    111.6    199.5 1986 10 14 15 13 49.290  1.43   1
    87103  37.288330 -121.667936     3.960      -85.2      -44.3     -940.1    127.8     84.6    122.0 1986 11  3  8 20 28.780  0.94   1
    87964  37.284578 -121.662036     5.742      438.0     -460.6      841.4    111.7     81.0    192.7 1986 11 14 11 55 11.210  0.96   1
    88698  37.291455 -121.670540     4.216     -316.1      302.6     -684.5    140.3    103.6    320.5 1986 11 25 13  0 35.660  1.01   1
    90036  37.289783 -121.669051     4.094     -184.0      117.0     -806.2    149.3    117.8    325.1 1986 12 12 17 46 44.360  0.64   1
    90485  37.290108 -121.669604     4.155     -233.1      153.1     -745.1    122.8     79.2    140.9 1986 12 18  2  5 30.480  1.09   1
    93248  37.289307 -121.670207     3.728     -286.5       64.1    -1172.2    166.7    125.8    292.1 1987  1 26 13 47 46.830  2.35   1
    95188  37.285185 -121.662345     6.178      410.6     -393.3     1277.4    114.0     95.9    267.5 1987  2 21  7 40 45.210  1.18   1
    95317  37.285042 -121.661849     6.676      454.6     -409.1     1775.9    113.0     95.6    211.5 1987  2 23 17  5  2.320  0.91   1
    97576  37.290312 -121.669442     4.882     -218.7      175.7      -18.3    125.0     94.1    184.1 1987  3 29 10  2  1.050  0.79   1
    98812  37.288346 -121.668717     4.081     -154.4      -42.4     -819.2    124.2     77.2     96.8 1987  4 17 16 13 47.300  1.18   1
   101361  37.289567 -121.669645     4.062     -236.7       93.0     -838.3    122.7     79.4    158.0 1987  6  3  6 56  7.740  1.92   1
   101362  37.288843 -121.669702     3.750     -241.7       12.6    -1150.3    127.8     78.6    133.6 1987  6  3  6 58 51.320  1.74   1
   101659  37.287561 -121.665658     5.872      116.9     -129.6      971.8    108.5     83.7    192.1 1987  6  9  2  2 39.460  2.37   1
   102139  37.287476 -121.666667     3.463       27.4     -139.1    -1437.6    143.1    104.4    143.5 1987  6 20 16 35 35.960  0.82   1
   102776  37.291813 -121.671322     3.600     -385.3      342.3    -1300.0    137.9    100.8    272.4 1987  7  7  1 44 26.990  1.01   1
   103138  37.289351 -121.669393     3.602     -214.3       69.1    -1296.9    127.7     78.9    147.6 1987  7 14 19  2 57.020  1.72   1
   103702  37.290214 -121.667399     5.819      -37.5      164.8      919.0    103.1     98.2    189.8 1987  7 28  7  4 28.800  1.51   1
   103833  37.290841 -121.668636     5.977     -147.2      234.4     1077.2    104.4     98.8    215.0 1987  8  1  1 40 41.980  1.94   1
   105327  37.287492 -121.668115     3.844     -101.0     -137.3    -1056.8    121.4     77.1    113.9 1987  9  4 10 31 17.310  1.74   1
   105800  37.289107 -121.666374     5.789       53.4       42.0      888.6    108.6    102.6    209.1 1987  9 14 23  7 17.840  0.83   1
   106343  37.290112 -121.668913     4.764     -171.7      153.5     -136.7    125.7    100.3    184.3 1987  9 27  7 19 34.920  0.75   1
   106370  37.289229 -121.668506     4.523     -135.7       55.5     -377.4    122.5     89.5    156.9 1987  9 27  8 23 11.780  0.96   1
   106462  37.288318 -121.667342     4.204      -32.5      -45.6     -696.0    123.7     76.5    137.0 1987  9 29  4 47  3.550  0.92   1
   107299  37.285636 -121.663395     6.033      317.5     -343.2     1132.3    106.5     90.3    221.2 1987 10 17  9 43 42.990  1.55   1
   107927  37.289286 -121.666960     6.412        1.4       61.9     1511.8    111.3     78.9    192.6 1987 11  1 22 11 13.060  3.15   1
   107902  37.290243 -121.666862     5.856       10.1      168.0      955.3    108.2     95.7    191.1 1987 11  1 22 13 47.560  1.56   1
   107906  37.288017 -121.665951     5.836       90.9      -79.0      935.5    102.6     82.1    185.5 1987 11  2  3  6 28.290  1.52   1
   108512  37.285588 -121.667122     3.302      -13.0     -348.6    -1598.5    145.3    110.4    156.3 1987 11 16 23 19  9.000  1.98   1
   109132  37.290002 -121.669344     4.449     -210.0      141.3     -450.9    124.6     99.9    186.1 1987 11 27  4  7 50.420  0.67   1
   110939  37.290568 -121.671354     3.332     -388.2      204.1    -1568.2    139.5     90.4    233.9 1988  1 15  1 56 42.310  1.39   1
   112178  37.286479 -121.662402     6.910      405.6     -249.7     2009.9    139.3    111.9    238.1 1988  2 10 20 13  1.200  0.94   1
   112230  37.285514 -121.665609     4.495      121.2     -356.8     -405.0    119.3    101.1    213.7 1988  2 13  4 54 35.870  1.36   1
   112868  37.291602 -121.671362     4.463     -389.0      318.8     -437.1    129.2     92.2    178.4 1988  2 25 10  0 17.780  0.92   1
   113569  37.291284 -121.666146     6.127       73.6      283.6     1226.4    104.3    101.0    216.2 1988  3  9  2  8 11.840  1.40   1
   114006  37.285876 -121.663965     6.004      267.0     -316.6     1103.6    105.0     87.5    217.8 1988  3 16 23 10  6.640  2.45   1
   115994  37.291085 -121.668392     5.991     -125.6      261.5     1090.4    105.4     98.8    212.5 1988  4 21  4 42 14.550  1.94   1
   115996  37.291479 -121.668774     5.892     -159.5      305.3      991.5    103.2    104.3    185.4 1988  4 21  4 48 47.890  0.84   1
   116401  37.289132 -121.664575     6.273      212.9       44.7     1372.6    114.4     87.6    201.6 1988  4 29  7 29 57.200  1.68   1
   116406  37.289535 -121.665560     6.520      125.6       89.4     1619.5    114.2     99.2    198.4 1988  4 29  7 47 21.590  1.99   1
   117175  37.290007 -121.667350     5.858      -33.2      141.8      958.0    102.6     91.8    190.5 1988  5 13 17 17 30.760  1.52   1
   119615  37.290031 -121.665495     6.575      131.3      144.5     1674.3    112.9     82.1    193.4 1988  6 27  4 18 37.320  2.52   1
   119610  37.290011 -121.666325     6.583       57.7      142.3     1683.0    112.0     80.3    196.4 1988  6 27  4 18 52.410  2.72   1
   119763  37.290206 -121.669173     4.041     -194.8      163.9     -858.3    130.5     83.2    134.7 1988  6 30 23 52 27.360  0.97   1
   119888  37.285022 -121.661995     6.405      441.6     -411.4     1504.2    112.0     98.7    233.1 1988  7  5  5  2 33.820  0.83   1
   120788  37.290564 -121.671012     3.811     -357.9      203.7    -1089.2    127.5     80.9    152.1 1988  7 23 10 42 21.740  1.53   1
   120974  37.289978 -121.668872     4.119     -168.1      138.6     -780.9    160.9    122.8    168.3 1988  7 26 18  9 59.220  0.80   1
   126189  37.289355 -121.670369     3.763     -300.9       69.5    -1137.5    124.7     76.5    129.1 1988 11  2  3  9 12.610  1.93   1
   126292  37.288989 -121.669328     3.750     -208.6       28.9    -1150.3    128.0     77.3    144.5 1988 11  3  1 30  4.280  1.71   1
   126389  37.288562 -121.669434     4.039     -217.9      -18.5     -861.3    123.8     76.2    134.4 1988 11  4 13 34 34.720  1.87   1
   126560  37.284977 -121.662394     5.726      406.3     -416.4      826.1    107.0     79.2    188.4 1988 11  7 17 51 17.980  1.24   1
   126901  37.285551 -121.666520     3.268       40.4     -352.7    -1632.3    145.5    105.5    154.2 1988 11 12 18 11 57.680  1.07   1
   129454  37.286735 -121.661833     6.875      456.1     -221.3     1975.0    118.5     91.3    198.4 1988 12 30 23 53 29.880  1.74   1
   129428  37.286365 -121.662020     7.026      439.5     -262.4     2126.2    123.8     87.8    199.4 1988 12 30 23 54 24.000  4.30   1
   129887  37.290043 -121.669491     4.199     -223.0      145.9     -701.2    126.9     86.4    140.6 1989  1 13 10  9  6.070  0.94   1
   131766  37.289152 -121.665015     6.616      173.9       47.0     1715.8    114.3     82.6    198.5 1989  2 22 14 10 28.230  1.79   1
   132424  37.287349 -121.667830     4.034      -75.8     -153.1     -866.3    127.2     75.5    109.4 1989  3  7 15  3 21.870  2.62   1
   132469  37.285291 -121.662402     6.085      405.6     -381.6     1184.4    113.4     80.5    212.4 1989  3  8 14 47  1.080  1.40   1
   132715  37.284953 -121.662541     6.190      393.3     -419.1     1290.2    105.4     90.6    231.1 1989  3 12  7 15 43.550  0.81   1
   139260  37.289884 -121.668530     4.169     -137.8      128.3     -731.5    123.2     84.4    223.9 1989  7  1  1 11 28.510  0.96   1
   140151  37.286882 -121.663167     6.669      337.7     -205.0     1768.5    115.4     87.6    195.7 1989  7 16 21 54  2.440  1.65   1
   140303  37.285970 -121.666805     3.312       15.2     -306.2    -1588.6    145.0    107.7    150.4 1989  7 19  8 51 59.540  1.28   1
   142196  37.288200 -121.667212     4.509      -20.9      -58.7     -391.0    133.7     95.9    188.0 1989  8 14  4  7  9.360  1.25   1
   144026  37.284839 -121.662402     6.029      405.6     -431.7     1128.5    110.9     83.6    210.7 1989  9 14 10 35 38.140  0.87   1
   144648  37.287524 -121.665365     5.806      142.9     -133.7      905.9    102.9     82.4    185.5 1989  9 26 17  2  0.820  0.92   1
   144843  37.291040 -121.668481     5.882     -133.5      256.5      981.5    103.7     99.7    190.4 1989 10  1 18 21 45.920  1.78   1
   148939  37.288652 -121.668311     3.612     -118.3       -8.6    -1288.3    126.0     78.9    127.2 1989 12 13  5 33 46.080  1.60   1
   149804  37.293062 -121.672860     3.424     -521.7      480.9    -1476.7    140.5    102.9    281.3 1989 12 30  6 19 29.350  1.59   1
   150901  37.286723 -121.666024     4.560       84.4     -222.6     -340.2    121.7     86.5    135.0 1990  1 19  9 24  8.400  1.24   1
   151583  37.285563 -121.667310     3.143      -29.6     -351.3    -1757.6    146.5    113.1    158.7 1990  1 31  5  8 47.310  1.38   1
   153849  37.284635 -121.661922     5.740      448.1     -454.3      839.2    111.7    106.5    216.6 1990  3  6 23  9 12.960  0.83   1
   154124  37.287581 -121.664526     5.924      217.2     -127.3     1023.8    107.9     87.5    191.1 1990  3 11 11 52 34.830  2.34   1
   155780  37.285628 -121.666805     3.299       15.2     -344.1    -1601.2    145.0    108.4    152.6 1990  4 11  5 35 19.420  1.33   1
   157462  37.285840 -121.663826     6.010      279.3     -320.6     1109.7    104.7     87.0    216.2 1990  5 10 16 43 48.520  3.18   1
   157486  37.284774 -121.662142     5.755      428.7     -438.9      855.1    107.2     79.4    189.4 1990  5 11 22 59 22.960  0.97   1
   157494  37.289844 -121.669067     4.142     -185.5      123.7     -758.0    129.5     83.5    139.4 1990  5 12  2 57 13.600  0.81   1
   157758  37.290389 -121.667586     5.849      -54.1      184.2      948.9    100.4     94.9    192.2 1990  5 16  4 10 37.430  1.59   1
   158154  37.291642 -121.671802     3.833     -427.9      323.3    -1067.1    133.4     96.3    252.8 1990  5 23 11 11 37.580  1.03   1
   158290  37.291915 -121.671582     3.762     -408.4      353.6    -1138.0    136.6    100.2    261.8 1990  5 23 16 30 36.550  0.82   1
 20091514  37.285555 -121.662630     6.509      385.4     -352.2     1609.0    116.6     92.4    202.1 1990  6 11  1 38 14.370  3.10   1
   159156  37.287626 -121.665177     5.994      159.5     -122.4     1093.5    119.9     99.2    222.9 1990  6 11  2 45 19.820  1.25   1
   160503  37.290007 -121.669539     3.842     -227.3      141.8    -1058.4    128.4     77.2    142.5 1990  7  5 20  4 42.800  1.71   1
   161358  37.290645 -121.669889     4.375     -258.3      212.7     -525.6    129.4     92.5    192.2 1990  7 20  5 51 45.700  0.96   1
 20092038  37.292090 -121.667228     6.921      -22.4      373.0     2020.7    118.6     79.0    195.4 1990  8 17  2 26 16.740  3.68   1
   163527  37.290857 -121.665755     6.331      108.2      236.2     1430.6    108.5    108.0    236.5 1990  9  1 17 25 25.320  0.96   1
   165437  37.290385 -121.667684     5.912      -62.8      183.8     1011.5    105.3     96.8    197.3 1990 10 17  6 15 15.710  1.80   1
   204801  37.289974 -121.668392     4.326     -125.6      138.2     -574.6    139.6    110.7    275.8 1991  1 15 17 29 20.200  0.94   1
   205031  37.290552 -121.670671     3.450     -327.6      202.3    -1450.4    137.5     93.2    188.9 1991  1 20  5  0 30.930  1.17   1
   205737  37.287370 -121.666203     3.465       68.6     -150.8    -1435.6    145.3    108.9    158.1 1991  2  2  5 39  6.910  0.83   1
   206508  37.287459 -121.666772     3.669       18.0     -140.9    -1229.8    132.1     82.0    123.3 1991  2 13 19 31  5.060  1.22   1
   207043  37.288713 -121.669360     3.444     -211.4       -1.8    -1456.6    129.6     77.2    153.8 1991  2 22 15 51 34.750  2.28   1
   208364  37.291878 -121.671151     3.791     -370.2      349.5    -1109.4    130.9     87.5    158.6 1991  3 22 11 23 27.560  1.05   1
   208389  37.292078 -121.671615     3.790     -411.3      371.7    -1110.5    130.6     92.3    168.4 1991  3 22 11 34  4.350  0.81   1
   211885  37.285071 -121.662402     6.400      405.6     -406.0     1499.2    126.3    115.8    259.5 1991  5  4  6 30 12.620  0.94   1
   212119  37.285152 -121.662052     6.066      436.6     -396.9     1165.9    108.6     94.5    222.1 1991  5  9  0 14 24.910  1.22   1
   215747  37.288839 -121.670190     3.839     -285.0       12.2    -1061.4    126.8     79.1    125.2 1991  5 29  9 45 22.620  1.83   1
   220702  37.284570 -121.662109     5.721      431.5     -461.5      821.0    112.6     92.1    207.2 1991  6 22 16 36 38.560  1.21   1
   227435  37.290401 -121.669784     3.521     -249.0      185.6    -1379.3    134.5     83.4    163.0 1991  8 10 17  6  5.760  1.23   1
   227542  37.285246 -121.666593     3.347       33.9     -386.6    -1553.2    144.6    105.7    150.1 1991  8 12  9 56  3.630  1.43   1
   228484  37.288175 -121.665820     5.836      102.5      -61.4      935.4    105.6     86.5    191.2 1991  8 21 17  7 40.400  2.27   1
   229053  37.291162 -121.668644     5.792     -147.9      270.1      891.3    103.1    101.0    197.7 1991  8 28 14  4 22.080  2.05   1
   229871  37.290047 -121.668481     4.302     -133.5      146.3     -597.8    136.3    100.8    196.8 1991  9  6 16 39 27.620  0.93   1
   234881  37.285726 -121.666699     3.279       24.5     -333.3    -1621.1    144.5    107.1    152.8 1991 10 22 17  4 17.460  1.46   1
   238704  37.289982 -121.669181     3.715     -195.6      139.1    -1185.5    127.8     77.4    146.0 1991 12  3  5 24 24.980  2.01   1
   238790  37.289107 -121.669108     3.836     -189.1       42.0    -1063.8    130.3     79.9    131.4 1991 12  4  0  8 49.550  1.89   1
   238816  37.284904 -121.662101     6.296      432.3     -424.5     1396.0    109.3     91.9    214.9 1991 12  4 13 45 39.520  0.99   1
   241590  37.288428 -121.666081     5.839       79.4      -33.4      939.1    107.9     89.0    185.4 1991 12 23 12 33 19.250  1.22   1
   249781  37.290417 -121.666748     5.832       20.2      187.4      931.6    105.5    108.2    198.0 1992  2 10 12 31  5.020  1.61   1
   253921  37.285775 -121.666626     3.233       31.0     -327.9    -1667.0    143.7    105.7    151.2 1992  3  4 13 13  6.220  1.23   1
   261841  37.291715 -121.671541     3.546     -404.8      331.5    -1354.7    138.4    138.7    282.7 1992  4  6  9 39 49.410  0.92   1
   292015  37.286890 -121.667139     4.263      -14.4     -204.1     -637.8    117.5     90.7    150.1 1992  6  9 12 59 24.230  2.86   1
   303099  37.285718 -121.665283     4.798      150.1     -334.2     -101.9    122.0     88.2    143.6 1992  7  7  2 47 24.660  1.35   1
   304374  37.285640 -121.667212     3.274      -20.9     -342.8    -1626.2    148.1    112.1    154.2 1992  7 17  9 51 49.510  1.02   1
   312743  37.290312 -121.669515     3.548     -225.1      175.7    -1351.9    134.1     83.6    143.4 1992  8 29 17  4 29.020  1.64   1
   314921  37.288163 -121.668896     4.049     -170.3      -62.8     -851.1    127.8     85.1    107.4 1992  9 11  1 22 13.650  1.06   1
   322432  37.286918 -121.665918     4.454       93.8     -201.0     -446.0    119.6     93.0    149.4 1992 11  5 12 35  5.470  1.26   1
   327300  37.291874 -121.668856     6.002     -166.7      349.1     1101.2    105.3     99.2    212.1 1992 11 29  5  3  2.720  1.73   1
   330647  37.290348 -121.669499     4.219     -223.7      179.7     -680.9    129.3     87.5    194.4 1993  1  2 11 32 10.020  1.10   1
   331552  37.291882 -121.671712     3.825     -420.0      350.0    -1074.8    136.2     94.3    230.4 1993  1  9 17 48 38.720  1.01   1
   331635  37.291268 -121.670809     3.560     -339.9      281.8    -1340.1    141.8    106.4    220.0 1993  1 10 22 13  9.440  1.20   1
   339439  37.284998 -121.661808     5.977      458.2     -414.1     1077.0    125.1    110.0    224.6 1993  3  7  1 47 38.410  1.22   1
   339511  37.285299 -121.663013     6.048      351.4     -380.7     1148.2    118.6    105.0    230.6 1993  3  8  9 25 39.610  1.01   1
   352620  37.289046 -121.667896     3.723      -81.5       35.2    -1177.1    131.2     88.7    157.6 1993  6  8  9 15  1.380  0.83   1
 30036393  37.291695 -121.671045     4.087     -360.8      329.2     -813.7    136.7    117.9    309.1 1993 12  1  0 25 49.530  0.98   1
   389286  37.289136 -121.669360     3.609     -211.4       45.2    -1291.0    130.7     77.6    165.1 1993 12 20 22 35  7.800  1.77   1
   391772  37.290458 -121.669360     4.268     -211.4      191.9     -632.5    126.7     86.8    166.0 1994  1 19  7 46 39.590  0.96   1
   391983  37.290137 -121.669661     4.396     -238.1      156.3     -504.3    127.1     88.7    180.7 1994  1 20  7 20 41.680  0.90   1
   399980  37.290271 -121.670329     3.475     -297.3      171.2    -1425.4    131.1     79.9    159.8 1994  4  6  4 11 34.960  1.38   1
   400563  37.285575 -121.666951     3.281        2.2     -350.0    -1619.4    140.3     92.8    155.8 1994  4 16 13 10 52.340  2.00   1
   401879  37.290031 -121.666390     5.688       52.0      144.5      787.4    107.1     98.8    205.1 1994  5  8 23  4 53.240  1.61   1
 30049085  37.287878 -121.665601     5.770      122.0      -94.4      869.4    106.1     84.1    189.6 1994  5 13 11 15 14.850  1.56   1
 30051942  37.290869 -121.667985     5.188      -89.5      237.5      288.0    138.2    115.4    297.2 1994  6 30 14 25 51.030  1.83   1
 30051943  37.291626 -121.668416     5.678     -127.7      321.5      777.2    109.2    106.5    212.5 1994  6 30 14 29 15.060  1.38   1
 30054274  37.293457 -121.672990     3.561     -533.3      524.7    -1339.3    137.2    103.4    275.3 1994  8  4 17 19  8.160  1.37   1
 30057908  37.285612 -121.663965     6.001      267.0     -345.9     1100.3    105.1     86.7    219.3 1994  9 17 17 57  1.520  2.38   1
 30058785  37.285730 -121.664185     5.932      247.5     -332.8     1031.6    112.7     89.6    205.4 1994  9 25 23  4 28.000  2.36   1
 30062741  37.289880 -121.669954     3.556     -264.1      127.8    -1344.5    128.6     75.1    157.9 1994 11 16 16 50 58.150  2.01   1
 30062748  37.290116 -121.669702     3.670     -241.7      154.0    -1230.7    133.2     80.0    163.5 1994 11 16 18  3 42.360  1.27   1
 30069218  37.288359 -121.668115     4.039     -101.0      -41.1     -860.9    128.8     79.1    119.3 1995  3  3  9 38 49.200  1.20   1
 30069222  37.288863 -121.669539     3.955     -227.3       14.9     -945.2    127.1     77.8    118.1 1995  3  3 12 30 15.850  1.75   1
 30069457  37.289132 -121.669588     3.494     -231.6       44.7    -1406.7    133.3     82.4    151.6 1995  3  7 13 19 41.960  1.26   1
 30071053  37.285559 -121.662777     6.333      372.4     -351.8     1432.8    109.1     89.1    208.0 1995  4  5  7 55 21.350  2.80   1
 30072363  37.284806 -121.661979     5.853      443.1     -435.3      953.0    111.2     83.1    192.3 1995  4 26 17 54  9.660  1.14   1
 30073191  37.291850 -121.671810     3.748     -428.6      346.4    -1151.9    135.2    105.1    284.1 1995  5 14 11 18 47.000  1.02   1
 30074975  37.290625 -121.668823     4.417     -163.8      210.4     -483.1    131.6     91.2    176.3 1995  6 15 22 23  1.320  1.34   1
 30076454  37.290507 -121.670728     4.560     -332.7      197.3     -339.9    101.7     96.3    260.9 1995  7  4 11 20 49.790  2.65   1
 30077970  37.288025 -121.666016     5.741       85.2      -78.1      840.4    103.8     93.7    197.4 1995  7 24  8 37 43.620  1.26   1
 30090632  37.287004 -121.666870     4.103        9.4     -191.5     -797.2    122.2     96.6    218.5 1995 11 25 19 22  6.180  2.56   1
 30091051  37.287382 -121.665519     5.791      129.2     -149.5      890.8    110.4     92.6    189.3 1995 12  2  1 12 15.750  1.40   1
 30092060  37.289148 -121.670060     3.775     -273.5       46.5    -1125.5    127.8     78.4    111.9 1995 12 15 18 53 39.820  1.82   1
 30107700  37.293783 -121.672640     3.572     -502.2      560.9    -1328.0    139.0    104.1    291.4 1996  5 30 18 47 12.480  1.35   1
   478138  37.290039 -121.669263     3.685     -202.8      145.4    -1215.4    121.3     81.8    168.1 1996  9  2 20 27  0.360  1.99   1
   478141  37.291406 -121.669621     4.089     -234.5      297.1     -811.2    125.3     87.7    200.7 1996  9  2 20 36  3.960  1.38   1
   478159  37.288428 -121.668522     4.521     -137.1      -33.4     -378.9     89.9     71.6    197.7 1996  9  3  0  2  4.940  1.17   1
   482382  37.284989 -121.662126     5.749      430.1     -415.0      848.3    120.3    122.3    221.4 1996 10 19  4 32 38.790  1.30   1
   483500  37.287976 -121.666398     6.393       51.2      -83.5     1492.4    120.7     93.4    246.1 1996 11  2 12 22 52.340  2.29   1
   485145  37.284965 -121.666463     3.440       45.5     -417.7    -1459.9    144.9    104.6    150.4 1996 11 20 12 25 42.190  1.93   1
   502047  37.289844 -121.665698     6.541      113.3      123.7     1641.2    114.2     90.9    203.5 1997  4 20 17  8  1.560  1.79   1
   522670  37.286149 -121.663916     6.481      271.3     -286.3     1581.0    113.6     79.9    199.6 1997  9 26 19 58  2.480  3.09   1
   523141  37.289644 -121.667277     5.919      -26.7      101.6     1018.3    101.8     99.4    212.7 1997  9 29  3  7 46.980  1.55   1
   529274  37.288615 -121.669377     3.815     -212.9      -12.6    -1085.6    128.7     80.3    134.7 1997 10 28 12  1 44.750  1.61   1
