    16484  37.286186 -121.663477     5.979      310.3     -282.2     1078.8     19.5     13.4     35.2 1984  4 24 21 20 23.480  3.57   1
    16527  37.286068 -121.663688     5.767      291.5     -295.3      866.7     20.0     12.6     32.6 1984  4 24 21 23 39.960  3.54   1
    17496  37.291125 -121.666309     6.286       59.2      266.0     1385.4     23.9     18.3     45.6 1984  4 25  0  4 49.440  1.23   1
    16521  37.287341 -121.667554     3.674      -51.2     -154.0    -1226.6     11.1      7.9     24.5 1984  4 25  4 16 53.440  3.00   1
    17842  37.289054 -121.668441     3.704     -129.9       36.1    -1196.0     11.7      8.9     22.8 1984  4 25  4 35 19.170  1.90   1
    16635  37.294368 -121.670459     5.993     -308.8      625.9     1092.8     17.5     10.5     32.9 1984  4 25  7 22 22.290  1.40   1
    16576  37.287179 -121.663477     6.149      310.3     -172.1     1248.4     19.1     12.4     38.4 1984  4 25 14  6 57.560  1.62   1
    17929  37.289539 -121.666439     5.610       47.6       89.9      709.7     17.6     11.5     35.7 1984  4 25 22 14 23.140  1.80   1
    16659  37.289714 -121.665389     6.391      140.7      109.3     1490.2     22.1     14.1     40.8 1984  4 26  8 54 51.420  1.52   1
    16701  37.291659 -121.666341     6.252       56.3      325.1     1351.8     20.8     16.1     39.5 1984  4 26 17 22 44.280  1.57   1
    18075  37.288826 -121.668140     4.096     -103.2       10.8     -804.6     13.3     11.7     27.7 1984  4 26 20 11 12.520  1.17   1
    16751  37.291703 -121.671647     3.600     -414.2      330.1    -1300.4     15.4     14.8     39.6 1984  4 27  7 48 23.500  0.97   1
    16766  37.287777 -121.666016     5.649       85.2     -105.7      749.2     17.8     10.1     35.5 1984  4 27 11  8  9.220  1.31   1
    16802  37.286951 -121.663501     6.192      308.1     -197.3     1291.4     20.0     15.3     38.7 1984  4 27 19  3 15.040  1.31   1
    16821  37.284786 -121.662476     5.872      399.1     -437.6      971.6     18.5     12.6     33.1 1984  4 28  0  4 31.210  0.83   1
    16827  37.284521 -121.661768     5.779      461.9     -466.9      878.7     19.7     13.8     36.0 1984  4 28  1 43 47.850  1.21   1
    16838  37.293909 -121.670101     5.847     -277.1      574.9      947.1     17.6     10.4     35.7 1984  4 28  3 54 12.200  1.39   1
    16841  37.285905 -121.665641     4.517      118.3     -313.4     -383.3     11.1      9.2     25.2 1984  4 28  4 43 26.310  1.47   1
    19159  37.290344 -121.665820     6.303      102.5      179.3     1402.8     18.2     12.9     34.6 1984  4 28 16 12 43.750  2.09   1
    16885  37.289050 -121.664950     6.382      179.7       35.7     1481.8     18.6     12.6     37.0 1984  4 28 18 53 49.960  2.18   1
    16911  37.288529 -121.665544     5.504      127.0      -22.1      604.0     21.5     16.2     42.7 1984  4 29  2 29 16.340  1.27   1
    17074  37.289807 -121.665031     6.412      172.5      119.7     1511.3     19.7     15.3     41.5 1984  4 30 14 46  1.740  1.59   1
    17272  37.289758 -121.666536     5.688       39.0      114.3      788.1     17.1     10.3     35.0 1984  5  2  7 34 17.770  1.65   1
    17294  37.293184 -121.672982     3.876     -532.5      494.5    -1024.7     13.1     12.4     35.4 1984  5  2 14 32 55.730  1.70   1
    17356  37.285527 -121.666211     3.314       67.8     -355.4    -1586.2     13.5      8.7     35.2 1984  5  2 22 58 42.360  1.77   1
    17669  37.287170 -121.663688     6.163      291.5     -173.0     1262.5     19.9     16.8     33.4 1984  5  3 23 10 52.920  1.04   1
    17723  37.285779 -121.663322     5.901      324.0     -327.4     1000.8     18.4     13.5     36.6 1984  5  4 18 42 58.080  3.05   1
    17526  37.288167 -121.665682     5.620      114.7      -62.3      719.3     18.3     10.9     36.4 1984  5  5  3 31 54.930  2.45   1
    17779  37.285608 -121.663428     5.646      314.6     -346.4      745.3     18.3     11.7     33.9 1984  5  7 14 27 20.420  2.85   1
    17794  37.284753 -121.662394     5.605      406.3     -441.2      704.2     19.0     15.3     38.1 1984  5  7 16 34 13.860  1.30   1
    17834  37.294336 -121.670239     5.938     -289.4      622.3     1037.7     18.0     13.8     32.9 1984  5  8  6 55  3.840  1.17   1
    18466  37.285059 -121.662451     5.799      401.2     -407.3      898.3     18.6     12.9     35.9 1984  5 15  1 42 21.350  1.18   1
    18608  37.291455 -121.666667     6.338       27.4      302.6     1437.6     17.9     11.7     33.0 1984  5 16 17  9 28.700  2.32   1
    18708  37.289201 -121.666618     5.653       31.8       52.4      753.4     17.5      8.9     34.2 1984  5 17  8 43  3.370  3.32   1
    18857  37.284493 -121.662077     5.722      434.4     -470.1      821.7     19.4     14.6     36.5 1984  5 19  4 20 31.710  0.74   1
    19686  37.290267 -121.669393     4.266     -214.3      170.7     -634.2     12.8     10.2     22.8 1984  5 29 23 53  6.840  0.99   1
    19720  37.289941 -121.665780     6.356      106.1      134.6     1455.6     17.6     13.2     38.5 1984  5 30 12 38 10.840  3.00   1
    19745  37.291170 -121.666357     6.648       54.8      271.0     1747.3     22.3     19.6     50.8 1984  5 30 17  5  4.160  0.80   1
    19776  37.286963 -121.666007     4.526       85.9     -196.0     -374.2     13.3     10.2     27.7 1984  5 31  1 43 34.410  1.22   1
    19860  37.289636 -121.667008     5.631       -2.9      100.7      730.6     17.0      9.7     35.1 1984  6  1  3 27 26.880  1.58   1
    19888  37.294381 -121.670549     5.974     -316.8      627.3     1074.0     18.8     13.2     34.3 1984  6  1  9  7  7.310  1.08   1
    19992  37.287122 -121.664901     5.691      184.0     -178.4      790.8     18.2     13.5     35.4 1984  6  2 17 32  6.480  2.92   1
    20113  37.284546 -121.662638     5.521      384.6     -464.2      620.2     18.4     13.2     38.2 1984  6  4 16 23 29.800  1.15   1
    20328  37.292460 -121.667944     6.575      -85.9      414.1     1674.8     19.2     16.2     52.1 1984  6  5 23 51 14.920  0.93   1
    20622  37.287219 -121.665055     5.497      170.3     -167.5      597.2     22.1     17.8     37.7 1984  6 11  4 58 46.580  1.48   1
    20978  37.285815 -121.663070     5.983      346.4     -323.3     1082.4     18.0     12.6     33.1 1984  6 16  3 50 27.150  3.13   1
    21561  37.287370 -121.663826     6.616      279.3     -150.8     1715.9     20.2     15.0     46.0 1984  6 26  7 13 18.280  0.80   1
    21644  37.290690 -121.670654     3.862     -326.2      217.7    -1038.2     12.7      8.7     23.7 1984  6 27 14 50 38.140  1.59   1
    22144  37.285783 -121.664958     4.477      179.0     -327.0     -423.4     11.3      9.3     24.8 1984  7  5 12 49 57.720  1.28   1
    22165  37.288627 -121.667684     4.139      -62.8      -11.3     -761.1     12.4     10.7     21.0 1984  7  5 17  6 28.740  0.96   1
    22271  37.290955 -121.671053     3.788     -361.5      247.0    -1112.1     12.9      8.1     25.1 1984  7  7  0 17  9.970  2.67   1
    22280  37.289290 -121.669312     3.670     -207.1       62.3    -1229.8     13.2     12.7     28.1 1984  7  7  2 35  4.060  1.53   1
    23190  37.289506 -121.669596     3.797     -232.4       86.3    -1102.9     12.2      7.0     23.6 1984  7 17 16 24 49.440  1.85   1
    23195  37.287716 -121.665698     5.657      113.3     -112.4      756.6     18.4     12.1     36.0 1984  7 17 17 53  4.200  2.33   1
    24519  37.289156 -121.669792     3.513     -249.7       47.4    -1387.4     11.4      8.0     25.5 1984  7 30 14 16 49.060  2.31   1
    24674  37.289750 -121.667008     5.786       -2.9      113.3      886.1     17.6      9.4     34.1 1984  8  1 12 29 16.890  1.64   1
    25096  37.290405 -121.670036     3.516     -271.3      186.1    -1384.0     12.9     12.6     28.5 1984  8  7  9  7  6.330  1.17   1
    25305  37.289868 -121.669124     4.144     -190.5      126.4     -756.8     12.6     12.9     28.2 1984  8 10  7  4  4.200  0.95   1
    25937  37.285063 -121.662476     6.280      399.1     -406.9     1379.9     20.1     14.6     39.9 1984  8 19 20 27 32.960  0.69   1
    26238  37.290120 -121.669849     4.024     -254.7      154.4     -876.3     13.8     12.2     28.3 1984  8 25  0 19 18.360  0.72   1
    27421  37.285140 -121.662614     5.873      386.8     -398.3      972.9     18.4     12.9     34.6 1984  9  6 16 33 41.640  1.41   1
    27683  37.285811 -121.663924     5.645      270.6     -323.8      744.7     19.0     14.1     36.9 1984  9 10 16 24 47.130  2.39   1
    27684  37.285819 -121.663525     5.411      306.0     -322.9      510.3     19.6     17.6     54.1 1984  9 10 16 33 36.940  1.79   1
    27721  37.284810 -121.662760     5.938      373.8     -434.9     1037.9     18.3     14.7     32.9 1984  9 11  8 13 54.330  0.83   1
    27722  37.288151 -121.665926     5.665       93.1      -64.1      765.2     18.1     10.8     36.0 1984  9 11  9 29 23.690  1.78   1
    27724  37.289766 -121.665723     6.438      111.1      115.2     1538.0     18.1     12.5     39.4 1984  9 11 10 26  8.190  1.55   1
    28475  37.291626 -121.670785     3.551     -337.7      321.5    -1349.1     14.5     13.8     31.4 1984  9 23  8 43 14.720  1.07   1
    29752  37.285588 -121.666471     3.316       44.7     -348.6    -1583.8     11.9      7.3     34.8 1984 10 10  7 11 54.160  1.90   1
    29901  37.291366 -121.667399     6.475      -37.5      292.6     1575.2     18.3     14.1     40.0 1984 10 12  7 13 23.200  1.21   1
    30009  37.290629 -121.667790     5.694      -72.2      210.9      794.1     16.5      9.0     35.3 1984 10 13 17 32 47.840  1.83   1
    30159  37.289884 -121.669181     4.256     -195.6      128.3     -644.8     12.8      8.8     24.3 1984 10 17 11 39  4.900  0.89   1
    30929  37.291187 -121.668823     5.688     -163.8      272.8      787.2     17.6     10.6     35.5 1984 10 30  2 49 48.600  1.41   1
    31031  37.287020 -121.664648     5.762      206.4     -189.7      861.7     19.3     12.0     32.5 1984 10 31  3  5 11.660  2.89   1
    31037  37.285409 -121.662362     5.904      409.2     -368.5     1004.2     18.5     19.2     37.3 1984 10 31 15 28 48.300  0.79   1
    31068  37.284322 -121.661987     5.720      442.4     -489.1      819.8     18.9     17.0     36.7 1984 11  1  5 22 45.950  0.79   1
    31844  37.285872 -121.665316     4.529      147.2     -317.0     -371.1     11.0      9.0     25.1 1984 11 13 11 59  9.360  1.31   1
    32049  37.288778 -121.669092     3.718     -187.6        5.4    -1181.8     12.3      9.3     27.6 1984 11 18  0 28 55.240  1.69   1
    32676  37.285921 -121.663241     5.963      331.2     -311.6     1062.3     18.5     12.6     34.5 1984 11 28 11 54 37.810  2.94   1
    35929  37.287533 -121.665479     5.635      132.8     -132.8      734.2     18.2     10.2     36.7 1984 12  1  8  9 13.540  1.74   1
    33786  37.286719 -121.665845     4.459      100.3     -223.1     -441.7     11.4      9.5     25.8 1984 12 10  7 45 41.770  1.43   1
    34527  37.289852 -121.667114     5.766      -12.3      124.6      865.5     17.4     10.1     33.3 1984 12 15 10 28 17.680  1.61   1
    34841  37.284741 -121.662207     5.551      422.9     -442.6      650.4     19.1     13.7     38.2 1984 12 19  8 29 34.630  1.35   1
    35109  37.290645 -121.670508     3.775     -313.2      212.7    -1124.9     12.3      8.7     22.2 1984 12 22  4 43 44.710  1.60   1
    38148  37.287419 -121.667961     3.806      -87.3     -145.4    -1094.6     12.2      8.4     26.8 1985  1 19 11 56 37.340  2.49   1
    39944  37.290434 -121.667798     5.743      -72.9      189.2      843.0     17.2      9.6     35.1 1985  2  5 11 42 49.820  2.05   1
    40913  37.288810 -121.665047     6.366      171.0        9.0     1465.8     18.2     11.8     38.5 1985  2 13 23 52 25.080  1.70   1
    41574  37.289970 -121.669002     4.254     -179.7      137.7     -646.7     12.4      8.3     22.6 1985  2 16 20 53  7.160  1.20   1
    42349  37.288257 -121.667000     3.945       -2.2      -52.4     -955.3     22.0     19.4     30.6 1985  2 28  1  9 58.300  0.84   1
    42555  37.288810 -121.668807     3.763     -162.4        9.0    -1137.5     11.5      7.9     23.2 1985  3  2  6 53 56.010  1.74   1
    42559  37.289640 -121.669588     3.733     -231.6      101.2    -1167.8     12.6      9.1     25.3 1985  3  2  8 55  3.470  1.91   1
    42643  37.288989 -121.669092     3.718     -187.6       28.9    -1181.8     12.0      8.4     26.8 1985  3  2  8 55 29.590  2.08   1
    42560  37.289889 -121.670337     3.737     -298.0      128.7    -1163.4     12.4     10.2     27.8 1985  3  2  8 58  0.480  1.22   1
    43546  37.289673 -121.667432     5.789      -40.4      104.8      888.7     22.1     15.4     48.4 1985  3 12  4  3 59.980  3.24   1
    43580  37.289864 -121.666805     5.621       15.2      126.0      720.7     20.1     13.0     33.7 1985  3 12  4  4 51.800  2.04   1
    44335  37.285795 -121.663965     5.691      267.0     -325.6      790.5     18.3     12.8     35.3 1985  3 20  4 57 39.190  2.56   1
    44729  37.286955 -121.665324     5.674      146.5     -196.9      773.6     18.7     11.4     36.1 1985  3 26 11 50 46.600  1.26   1
    45835  37.287642 -121.665218     5.880      155.9     -120.6      980.2     21.0     15.4     34.6 1985  4 10 18 45 20.620  1.07   1
    46041  37.294462 -121.670467     5.973     -309.6      636.3     1072.8     18.3     13.9     31.9 1985  4 13 14  1 53.470  1.16   1
    47288  37.285356 -121.666081     2.808       79.4     -374.4    -2092.4     15.8     22.7     53.8 1985  5  5 16 50  5.800  0.94   1
    49151  37.285978 -121.666333     3.357       57.0     -305.3    -1542.9     12.8      8.9     34.8 1985  6  8  4 58 49.900  0.64   1
    49626  37.291321 -121.670955     3.829     -352.9      287.7    -1071.8     12.6     12.9     35.3 1985  6 15  1 38 57.380  0.94   1
    49633  37.285889 -121.665535     4.442      127.7     -315.2     -458.3     10.5      8.5     24.8 1985  6 16  5 24 54.700  1.29   1
    50591  37.287557 -121.666797     3.688       15.9     -130.1    -1212.3     12.3     10.8     28.5 1985  7  4  3  6  5.160  1.06   1
    51288  37.286405 -121.667326     3.428      -31.0     -257.9    -1472.5     13.1     10.9     34.0 1985  7 17 13 58 38.250  1.02   1
    51325  37.285388 -121.662671     5.726      381.8     -370.8      826.1     20.0     14.2     37.5 1985  7 17 23 39 58.840  1.89   1
    51378  37.284998 -121.661890     5.896      451.0     -414.1      996.2     18.4     11.9     32.2 1985  7 18 23 42  1.800  0.97   1
    51398  37.290129 -121.669434     4.240     -217.9      155.3     -660.6     13.3     10.8     22.1 1985  7 19  9 58 16.960  0.97   1
    52580  37.289762 -121.666960     5.728        1.4      114.7      827.6     17.0     10.2     34.6 1985  8  9 11 45  2.020  1.60   1
    54084  37.289441 -121.669922     3.693     -261.2       79.0    -1207.1     11.9      7.6     27.0 1985  8 28 20 35 10.100  1.58   1
    57271  37.293376 -121.673307     3.850     -561.4      515.7    -1050.0     13.1     13.8     35.6 1985 10 19 16 33 20.030  1.38   1
    57273  37.293140 -121.673429     3.801     -572.2      489.5    -1099.3     13.8     12.2     35.6 1985 10 19 17 35 48.940  1.66   1
    57770  37.290255 -121.670776     3.519     -337.0      169.3    -1381.0     14.6     13.2     29.6 1985 10 28  3 55 38.130  1.31   1
    58027  37.290828 -121.667896     5.769      -81.5      233.0      868.8     17.5      9.9     35.0 1985 10 31 23 53 38.440  1.96   1
    58028  37.291878 -121.668840     5.686     -165.3      349.5      785.5     17.0      8.4     35.7 1985 10 31 23 55 40.960  1.46   1
    58676  37.290055 -121.665910     6.362       94.5      147.2     1461.9     18.7     13.2     40.0 1985 11  9 23 12 11.080  1.88   1
    59070  37.286959 -121.664803     5.695      192.7     -196.4      794.3     18.0     11.8     36.6 1985 11 14  9 21  5.080  0.97   1
    61248  37.284831 -121.662891     5.546      362.3     -432.6      645.7     19.9     14.3     38.8 1985 12 12  7 33 37.950  1.16   1
    61462  37.288464 -121.667855     4.207      -77.9      -29.4     -693.4     11.4      8.4     22.6 1985 12 14 18 25 45.080  1.09   1
    61809  37.290238 -121.669295     4.215     -205.7      167.5     -685.0     12.3     10.2     23.2 1985 12 19  0  2 10.460  0.97   1
    62142  37.290568 -121.668937     4.837     -173.9      204.1      -63.1     12.1     11.1     25.9 1985 12 24 21 18 58.720  0.89   1
    62514  37.288778 -121.668888     3.780     -169.6        5.4    -1120.4     13.9     10.2     27.6 1985 12 31 15 50 52.230  1.74   1
    62520  37.288798 -121.668978     3.764     -177.5        7.7    -1136.5     13.5     11.5     27.8 1985 12 31 18  3  3.480  1.62   1
    65047  37.286808 -121.665983     4.543       88.0     -213.2     -357.3     11.2      9.4     25.1 1986  1 30  3 31 43.810  1.30   1
    65406  37.284981 -121.662630     5.907      385.4     -415.9     1006.7     18.6     15.2     33.9 1986  2  2  8 26 42.650  1.18   1
    66346  37.285429 -121.666561     3.426       36.8     -366.2    -1473.9     11.3      7.6     31.8 1986  2 11 10 37 16.920  1.40   1
    66201  37.285730 -121.666699     3.344       24.5     -332.8    -1556.4     12.5      8.8     34.9 1986  2 11 11 50  0.620  1.50   1
    67820  37.290751 -121.671322     3.814     -385.3      224.4    -1086.1     13.1      8.2     25.7 1986  3  8 10 32  4.410  1.63   1
    67803  37.285856 -121.665462     4.431      134.2     -318.8     -468.9     10.6      8.8     23.9 1986  3  9 18 55 22.760  1.42   1
    70356  37.285864 -121.664233     5.824      243.2     -317.9      923.7     18.0     13.5     34.2 1986  4  4 10 16 40.970  3.19   1
    70373  37.287512 -121.665552     5.681      126.3     -135.0      780.8     18.4     10.5     35.1 1986  4  4 10 17 30.150  2.37   1
    70083  37.285079 -121.662655     5.950      383.2     -405.1     1049.9     19.2     13.9     32.7 1986  4 12  7 13 35.460  1.00   1
    70826  37.293905 -121.670549     5.756     -316.8      574.4      855.3     19.7     13.1     36.2 1986  4 21  8 46 14.270  0.99   1
    73536  37.290613 -121.667700     5.760      -64.2      209.1      860.1     17.2      9.1     34.4 1986  5 29  1 41 52.560  1.51   1
    73786  37.288916 -121.669556     3.407     -228.8       20.8    -1493.1     13.4     11.4     28.0 1986  6  1 10 51 31.460  1.21   1
    73850  37.289754 -121.666960     5.723        1.4      113.8      822.7     17.9     11.6     34.1 1986  6  2  5  8 18.340  1.52   1
    76654  37.285734 -121.663298     5.976      326.2     -332.4     1076.2     17.9     11.9     33.0 1986  7 16 20 59  3.320  2.98   1
    76560  37.284180 -121.663468     6.154      311.0     -504.9     1253.4     19.0     13.6     37.9 1986  7 17  4 26  2.170  0.83   1
    77218  37.289498 -121.669824     3.836     -252.6       85.4    -1064.6     11.5      8.5     22.4 1986  7 25  9 22 50.290  2.26   1
    77283  37.289258 -121.669043     3.668     -183.3       58.7    -1232.0     12.4     10.3     28.4 1986  7 25  9 23  5.480  2.35   1
    77296  37.290080 -121.670076     3.691     -274.9      149.9    -1209.3     12.9     10.9     33.2 1986  7 25 16  1 52.100  1.15   1
    81016  37.291634 -121.671305     3.831     -383.9      322.4    -1069.5     12.5     10.8     31.2 1986  9  2  7 22  7.550  0.52   1
    81017  37.291447 -121.671370     3.814     -389.7      301.7    -1086.5     13.0      9.4     30.3 1986  9  2  7 24 15.870  0.83   1
    81735  37.287915 -121.665609     5.651      121.2      -90.3      751.2     18.0     10.9     35.3 1986  9  8 23  4 33.440  1.55   1
    82606  37.291239 -121.671248     3.808     -378.9      278.6    -1092.5     13.2     10.6     27.3 1986  9 15 20 17 49.920  2.67   1
    83579  37.290251 -121.668856     4.826     -166.7      168.9      -74.7     11.8     10.0     27.0 1986  9 22 19 39 11.020  0.83   1
    83805  37.290682 -121.670801     3.750     -339.2      216.8    -1149.6     12.3      7.8     24.4 1986  9 25 12  1 52.830  1.36   1
    85194  37.287565 -121.668018     3.804      -92.4     -129.2    -1096.5     12.9     10.3     29.2 1986 10  9  2  6 22.720  2.95   1
    85669  37.285433 -121.666781     3.352       17.3     -365.8    -1548.1     12.7      8.6     35.2 1986 10 14 15 13 49.290  1.43   1
    87103  37.287903 -121.667440     4.088      -41.1      -91.7     -812.5     11.5      8.4     21.0 1986 11  3  8 20 28.780  0.94   1
    87964  37.284489 -121.662313     5.614      413.5     -470.6      713.2     19.0     13.7     36.9 1986 11 14 11 55 11.210  0.96   1
    88698  37.291577 -121.670386     4.332     -302.4      316.1     -568.1     11.6     10.6     27.3 1986 11 25 13  0 35.660  1.01   1
    90036  37.289836 -121.668709     4.003     -153.7      122.8     -897.4     12.1      9.5     23.8 1986 12 12 17 46 44.360  0.64   1
    90485  37.289901 -121.669425     4.215     -217.2      130.1     -685.8     11.7      8.1     21.8 1986 12 18  2  5 30.480  1.09   1
    93248  37.289286 -121.670133     3.451     -280.0       61.9    -1449.2     21.9     14.2     36.7 1987  1 26 13 47 46.830  2.35   1
    95188  37.285205 -121.662598     6.008      388.2     -391.1     1107.4     18.4     13.0     41.2 1987  2 21  7 40 45.210  1.18   1
    95317  37.285604 -121.662264     6.704      417.8     -346.8     1803.3     20.5     16.5     43.4 1987  2 23 17  5  2.320  0.91   1
    97576  37.290438 -121.669149     4.825     -192.7      189.7      -75.8     11.8     10.0     24.4 1987  3 29 10  2  1.050  0.79   1
    98812  37.288033 -121.667611     4.153      -56.3      -77.2     -747.4     11.2      8.5     20.1 1987  4 17 16 13 47.300  1.18   1
   101361  37.289730 -121.669539     3.891     -227.3      111.1    -1009.1     11.5      8.3     23.5 1987  6  3  6 56  7.740  1.92   1
   101362  37.288920 -121.669482     3.755     -222.3       21.2    -1145.1     11.8      7.2     22.4 1987  6  3  6 58 51.320  1.74   1
   101659  37.287789 -121.665592     5.699      122.7     -104.3      799.2     20.1     13.5     32.0 1987  6  9  2  2 39.460  2.37   1
   102139  37.287333 -121.666569     3.596       36.1     -154.9    -1304.4     17.0     14.8     36.5 1987  6 20 16 35 35.960  0.82   1
   102776  37.291561 -121.670964     3.773     -353.6      314.3    -1127.6     13.6     13.5     36.6 1987  7  7  1 44 26.990  1.01   1
   103138  37.289408 -121.669360     3.733     -211.4       75.4    -1166.3     11.6      7.4     24.0 1987  7 14 19  2 57.020  1.72   1
   103702  37.290039 -121.667334     5.760      -31.8      145.4      860.0     17.0      9.6     33.8 1987  7 28  7  4 28.800  1.51   1
   103833  37.290698 -121.668107     5.781     -100.3      218.6      880.3     17.6     10.4     34.0 1987  8  1  1 40 41.980  1.94   1
   105327  37.287573 -121.668156     3.734     -104.6     -128.3    -1166.1     11.9      9.1     25.4 1987  9  4 10 31 17.310  1.74   1
   105800  37.289372 -121.666349     5.818       55.6       71.4      918.1     17.9      9.9     33.4 1987  9 14 23  7 17.840  0.83   1
   106343  37.290234 -121.668831     4.698     -164.5      167.1     -202.5     11.8     10.4     23.1 1987  9 27  7 19 34.920  0.75   1
   106370  37.290015 -121.669295     4.594     -205.7      142.7     -305.9     12.2     10.2     24.4 1987  9 27  8 23 11.780  0.96   1
   106462  37.288253 -121.667212     4.178      -20.9      -52.8     -722.6     11.7      9.0     22.1 1987  9 29  4 47  3.550  0.92   1
   107299  37.285527 -121.663175     6.022      337.0     -355.4     1122.0     18.2     12.3     35.6 1987 10 17  9 43 42.990  1.55   1
   107927  37.289681 -121.667505     5.932      -46.9      105.7     1032.1     20.3     12.3     44.0 1987 11  1 22 11 13.060  3.15   1
   107902  37.290133 -121.666813     5.791       14.4      155.8      890.7     17.1     10.9     33.8 1987 11  1 22 13 47.560  1.56   1
   107906  37.288159 -121.666040     5.749       83.0      -63.2      848.8     18.5     10.6     34.5 1987 11  2  3  6 28.290  1.52   1
   108512  37.285600 -121.666683     3.343       26.0     -347.3    -1557.2     12.2      9.1     34.6 1987 11 16 23 19  9.000  1.98   1
   109132  37.290206 -121.669246     4.456     -201.3      163.9     -444.6     11.4     11.0     23.2 1987 11 27  4  7 50.420  0.67   1
   110939  37.290426 -121.670671     3.484     -327.6      188.3    -1415.8     12.5     12.2     28.6 1988  1 15  1 56 42.310  1.39   1
   112178  37.286466 -121.662703     6.685      378.9     -251.1     1785.0     24.7     19.1     43.5 1988  2 10 20 13  1.200  0.94   1
   112230  37.285840 -121.664966     4.658      178.2     -320.6     -242.6     19.1     15.6     38.4 1988  2 13  4 54 35.870  1.36   1
   112868  37.291748 -121.671094     4.419     -365.1      335.1     -481.4     11.1     10.0     24.3 1988  2 25 10  0 17.780  0.92   1
   113569  37.291268 -121.667228     6.274      -22.4      281.8     1373.7     18.2     11.5     36.8 1988  3  9  2  8 11.840  1.40   1
   114006  37.285860 -121.663631     5.803      296.6     -318.4      903.0     17.6     11.6     33.1 1988  3 16 23 10  6.640  2.45   1
   115994  37.290902 -121.668132     5.750     -102.5      241.2      849.4     17.6     10.1     34.0 1988  4 21  4 42 14.550  1.94   1
   115996  37.291569 -121.668734     5.783     -155.9      315.2      882.8     16.7      9.2     34.6 1988  4 21  4 48 47.890  0.84   1
   116401  37.288900 -121.665503     6.393      130.6       19.0     1492.4     19.4     14.3     40.0 1988  4 29  7 29 57.200  1.68   1
   116406  37.289274 -121.665446     6.517      135.7       60.5     1616.8     17.1      9.3     33.7 1988  4 29  7 47 21.590  1.99   1
   117175  37.289864 -121.666960     5.748        1.4      126.0      847.5     17.2      9.5     33.6 1988  5 13 17 17 30.760  1.52   1
   119615  37.289941 -121.665845     6.380      100.3      134.6     1479.7     18.1     10.2     37.5 1988  6 27  4 18 37.320  2.52   1
   119610  37.289998 -121.665885     6.411       96.7      140.9     1510.9     19.3     10.7     38.5 1988  6 27  4 18 52.410  2.72   1
   119763  37.290076 -121.669189     4.225     -196.3      149.5     -674.2     15.5     10.6     35.1 1988  6 30 23 52 27.360  0.97   1
   119888  37.285124 -121.662240     6.308      420.0     -400.1     1407.3     19.3     14.5     39.3 1988  7  5  5  2 33.820  0.83   1
   120788  37.290613 -121.670549     3.798     -316.8      209.1    -1102.1     11.9      7.2     25.1 1988  7 23 10 42 21.740  1.53   1
   120974  37.289925 -121.668734     4.268     -155.9      132.8     -632.8     14.3     11.8     25.1 1988  7 26 18  9 59.220  0.80   1
   126189  37.289632 -121.669580     3.839     -230.9      100.3    -1060.9     11.5      8.3     22.0 1988 11  2  3  9 12.610  1.93   1
   126292  37.289034 -121.669100     3.722     -188.3       33.9    -1178.6     10.9      6.6     21.8 1988 11  3  1 30  4.280  1.71   1
   126389  37.288806 -121.669352     3.889     -210.7        8.6    -1011.1     12.9      8.7     26.0 1988 11  4 13 34 34.720  1.87   1
   126560  37.284998 -121.662760     5.850      373.8     -414.1      949.9     18.8     12.6     33.7 1988 11  7 17 51 17.980  1.24   1
   126901  37.285868 -121.666838     3.380       12.3     -317.5    -1520.4     12.7      7.9     34.4 1988 11 12 18 11 57.680  1.07   1
   129454  37.286011 -121.662524     6.620      394.7     -301.7     1719.5     18.9     13.4     34.7 1988 12 30 23 53 29.880  1.74   1
   129428  37.286804 -121.662980     6.622      354.3     -213.6     1721.3     20.0     14.3     36.2 1988 12 30 23 54 24.000  4.30   1
   129887  37.289978 -121.669287     4.202     -204.9      138.6     -698.7     12.1      9.9     21.7 1989  1 13 10  9  6.070  0.94   1
   131766  37.289079 -121.664917     6.447      182.6       38.8     1546.9     17.7     11.1     36.3 1989  2 22 14 10 28.230  1.79   1
   132424  37.287655 -121.668123     3.812     -101.8     -119.2    -1088.7     11.6      7.9     24.1 1989  3  7 15  3 21.870  2.62   1
   132469  37.285535 -121.662760     6.074      373.8     -354.5     1173.8     19.7     10.7     37.3 1989  3  8 14 47  1.080  1.40   1
   132715  37.285128 -121.662598     6.016      388.2     -399.7     1115.9     18.4     11.1     37.6 1989  3 12  7 15 43.550  0.81   1
   139260  37.289941 -121.668563     4.179     -140.7      134.6     -721.7     13.2     13.0     41.3 1989  7  1  1 11 28.510  0.96   1
   140151  37.286886 -121.663241     6.556      331.2     -204.6     1655.7     18.7     13.8     34.9 1989  7 16 21 54  2.440  1.65   1
   140303  37.285978 -121.666496     3.407       42.6     -305.3    -1492.9     12.4      8.4     34.3 1989  7 19  8 51 59.540  1.28   1
   142196  37.288485 -121.667562     4.267      -52.0      -27.1     -633.5     13.5      9.5     26.7 1989  8 14  4  7  9.360  1.25   1
   144026  37.285059 -121.662646     5.900      383.9     -407.3      999.3     18.3     12.2     33.7 1989  9 14 10 35 38.140  0.87   1
   144648  37.287667 -121.665308     5.714      147.9     -117.9      813.8     18.4     11.7     35.4 1989  9 26 17  2  0.820  0.92   1
   144843  37.290662 -121.668034     5.749      -93.8      214.5      848.6     16.8     10.9     34.7 1989 10  1 18 21 45.920  1.78   1
   148939  37.289014 -121.668994     3.702     -179.0       31.6    -1198.4     11.1      8.9     23.6 1989 12 13  5 33 46.080  1.60   1
   149804  37.293030 -121.673071     3.728     -540.5      477.3    -1172.0     12.2     11.6     34.7 1989 12 30  6 19 29.350  1.59   1
   150901  37.286829 -121.665666     4.506      116.2     -210.9     -393.8     11.4      9.7     25.7 1990  1 19  9 24  8.400  1.24   1
   151583  37.285445 -121.666699     3.319       24.5     -364.4    -1581.4     12.2      8.4     34.8 1990  1 31  5  8 47.310  1.38   1
   153849  37.284684 -121.662012     5.616      440.2     -448.9      715.2     19.0     15.4     37.2 1990  3  6 23  9 12.960  0.83   1
   154124  37.288143 -121.665910     5.670       94.5      -65.0      769.9     18.5     12.4     33.2 1990  3 11 11 52 34.830  2.34   1
   155780  37.285535 -121.666528     3.440       39.7     -354.5    -1460.8     12.8      7.9     33.8 1990  4 11  5 35 19.420  1.33   1
   157462  37.286104 -121.664006     5.733      263.4     -291.3      832.4     17.6     11.6     33.3 1990  5 10 16 43 48.520  3.18   1
   157486  37.284953 -121.662492     5.707      397.6     -419.1      806.5     19.3     13.9     37.2 1990  5 11 22 59 22.960  0.97   1
   157494  37.289709 -121.668937     4.145     -173.9      108.8     -755.8     12.2     10.8     18.6 1990  5 12  2 57 13.600  0.81   1
   157758  37.290027 -121.667122     5.804      -13.0      144.1      903.3     16.9      8.8     33.9 1990  5 16  4 10 37.430  1.59   1
   158154  37.291431 -121.671476     3.949     -399.1      299.9     -951.2     12.6     11.4     30.4 1990  5 23 11 11 37.580  1.03   1
   158290  37.291638 -121.671631     3.843     -412.8      322.9    -1057.6     13.3     10.3     30.3 1990  5 23 16 30 36.550  0.82   1
 20091514  37.285921 -121.663175     6.125      337.0     -311.6     1224.3     19.8     13.7     35.9 1990  6 11  1 38 14.370  3.10   1
   159156  37.287703 -121.665169     5.924      160.2     -113.8     1023.4     19.3     15.1     31.1 1990  6 11  2 45 19.820  1.25   1
   160503  37.290051 -121.669539     3.867     -227.3      146.8    -1033.6     11.4      8.1     20.8 1990  7  5 20  4 42.800  1.71   1
   161358  37.290678 -121.669922     4.312     -261.2      216.3     -588.3     13.1     10.8     24.8 1990  7 20  5 51 45.700  0.96   1
 20092038  37.292586 -121.667790     6.517      -72.2      428.1     1616.4     19.9     12.5     37.9 1990  8 17  2 26 16.740  3.68   1
   163527  37.290649 -121.666683     6.565       26.0      213.2     1664.5     18.2     12.6     40.8 1990  9  1 17 25 25.320  0.96   1
   165437  37.290243 -121.667432     5.800      -40.4      168.0      899.7     17.0     10.9     34.1 1990 10 17  6 15 15.710  1.80   1
   204801  37.290234 -121.669759     4.454     -246.8      167.1     -446.3     16.4     16.3     35.8 1991  1 15 17 29 20.200  0.94   1
   205031  37.290373 -121.670369     3.582     -300.9      182.4    -1318.0     15.0     12.1     27.3 1991  1 20  5  0 30.930  1.17   1
   205737  37.287313 -121.666447     3.581       46.9     -157.2    -1318.8     13.5     12.6     31.9 1991  2  2  5 39  6.910  0.83   1
   206508  37.287301 -121.666862     3.800       10.1     -158.5    -1099.6     13.0     10.9     25.8 1991  2 13 19 31  5.060  1.22   1
   207043  37.289132 -121.669409     3.515     -215.8       44.7    -1385.6     12.4      9.2     26.7 1991  2 22 15 51 34.750  2.28   1
   208364  37.291642 -121.671094     3.873     -365.1      323.3    -1027.0     15.3     12.9     27.1 1991  3 22 11 23 27.560  1.05   1
   208389  37.291825 -121.671549     3.877     -405.5      343.7    -1023.6     14.0     10.7     24.2 1991  3 22 11 34  4.350  0.81   1
   211885  37.285461 -121.662337     6.418      411.3     -362.6     1518.0     23.9     21.2     48.9 1991  5  4  6 30 12.620  0.94   1
   212119  37.285262 -121.662199     5.962      423.6     -384.8     1062.2     18.5     12.3     32.9 1991  5  9  0 14 24.910  1.22   1
   215747  37.288619 -121.669360     3.802     -211.4      -12.2    -1098.3     11.4      7.7     22.0 1991  5 29  9 45 22.620  1.83   1
   220702  37.284611 -121.662126     5.690      430.1     -457.0      789.5     18.9     14.6     37.8 1991  6 22 16 36 38.560  1.21   1
   227435  37.290324 -121.670190     3.656     -285.0      177.0    -1244.5     12.3     11.4     28.6 1991  8 10 17  6  5.760  1.23   1
   227542  37.285449 -121.666431     3.404       48.4     -364.0    -1496.1     11.9      7.7     34.1 1991  8 12  9 56  3.630  1.43   1
   228484  37.288143 -121.665706     5.686      112.6      -65.0      785.5     17.7      9.1     35.8 1991  8 21 17  7 40.400  2.27   1
   229053  37.290841 -121.667855     5.761      -77.9      234.4      860.3     17.3      9.1     34.9 1991  8 28 14  4 22.080  2.05   1
   229871  37.290023 -121.668685     4.256     -151.5      143.6     -644.4     12.6     10.7     22.5 1991  9  6 16 39 27.620  0.93   1
   234881  37.285636 -121.666642     3.416       29.6     -343.2    -1484.5     11.9      7.7     33.9 1991 10 22 17  4 17.460  1.46   1
   238704  37.289673 -121.669377     3.741     -212.9      104.8    -1159.1     11.9      7.1     22.5 1991 12  3  5 24 24.980  2.01   1
   238790  37.289278 -121.669458     3.809     -220.1       61.0    -1090.9     11.5      8.4     21.7 1991 12  4  0  8 49.550  1.89   1
   238816  37.285266 -121.662663     6.182      382.5     -384.3     1281.7     18.5     14.0     38.4 1991 12  4 13 45 39.520  0.99   1
   241590  37.288456 -121.666032     5.745       83.7      -30.3      844.3     18.6     12.3     33.9 1991 12 23 12 33 19.250  1.22   1
   249781  37.290035 -121.666862     5.749       10.1      145.0      848.3     16.7      9.0     34.3 1992  2 10 12 31  5.020  1.61   1
   253921  37.285726 -121.666309     3.365       59.2     -333.3    -1535.3     12.2      8.2     34.0 1992  3  4 13 13  6.220  1.23   1
   261841  37.291268 -121.671200     3.786     -374.5      281.8    -1114.0     12.3     13.9     30.0 1992  4  6  9 39 49.410  0.92   1
   292015  37.287455 -121.667570     3.833      -52.7     -141.3    -1067.0     11.0      9.3     27.0 1992  6  9 12 59 24.230  2.86   1
   303099  37.286072 -121.665576     4.625      124.1     -294.9     -274.8     11.0      9.9     24.6 1992  7  7  2 47 24.660  1.35   1
   304374  37.285600 -121.666951     3.382        2.2     -347.3    -1518.3     13.6      8.8     34.5 1992  7 17  9 51 49.510  1.02   1
   312743  37.290723 -121.670907     3.860     -348.5      221.3    -1040.8     12.9     10.2     27.3 1992  8 29 17  4 29.020  1.64   1
   314921  37.287854 -121.668758     3.932     -158.0      -97.1     -968.0     11.8     10.9     22.2 1992  9 11  1 22 13.650  1.06   1
   322432  37.286796 -121.665926     4.543       93.1     -214.5     -357.4     12.6     10.7     25.4 1992 11  5 12 35  5.470  1.26   1
   327300  37.291675 -121.668766     5.786     -158.8      327.0      886.0     17.3     10.2     34.1 1992 11 29  5  3  2.720  1.73   1
   330647  37.290308 -121.669352     4.280     -210.7      175.2     -620.1     12.0     10.5     20.4 1993  1  2 11 32 10.020  1.10   1
   331552  37.291606 -121.671493     3.874     -400.5      319.3    -1025.9     13.9     11.5     29.0 1993  1  9 17 48 38.720  1.01   1
   331635  37.291044 -121.670915     3.735     -349.3      257.0    -1165.1     12.7     12.3     29.3 1993  1 10 22 13  9.440  1.20   1
   339439  37.285311 -121.662378     5.988      407.7     -379.3     1087.7     19.2     13.8     39.7 1993  3  7  1 47 38.410  1.22   1
   339511  37.285189 -121.662484     5.981      398.4     -392.9     1080.3     20.5     14.3     33.6 1993  3  8  9 25 39.610  1.01   1
   352620  37.289046 -121.668091     3.858      -98.9       35.2    -1042.5     12.3      9.4     26.4 1993  6  8  9 15  1.380  0.83   1
 30036393  37.291634 -121.671175     4.106     -372.4      322.4     -794.5     13.2     11.3     23.5 1993 12  1  0 25 49.530  0.98   1
   389286  37.289034 -121.668945     3.660     -174.6       33.9    -1240.0     12.8      9.1     28.0 1993 12 20 22 35  7.800  1.77   1
   391772  37.290210 -121.669320     4.282     -207.8      164.4     -618.4     14.1     10.3     23.9 1994  1 19  7 46 39.590  0.96   1
   391983  37.289933 -121.669482     4.361     -222.3      133.7     -539.0     12.2     10.2     22.4 1994  1 20  7 20 41.680  0.90   1
   399980  37.290157 -121.670199     3.607     -285.8      158.5    -1293.7     12.1      9.0     27.0 1994  4  6  4 11 34.960  1.38   1
   400563  37.285575 -121.666585     3.356       34.6     -350.0    -1543.9     11.7      8.2     32.6 1994  4 16 13 10 52.340  2.00   1
   401879  37.289827 -121.666390     5.742       52.0      121.9      841.8     18.7     12.4     32.5 1994  5  8 23  4 53.240  1.61   1
 30049085  37.288025 -121.665479     5.684      132.8      -78.1      783.6     18.1     11.1     36.5 1994  5 13 11 15 14.850  1.56   1
 30051942  37.290869 -121.667790     5.720      -72.2      237.5      819.5     17.0      9.5     35.5 1994  6 30 14 25 51.030  1.83   1
 30051943  37.291919 -121.668962     5.728     -176.1      354.0      828.1     16.7      9.1     35.1 1994  6 30 14 29 15.060  1.38   1
 30054274  37.293380 -121.673299     3.778     -560.7      516.2    -1122.4     12.6     11.2     36.3 1994  8  4 17 19  8.160  1.37   1
 30057908  37.285730 -121.663835     5.779      278.6     -332.8      878.8     17.7     12.5     33.6 1994  9 17 17 57  1.520  2.38   1
 30058785  37.285885 -121.664046     5.694      259.8     -315.7      793.3     18.9     12.2     32.3 1994  9 25 23  4 28.000  2.36   1
 30062741  37.289941 -121.669914     3.608     -260.5      134.6    -1291.8     14.9     12.1     30.1 1994 11 16 16 50 58.150  2.01   1
 30062748  37.289986 -121.669580     3.821     -230.9      139.5    -1079.0     13.0      9.7     27.2 1994 11 16 18  3 42.360  1.27   1
 30069218  37.288708 -121.668807     3.959     -162.4       -2.3     -940.9     12.4      7.4     22.5 1995  3  3  9 38 49.200  1.20   1
 30069222  37.288892 -121.669263     3.897     -202.8       18.1    -1003.3     11.2      7.5     21.7 1995  3  3 12 30 15.850  1.75   1
 30069457  37.289030 -121.668921     3.621     -172.5       33.4    -1278.8     17.1     13.6     30.6 1995  3  7 13 19 41.960  1.26   1
 30071053  37.285803 -121.663029     6.021      350.0     -324.7     1120.6     18.4     12.1     34.9 1995  4  5  7 55 21.350  2.80   1
 30072363  37.284867 -121.662158     5.721      427.2     -428.6      821.0     18.6     11.5     35.5 1995  4 26 17 54  9.660  1.14   1
 30073191  37.291589 -121.671460     3.844     -397.6      317.5    -1055.8     13.3     11.9     32.4 1995  5 14 11 18 47.000  1.02   1
 30074975  37.290137 -121.669556     4.200     -228.8      156.3     -699.9     20.3     17.8     30.9 1995  6 15 22 23  1.320  1.34   1
 30076454  37.290967 -121.671012     4.224     -357.9      248.4     -676.7     21.3     12.6     47.9 1995  7  4 11 20 49.790  2.65   1
 30077970  37.288114 -121.666097     5.668       77.9      -68.2      768.1     17.7     10.3     36.1 1995  7 24  8 37 43.620  1.26   1
 30090632  37.287549 -121.667350     3.722      -33.2     -131.0    -1178.7     13.0     11.2     30.8 1995 11 25 19 22  6.180  2.56   1
 30091051  37.287679 -121.665511     5.704      129.9     -116.5      803.5     20.0     13.7     42.0 1995 12  2  1 12 15.750  1.40   1
 30092060  37.289058 -121.669238     3.719     -200.6       36.6    -1181.4     11.1      7.4     20.8 1995 12 15 18 53 39.820  1.82   1
 30107700  37.293469 -121.673169     3.695     -549.1      526.1    -1205.5     12.6     11.4     36.8 1996  5 30 18 47 12.480  1.35   1
   478138  37.289335 -121.669629     3.804     -235.3       67.3    -1096.7     11.8      8.7     23.1 1996  9  2 20 27  0.360  1.99   1
   478141  37.290263 -121.670101     3.682     -277.1      170.3    -1218.3     13.6     19.2     62.5 1996  9  2 20 36  3.960  1.38   1
   478159  37.289071 -121.668595     4.538     -143.6       37.9     -362.7     13.0      9.7     24.5 1996  9  3  0  2  4.940  1.17   1
   482382  37.285116 -121.662166     5.745      426.5     -401.0      844.9     19.2     12.5     37.0 1996 10 19  4 32 38.790  1.30   1
   483500  37.288021 -121.665877     5.713       97.4      -78.6      813.2     21.8     12.9     42.8 1996 11  2 12 22 52.340  2.29   1
   485145  37.285592 -121.666536     3.351       39.0     -348.2    -1549.2     12.0      8.6     34.0 1996 11 20 12 25 42.190  1.93   1
   502047  37.289799 -121.665747     6.308      109.0      118.8     1407.8     19.6     12.1     38.5 1997  4 20 17  8  1.560  1.79   1
   522670  37.286536 -121.664535     6.084      216.5     -243.4     1184.1     18.6     12.2     38.7 1997  9 26 19 58  2.480  3.09   1
   523141  37.289754 -121.666968     5.772        0.7      113.8      871.8     17.1      9.4     34.4 1997  9 29  3  7 46.980  1.55   1
   529274  37.288615 -121.669303     3.667     -206.4      -12.6    -1233.7     11.8      7.5     21.7 1997 10 28 12  1 44.750  1.61   1
