    16484  37.286019 -121.663794     6.190      282.2     -300.8     1289.6     95.6     60.3    201.3 1984  4 24 21 20 23.480  3.57   1
    16527  37.286137 -121.664510     5.831      218.7     -287.7      930.8     92.1     71.2    196.7 1984  4 24 21 23 39.960  3.54   1
    17496  37.291337 -121.665820     6.405      102.5      289.5     1504.6     99.5     76.9    231.2 1984  4 25  0  4 49.440  1.23   1
    16521  37.286682 -121.667155     3.910      -15.9     -227.2     -989.8    110.8     62.5    162.4 1984  4 25  4 16 53.440  3.00   1
    17842  37.289201 -121.668058     3.567      -96.0       52.4    -1333.5    111.1     84.6    208.4 1984  4 25  4 35 19.170  1.90   1
    16635  37.294320 -121.670068     5.882     -274.2      620.5      982.0     98.7     85.4    196.6 1984  4 25  7 22 22.290  1.40   1
    16576  37.287162 -121.662744     5.739      375.3     -173.9      838.9    108.5     80.6    215.3 1984  4 25 14  6 57.560  1.62   1
    17929  37.289559 -121.666178     5.197       70.7       92.1      296.4     91.4     86.2    238.3 1984  4 25 22 14 23.140  1.80   1
    16659  37.289840 -121.665462     6.319      134.2      123.3     1418.7     95.2     74.5    220.7 1984  4 26  8 54 51.420  1.52   1
    16701  37.291597 -121.665771     5.963      106.8      318.4     1062.7     80.8     83.6    213.3 1984  4 26 17 22 44.280  1.57   1
    18075  37.289001 -121.668123     4.018     -101.7       30.3     -882.4    113.5     86.3    163.3 1984  4 26 20 11 12.520  1.17   1
    16751  37.291829 -121.671541     3.516     -404.8      344.1    -1383.9    130.6    127.9    307.7 1984  4 27  7 48 23.500  0.97   1
    16766  37.287748 -121.666040     5.694       83.0     -108.8      793.7     89.6     74.7    210.1 1984  4 27 11  8  9.220  1.31   1
    16802  37.286271 -121.664258     6.397      241.0     -272.8     1496.9    143.9    117.2    240.6 1984  4 27 19  3 15.040  1.31   1
    16821  37.284688 -121.662345     5.885      410.6     -448.4      984.8    107.2     83.5    206.7 1984  4 28  0  4 31.210  0.83   1
    16827  37.284359 -121.660555     5.403      569.4     -485.0      503.0    108.3     92.6    229.6 1984  4 28  1 43 47.850  1.21   1
    16838  37.294149 -121.669849     5.788     -254.7      601.5      888.0    114.2     88.2    220.1 1984  4 28  3 54 12.200  1.39   1
    16841  37.286995 -121.664111     4.491      254.0     -192.4     -409.8    125.5    112.4    184.2 1984  4 28  4 43 26.310  1.47   1
    19159  37.290800 -121.665820     6.044      102.5      229.9     1143.4     85.8     79.5    211.2 1984  4 28 16 12 43.750  2.09   1
    16885  37.289111 -121.664583     6.314      212.2       42.4     1413.8     96.8     75.8    214.5 1984  4 28 18 53 49.960  2.18   1
    16911  37.289714 -121.665910     5.886       94.5      109.3      985.7    116.1    137.4    321.0 1984  4 29  2 29 16.340  1.27   1
    17074  37.289986 -121.664958     6.200      179.0      139.5     1299.5     98.2     66.8    230.0 1984  4 30 14 46  1.740  1.59   1
    17272  37.289482 -121.666040     5.732       83.0       83.5      831.4     85.4     82.6    210.7 1984  5  2  7 34 17.770  1.65   1
    17294  37.293091 -121.672331     3.736     -474.8      484.1    -1164.7    132.3    109.1    332.3 1984  5  2 14 32 55.730  1.70   1
    17356  37.285527 -121.665983     3.010       88.0     -355.4    -1890.6    111.5     78.4    204.0 1984  5  2 22 58 42.360  1.77   1
    17669  37.286991 -121.663672     6.309      293.0     -192.8     1408.2    103.9     83.6    221.9 1984  5  3 23 10 52.920  1.04   1
    17723  37.285490 -121.663029     6.100      350.0     -359.5     1199.6    104.4     76.1    222.9 1984  5  4 18 42 58.080  3.05   1
    17526  37.287691 -121.665283     5.728      150.1     -115.2      827.8    100.5     82.0    208.6 1984  5  5  3 31 54.930  2.45   1
    17779  37.285510 -121.663550     5.775      303.8     -357.2      875.0     91.1     69.2    202.2 1984  5  7 14 27 20.420  2.85   1
    17794  37.284847 -121.662223     5.751      421.4     -430.8      850.4    101.6     86.1    212.5 1984  5  7 16 34 13.860  1.30   1
    17834  37.294470 -121.670312     5.923     -295.9      637.2     1022.3     90.5     90.9    246.1 1984  5  8  6 55  3.840  1.17   1
    18466  37.285079 -121.662052     5.821      436.6     -405.1      920.5    118.9    121.7    251.8 1984  5 15  1 42 21.350  1.18   1
    18608  37.291333 -121.666756     6.328       19.5      289.0     1427.7     85.4     73.9    198.9 1984  5 16 17  9 28.700  2.32   1
    18708  37.289437 -121.667293     6.000      -28.1       78.6     1099.6     78.5     72.2    206.8 1984  5 17  8 43  3.370  3.32   1
    18857  37.284428 -121.661882     5.809      451.8     -477.3      909.0    114.5     86.8    215.9 1984  5 19  4 20 31.710  0.74   1
    19686  37.290332 -121.669222     4.312     -199.2      177.9     -588.2    111.0     83.4    157.2 1984  5 29 23 53  6.840  0.99   1
    19720  37.289762 -121.665356     6.582      143.6      114.7     1681.5    105.5     82.1    215.1 1984  5 30 12 38 10.840  3.00   1
    19745  37.291309 -121.666447     6.830       46.9      286.3     1929.4    109.3     85.9    254.3 1984  5 30 17  5  4.160  0.80   1
    19776  37.287052 -121.665755     4.631      108.2     -186.1     -269.3    115.3     92.1    227.7 1984  5 31  1 43 34.410  1.22   1
    19860  37.289876 -121.666715     5.852       23.1      127.3      951.6     83.9     77.4    199.9 1984  6  1  3 27 26.880  1.58   1
    19888  37.293677 -121.671704     5.839     -419.3      549.1      938.3    107.2    128.6    250.2 1984  6  1  9  7  7.310  1.08   1
    19992  37.286930 -121.664941     5.882      180.4     -199.6      982.2    106.2     81.6    210.7 1984  6  2 17 32  6.480  2.92   1
    20113  37.284412 -121.662687     5.606      380.3     -479.1      706.0    107.3     80.3    223.8 1984  6  4 16 23 29.800  1.15   1
    20328  37.292562 -121.668050     6.662      -95.3      425.4     1761.8    104.1     89.2    247.6 1984  6  5 23 51 14.920  0.93   1
    20622  37.288000 -121.667082     6.571       -9.4      -80.8     1670.7    114.4     84.3    218.4 1984  6 11  4 58 46.580  1.48   1
    20978  37.285689 -121.662915     6.123      360.1     -337.3     1222.2     97.2     67.2    203.1 1984  6 16  3 50 27.150  3.13   1
    21561  37.287073 -121.663086     6.479      344.9     -183.8     1578.6    102.0     71.5    215.8 1984  6 26  7 13 18.280  0.80   1
    21644  37.291435 -121.670703     3.784     -330.5      300.3    -1115.9    114.0     96.4    192.5 1984  6 27 14 50 38.140  1.59   1
    22144  37.285819 -121.664950     4.549      179.7     -322.9     -351.6    109.9     98.7    131.6 1984  7  5 12 49 57.720  1.28   1
    22165  37.288554 -121.667244     4.155      -23.8      -19.4     -745.5    111.6     79.1    138.5 1984  7  5 17  6 28.740  0.96   1
    22271  37.290735 -121.671126     4.002     -368.0      222.6     -898.5    110.6     69.5    147.2 1984  7  7  0 17  9.970  2.67   1
    22280  37.289429 -121.669491     3.563     -223.0       77.7    -1337.2    117.7     76.5    200.8 1984  7  7  2 35  4.060  1.53   1
    23190  37.289514 -121.669491     3.727     -223.0       87.2    -1173.8    109.8     85.4    131.6 1984  7 17 16 24 49.440  1.85   1
    23195  37.287634 -121.665918     5.832       93.8     -121.5      931.7     97.1     77.3    208.2 1984  7 17 17 53  4.200  2.33   1
    24519  37.288733 -121.669393     3.751     -214.3        0.5    -1149.3    115.2     82.9    184.9 1984  7 30 14 16 49.060  2.31   1
    24674  37.289665 -121.666333     5.728       57.0      103.9      827.8     84.8     78.8    207.1 1984  8  1 12 29 16.890  1.64   1
    25096  37.290247 -121.670256     3.518     -290.8      168.4    -1381.9    122.0     84.1    211.7 1984  8  7  9  7  6.330  1.17   1
    25305  37.289848 -121.669295     4.178     -205.7      124.2     -722.2    115.8    127.1    263.7 1984  8 10  7  4  4.200  0.95   1
    25937  37.284172 -121.660921     6.110      536.9     -505.8     1209.4     93.1     72.6    217.8 1984  8 19 20 27 32.960  0.69   1
    26238  37.290454 -121.671476     3.956     -399.1      191.5     -944.0    132.1    103.5    387.4 1984  8 25  0 19 18.360  0.72   1
    27421  37.285173 -121.662248     5.945      419.3     -394.7     1044.6    104.4     78.7    213.4 1984  9  6 16 33 41.640  1.41   1
    27683  37.285754 -121.663883     5.682      274.2     -330.1      781.2    114.4     89.1    216.0 1984  9 10 16 24 47.130  2.39   1
    27684  37.285286 -121.663867     4.117      275.7     -382.0     -782.8    100.3    102.9    221.6 1984  9 10 16 33 36.940  1.79   1
    27721  37.284741 -121.662785     6.069      371.7     -442.6     1168.9    109.1     82.9    245.5 1984  9 11  8 13 54.330  0.83   1
    27722  37.287960 -121.665771     5.584      106.8      -85.4      684.1     91.3     72.8    212.7 1984  9 11  9 29 23.690  1.78   1
    27724  37.289925 -121.665080     6.338      168.1      132.8     1437.4    113.5     74.6    255.7 1984  9 11 10 26  8.190  1.55   1
    28475  37.292362 -121.671134     3.593     -368.7      403.3    -1307.3    153.9    142.4    331.0 1984  9 23  8 43 14.720  1.07   1
    29752  37.285331 -121.666252     3.268       64.2     -377.1    -1632.8    112.0     80.2    192.9 1984 10 10  7 11 54.160  1.90   1
    29901  37.291101 -121.667472     5.301      -44.0      263.3      400.7    106.5     90.1    214.9 1984 10 12  7 13 23.200  1.21   1
    30009  37.291077 -121.668530     5.484     -137.8      260.6      583.3     78.2     73.4    211.8 1984 10 13 17 32 47.840  1.83   1
    30159  37.290068 -121.669686     4.228     -240.3      148.6     -671.9    115.7     88.1    181.1 1984 10 17 11 39  4.900  0.89   1
    30929  37.291353 -121.669043     5.699     -183.3      291.3      798.2     86.5     76.9    198.6 1984 10 30  2 49 48.600  1.41   1
    31031  37.286788 -121.664209     5.963      245.4     -215.4     1062.7     88.8     64.4    203.0 1984 10 31  3  5 11.660  2.89   1
    31037  37.286161 -121.662956     6.039      356.5     -285.0     1139.2    101.8     73.8    241.6 1984 10 31 15 28 48.300  0.79   1
    31068  37.284436 -121.662028     5.869      438.8     -476.4      968.9     97.8     85.7    187.6 1984 11  1  5 22 45.950  0.79   1
    31844  37.285388 -121.665739     4.637      109.7     -370.8     -263.5    115.0    107.2    133.0 1984 11 13 11 59  9.360  1.31   1
    32049  37.289054 -121.669499     3.589     -223.7       36.1    -1311.3    111.8     80.8    215.1 1984 11 18  0 28 55.240  1.69   1
    32676  37.285506 -121.662948     6.137      357.2     -357.7     1236.9     97.1     69.0    201.8 1984 11 28 11 54 37.810  2.94   1
    35929  37.287410 -121.665462     5.664      134.2     -146.3      763.7    102.2     83.6    215.3 1984 12  1  8  9 13.540  1.74   1
    33786  37.286564 -121.665535     4.513      127.7     -240.2     -387.1    112.6    105.8    140.1 1984 12 10  7 45 41.770  1.43   1
    34527  37.290002 -121.667277     5.802      -26.7      141.3      901.4     87.2     76.8    192.4 1984 12 15 10 28 17.680  1.61   1
    34841  37.284660 -121.661800     5.433      459.0     -451.6      533.0    123.0    101.8    258.9 1984 12 19  8 29 34.630  1.35   1
    35109  37.290690 -121.670654     3.769     -326.2      217.7    -1130.8    109.0     80.5    138.8 1984 12 22  4 43 44.710  1.60   1
    38148  37.286959 -121.667554     4.098      -51.2     -196.4     -802.0    107.4     78.4    133.1 1985  1 19 11 56 37.340  2.49   1
    39944  37.290824 -121.668669     5.571     -150.1      232.6      670.3     80.3     80.3    209.9 1985  2  5 11 42 49.820  2.05   1
    40913  37.289140 -121.665698     6.338      113.3       45.6     1437.9    101.3     72.4    221.0 1985  2 13 23 52 25.080  1.70   1
    41574  37.290072 -121.669409     4.182     -215.8      149.0     -718.5    108.6     95.9    140.9 1985  2 16 20 53  7.160  1.20   1
    42349  37.288635 -121.667920     3.749      -83.7      -10.4    -1151.6    111.7     84.8    182.7 1985  2 28  1  9 58.300  0.84   1
    42555  37.288749 -121.668734     3.774     -155.9        2.3    -1126.4    112.0     76.6    169.1 1985  3  2  6 53 56.010  1.74   1
    42559  37.289856 -121.669816     3.680     -251.8      125.1    -1220.2    106.2     81.0    150.2 1985  3  2  8 55  3.470  1.91   1
    42643  37.289038 -121.669157     3.722     -193.4       34.3    -1177.9    104.9     82.6    171.3 1985  3  2  8 55 29.590  2.08   1
    42560  37.289848 -121.670329     3.622     -297.3      124.2    -1277.9    107.4     87.0    200.5 1985  3  2  8 58  0.480  1.22   1
    43546  37.289140 -121.667139     6.287      -14.4       45.6     1386.5     97.0     65.0    233.4 1985  3 12  4  3 59.980  3.24   1
    43580  37.289966 -121.666854     5.649       10.8      137.3      748.7     83.7     81.9    194.3 1985  3 12  4  4 51.800  2.04   1
    44335  37.285608 -121.664006     5.874      263.4     -346.4      973.6    105.3     75.4    211.2 1985  3 20  4 57 39.190  2.56   1
    44729  37.288745 -121.665877     4.844       97.4        1.8      -56.1    186.8    188.0    345.9 1985  3 26 11 50 46.600  1.26   1
    45835  37.287512 -121.665096     6.230      166.7     -135.0     1329.6    120.6     86.7    223.6 1985  4 10 18 45 20.620  1.07   1
    46041  37.294588 -121.670565     5.992     -318.2      650.3     1091.3     96.0     91.8    243.0 1985  4 13 14  1 53.470  1.16   1
    47288  37.284900 -121.666130     2.468       75.1     -424.9    -2432.5    117.3    116.4    628.0 1985  5  5 16 50  5.800  0.94   1
    49151  37.285811 -121.666113     3.327       76.5     -323.8    -1572.8    115.3     88.4    193.1 1985  6  8  4 58 49.900  0.64   1
    49626  37.291882 -121.670972     3.758     -354.3      350.0    -1142.5    127.4    109.7    319.1 1985  6 15  1 38 57.380  0.94   1
    49633  37.286060 -121.665601     4.389      122.0     -296.2     -511.2    107.4     95.3    133.8 1985  6 16  5 24 54.700  1.29   1
    50591  37.287642 -121.666919     3.594        5.1     -120.6    -1306.4    113.5     91.2    152.5 1985  7  4  3  6  5.160  1.06   1
    51288  37.287122 -121.667847     3.374      -77.2     -178.4    -1525.8    112.8     88.1    185.8 1985  7 17 13 58 38.250  1.02   1
    51325  37.285986 -121.663216     5.491      333.4     -304.4      590.6    106.7     90.9    222.3 1985  7 17 23 39 58.840  1.89   1
    51378  37.284810 -121.661702     5.962      467.6     -434.9     1061.9     94.1     87.5    227.3 1985  7 18 23 42  1.800  0.97   1
    51398  37.290247 -121.669531     4.266     -226.6      168.4     -634.6    111.9     85.0    144.4 1985  7 19  9 58 16.960  0.97   1
    52580  37.290727 -121.665926     5.727       93.1      221.7      826.7     80.1     84.4    210.5 1985  8  9 11 45  2.020  1.60   1
    54084  37.289583 -121.669938     3.605     -262.7       94.8    -1294.9    108.4     78.0    187.3 1985  8 28 20 35 10.100  1.58   1
    57271  37.293599 -121.673307     3.780     -561.4      540.6    -1119.9    132.0    117.1    325.8 1985 10 19 16 33 20.030  1.38   1
    57273  37.293201 -121.673641     3.791     -591.0      496.3    -1109.4    129.2    112.3    322.7 1985 10 19 17 35 48.940  1.66   1
    57770  37.290299 -121.671460     3.403     -397.6      174.3    -1497.6    122.3     92.5    219.5 1985 10 28  3 55 38.130  1.31   1
    58027  37.291024 -121.668115     5.618     -101.0      254.7      717.8     81.5     81.5    216.2 1985 10 31 23 53 38.440  1.96   1
    58028  37.291976 -121.667879     5.421      -80.1      360.4      521.0     80.8     79.7    218.7 1985 10 31 23 55 40.960  1.46   1
    58676  37.290348 -121.666227     6.115       66.4      179.7     1215.1     97.0     66.1    226.1 1985 11  9 23 12 11.080  1.88   1
    59070  37.286755 -121.664689     5.673      202.8     -219.0      772.9     95.7     83.3    211.9 1985 11 14  9 21  5.080  0.97   1
    61248  37.284819 -121.662142     5.417      428.7     -434.0      516.9    110.5     87.3    238.0 1985 12 12  7 33 37.950  1.16   1
    61462  37.288542 -121.668172     4.210     -106.1      -20.8     -690.1    109.7     78.8    158.5 1985 12 14 18 25 45.080  1.09   1
    61809  37.290206 -121.669002     4.262     -179.7      163.9     -638.5    117.1     98.1    176.6 1985 12 19  0  2 10.460  0.97   1
    62142  37.290796 -121.668734     5.046     -155.9      229.4      145.4    122.9    111.1    194.7 1985 12 24 21 18 58.720  0.89   1
    62514  37.288814 -121.668636     3.775     -147.2        9.5    -1125.5    108.4     79.3    183.2 1985 12 31 15 50 52.230  1.74   1
    62520  37.289079 -121.669360     3.412     -211.4       38.8    -1488.2    125.8     98.0    221.4 1985 12 31 18  3  3.480  1.62   1
    65047  37.286743 -121.665641     4.634      118.3     -220.4     -266.7    113.3    105.3    141.5 1986  1 30  3 31 43.810  1.30   1
    65406  37.285221 -121.662769     6.060      373.1     -389.3     1159.9     93.8     72.3    229.7 1986  2  2  8 26 42.650  1.18   1
    66346  37.285661 -121.667407     3.191      -38.2     -340.5    -1709.2    110.5     71.1    178.9 1986  2 11 10 37 16.920  1.40   1
    66201  37.285970 -121.666992     3.067       -1.4     -306.2    -1832.9    112.9     76.3    202.9 1986  2 11 11 50  0.620  1.50   1
    67820  37.290987 -121.671574     3.714     -407.7      250.6    -1186.4    133.9     96.8    225.0 1986  3  8 10 32  4.410  1.63   1
    67803  37.285889 -121.664681     4.349      203.5     -315.2     -551.7    107.3     72.9    127.6 1986  3  9 18 55 22.760  1.42   1
    70356  37.285689 -121.663989     6.035      264.8     -337.3     1134.8     95.0     62.9    202.4 1986  4  4 10 16 40.970  3.19   1
    70373  37.287378 -121.665592     5.736      122.7     -149.9      835.5    105.2     83.5    208.4 1986  4  4 10 17 30.150  2.37   1
    70083  37.285156 -121.662476     6.082      399.1     -396.5     1181.8    100.0     72.2    224.2 1986  4 12  7 13 35.460  1.00   1
    70826  37.294043 -121.670711     5.718     -331.2      589.8      817.8    109.1     88.6    201.6 1986  4 21  8 46 14.270  0.99   1
    73536  37.291117 -121.666691     5.731       25.3      265.1      830.7     77.8     80.3    206.7 1986  5 29  1 41 52.560  1.51   1
    73786  37.288949 -121.669645     3.327     -236.7       24.4    -1573.0    108.9     82.3    194.0 1986  6  1 10 51 31.460  1.21   1
    73850  37.289449 -121.666992     5.697       -1.4       79.9      796.4     88.8     78.6    212.5 1986  6  2  5  8 18.340  1.52   1
    76654  37.285811 -121.663338     6.074      322.6     -323.8     1174.0     95.7     67.8    203.4 1986  7 16 20 59  3.320  2.98   1
    76560  37.284208 -121.663745     6.200      286.5     -501.7     1299.4    101.8     79.5    220.7 1986  7 17  4 26  2.170  0.83   1
    77218  37.289718 -121.670215     3.785     -287.2      109.7    -1115.7    107.6     75.4    156.2 1986  7 25  9 22 50.290  2.26   1
    77283  37.289376 -121.669035     3.543     -182.6       71.8    -1357.7    113.7     76.5    189.2 1986  7 25  9 23  5.480  2.35   1
    77296  37.290959 -121.670728     3.635     -332.7      247.5    -1265.0    193.2    161.6    345.3 1986  7 25 16  1 52.100  1.15   1
    81016  37.291809 -121.671484     3.710     -399.8      341.9    -1190.7    138.8    101.5    295.8 1986  9  2  7 22  7.550  0.52   1
    81017  37.291577 -121.671769     3.790     -425.0      316.1    -1110.1    124.6     95.9    275.1 1986  9  2  7 24 15.870  0.83   1
    81735  37.287870 -121.666162     5.599       72.2      -95.3      698.7    100.3     76.7    208.2 1986  9  8 23  4 33.440  1.55   1
    82606  37.290735 -121.671053     4.043     -361.5      222.6     -856.9    112.7     83.7    162.2 1986  9 15 20 17 49.920  2.67   1
    83579  37.290039 -121.667782     5.059      -71.4      145.4      158.8    106.9    108.4    188.8 1986  9 22 19 39 11.020  0.83   1
    83805  37.290747 -121.670931     3.715     -350.7      224.0    -1184.4    108.5     83.9    161.9 1986  9 25 12  1 52.830  1.36   1
    85194  37.287020 -121.667594     4.120      -54.8     -189.7     -779.9    108.5     98.9    138.8 1986 10  9  2  6 22.720  2.95   1
    85669  37.285836 -121.666911     3.044        5.8     -321.1    -1856.3    111.7     75.3    202.8 1986 10 14 15 13 49.290  1.43   1
    87103  37.288318 -121.667871     3.979      -79.4      -45.6     -921.5    109.8     73.4    138.5 1986 11  3  8 20 28.780  0.94   1
    87964  37.284631 -121.662101     5.690      432.3     -454.8      790.2    110.4     75.0    221.3 1986 11 14 11 55 11.210  0.96   1
    88698  37.291455 -121.670565     4.322     -318.2      302.6     -578.2    128.8    118.8    438.9 1986 11 25 13  0 35.660  1.01   1
    90036  37.289771 -121.668970     4.117     -176.8      115.6     -783.7    134.6    123.3    282.9 1986 12 12 17 46 44.360  0.64   1
    90485  37.290096 -121.669556     4.197     -228.8      151.7     -703.1    112.1     71.8    157.5 1986 12 18  2  5 30.480  1.09   1
    93248  37.289294 -121.670142     3.747     -280.7       62.8    -1152.9    132.6     87.8    223.7 1987  1 26 13 47 46.830  2.35   1
    95188  37.285246 -121.662410     6.091      404.8     -386.6     1190.4     97.4     66.1    215.5 1987  2 21  7 40 45.210  1.18   1
    95317  37.285103 -121.661938     6.596      446.7     -402.4     1695.5     98.8     81.3    207.9 1987  2 23 17  5  2.320  0.91   1
    97576  37.290304 -121.669360     4.911     -211.4      174.8       10.3    109.5     92.4    195.0 1987  3 29 10  2  1.050  0.79   1
    98812  37.288334 -121.668644     4.097     -147.9      -43.8     -803.7    108.1     62.2    137.9 1987  4 17 16 13 47.300  1.18   1
   101361  37.289555 -121.669572     4.082     -230.2       91.7     -818.0    106.0     64.5    126.5 1987  6  3  6 56  7.740  1.92   1
   101362  37.288831 -121.669629     3.772     -235.3       11.3    -1128.1    109.1     71.0    159.6 1987  6  3  6 58 51.320  1.74   1
   101659  37.287594 -121.665706     5.814      112.6     -126.0      913.3     93.3     77.7    200.3 1987  6  9  2  2 39.460  2.37   1
   102139  37.287524 -121.666626     3.468       31.0     -133.7    -1432.5    113.1     78.7    173.8 1987  6 20 16 35 35.960  0.82   1
   102776  37.291744 -121.671257     3.650     -379.6      334.6    -1250.7    137.8    120.7    299.5 1987  7  7  1 44 26.990  1.01   1
   103138  37.289327 -121.669328     3.642     -208.6       66.4    -1257.0    109.6     84.7    166.6 1987  7 14 19  2 57.020  1.72   1
   103702  37.290169 -121.667383     5.732      -36.1      159.9      832.1     78.9     75.2    191.0 1987  7 28  7  4 28.800  1.51   1
   103833  37.290820 -121.668644     5.851     -147.9      232.1      950.8     75.9     72.3    198.0 1987  8  1  1 40 41.980  1.94   1
   105327  37.287480 -121.668050     3.860      -95.3     -138.6    -1040.2    102.3     55.1    135.7 1987  9  4 10 31 17.310  1.74   1
   105800  37.289091 -121.666382     5.727       52.7       40.2      827.0     97.8     91.6    206.5 1987  9 14 23  7 17.840  0.83   1
   106343  37.290108 -121.668840     4.840     -165.3      153.1      -60.1    108.9    105.1    216.2 1987  9 27  7 19 34.920  0.75   1
   106370  37.289217 -121.668433     4.537     -129.2       54.2     -363.0    105.1     98.6    161.6 1987  9 27  8 23 11.780  0.96   1
   106462  37.288314 -121.667277     4.210      -26.7      -46.1     -690.0    104.7     59.5    134.3 1987  9 29  4 47  3.550  0.92   1
   107299  37.285693 -121.663444     5.948      313.2     -336.9     1047.8     95.2     61.8    205.2 1987 10 17  9 43 42.990  1.55   1
   107927  37.289307 -121.667017     6.329       -3.6       64.1     1428.2     99.0     66.6    217.7 1987 11  1 22 11 13.060  3.15   1
   107902  37.290210 -121.666870     5.793        9.4      164.4      892.2     84.7     73.3    192.9 1987 11  1 22 13 47.560  1.56   1
   107906  37.288009 -121.665967     5.766       89.5      -79.9      866.0     95.1     76.0    207.2 1987 11  2  3  6 28.290  1.52   1
   108512  37.285653 -121.667090     3.309      -10.1     -341.4    -1591.5    112.6     82.7    195.3 1987 11 16 23 19  9.000  1.98   1
   109132  37.289986 -121.669271     4.476     -203.5      139.5     -424.2    107.5     90.6    151.5 1987 11 27  4  7 50.420  0.67   1
   110939  37.290519 -121.671232     3.379     -377.4      198.7    -1521.3    119.6    104.6    248.9 1988  1 15  1 56 42.310  1.39   1
   112178  37.286528 -121.662467     6.820      399.8     -244.3     1919.6    113.0     94.2    228.6 1988  2 10 20 13  1.200  0.94   1
   112230  37.285539 -121.665649     4.427      117.6     -354.0     -473.6    102.1    100.1    218.3 1988  2 13  4 54 35.870  1.36   1
   112868  37.291593 -121.671289     4.493     -382.5      317.9     -407.6    112.7     82.8    164.2 1988  2 25 10  0 17.780  0.92   1
   113569  37.291268 -121.666162     6.051       72.2      281.8     1150.3     83.8     76.0    215.3 1988  3  9  2  8 11.840  1.40   1
   114006  37.285925 -121.664022     5.924      262.0     -311.1     1024.2     94.6     61.8    190.6 1988  3 16 23 10  6.640  2.45   1
   115994  37.291064 -121.668408     5.845     -127.0      259.2      944.6     77.2     72.4    195.5 1988  4 21  4 42 14.550  1.94   1
   115996  37.291471 -121.668807     5.825     -162.4      304.4      924.4     84.1     76.0    189.7 1988  4 21  4 48 47.890  0.84   1
   116401  37.289136 -121.664575     6.203      212.9       45.2     1302.5     96.0     71.4    215.0 1988  4 29  7 29 57.200  1.68   1
   116406  37.289506 -121.665601     6.439      122.0       86.3     1538.8     79.7     71.5    189.4 1988  4 29  7 47 21.590  1.99   1
   117175  37.289974 -121.667367     5.793      -34.6      138.2      892.5     78.7     71.9    192.2 1988  5 13 17 17 30.760  1.52   1
   119615  37.290051 -121.665544     6.489      127.0      146.8     1589.1    103.7     77.8    214.3 1988  6 27  4 18 37.320  2.52   1
   119610  37.290035 -121.666382     6.495       52.7      145.0     1594.3    101.0     68.7    215.2 1988  6 27  4 18 52.410  2.72   1
   119763  37.290169 -121.669100     4.080     -188.3      159.9     -819.6    107.8     86.8    127.3 1988  6 30 23 52 27.360  0.97   1
   119888  37.285091 -121.662061     6.341      435.9     -403.7     1441.0     99.3     92.3    247.9 1988  7  5  5  2 33.820  0.83   1
   120788  37.290515 -121.670923     3.856     -350.0      198.2    -1044.6    107.6     78.1    158.1 1988  7 23 10 42 21.740  1.53   1
   120974  37.289962 -121.668799     4.164     -161.6      136.8     -736.0    121.3     92.3    164.3 1988  7 26 18  9 59.220  0.80   1
   126189  37.289339 -121.670296     3.794     -294.4       67.7    -1106.3    108.0     71.9    159.1 1988 11  2  3  9 12.610  1.93   1
   126292  37.288961 -121.669255     3.791     -202.1       25.7    -1108.9    108.9     78.7    163.1 1988 11  3  1 30  4.280  1.71   1
   126389  37.288550 -121.669368     4.058     -212.2      -19.9     -842.2    105.7     65.5    147.0 1988 11  4 13 34 34.720  1.87   1
   126560  37.285034 -121.662467     5.678      399.8     -410.0      777.7    107.3     77.3    220.5 1988 11  7 17 51 17.980  1.24   1
   126901  37.285608 -121.666496     3.267       42.6     -346.4    -1632.9    111.7     79.1    189.5 1988 11 12 18 11 57.680  1.07   1
   129454  37.286780 -121.661914     6.803      448.9     -216.3     1902.3    104.7     75.4    195.4 1988 12 30 23 53 29.880  1.74   1
   129428  37.286414 -121.662109     6.892      431.5     -257.0     1991.6    111.7     89.2    220.9 1988 12 30 23 54 24.000  4.30   1
   129887  37.290023 -121.669409     4.227     -215.8      143.6     -673.1    113.0     81.1    152.9 1989  1 13 10  9  6.070  0.94   1
   131766  37.289185 -121.665063     6.529      169.6       50.6     1629.1    103.4     72.6    211.6 1989  2 22 14 10 28.230  1.79   1
   132424  37.287354 -121.667773     4.046      -70.7     -152.6     -854.2    108.0     63.2    148.9 1989  3  7 15  3 21.870  2.62   1
   132469  37.285347 -121.662467     6.024      399.8     -375.3     1124.0     97.8     70.0    226.6 1989  3  8 14 47  1.080  1.40   1
   132715  37.285018 -121.662598     6.115      388.2     -411.9     1215.0     91.5     66.4    229.2 1989  3 12  7 15 43.550  0.81   1
   139260  37.289856 -121.668441     4.190     -129.9      125.1     -710.6    116.4     75.6    209.9 1989  7  1  1 11 28.510  0.96   1
   140151  37.286934 -121.663232     6.582      332.0     -199.2     1681.8    108.7     82.1    205.6 1989  7 16 21 54  2.440  1.65   1
   140303  37.286031 -121.666781     3.310       17.3     -299.4    -1590.0    112.3     80.7    189.5 1989  7 19  8 51 59.540  1.28   1
   142196  37.288200 -121.667139     4.508      -14.4      -58.7     -392.5    110.5    107.6    154.4 1989  8 14  4  7  9.360  1.25   1
   144026  37.284908 -121.662476     5.974      399.1     -424.0     1073.3    116.2     85.4    242.1 1989  9 14 10 35 38.140  0.87   1
   144648  37.287520 -121.665365     5.737      142.9     -134.1      836.5     97.2     79.6    209.9 1989  9 26 17  2  0.820  0.92   1
   144843  37.291016 -121.668498     5.808     -134.9      253.8      907.9     78.0     76.0    190.9 1989 10  1 18 21 45.920  1.78   1
   148939  37.288647 -121.668254     3.616     -113.3       -9.0    -1284.6    109.6     71.9    172.5 1989 12 13  5 33 46.080  1.60   1
   149804  37.293009 -121.672729     3.546     -510.2      475.1    -1354.0    130.8    116.2    299.0 1989 12 30  6 19 29.350  1.59   1
   150901  37.286723 -121.665967     4.567       89.5     -222.6     -333.6    111.8    106.8    142.7 1990  1 19  9 24  8.400  1.24   1
   151583  37.285620 -121.667285     3.139      -27.4     -345.0    -1761.8    112.0     83.1    200.1 1990  1 31  5  8 47.310  1.38   1
   153849  37.284688 -121.661979     5.687      443.1     -448.4      787.0    108.7     89.6    211.7 1990  3  6 23  9 12.960  0.83   1
   154124  37.287602 -121.664559     5.875      214.3     -125.1      974.8     89.4     71.4    196.3 1990  3 11 11 52 34.830  2.34   1
   155780  37.285685 -121.666772     3.295       18.0     -337.8    -1605.3    110.6     78.8    187.9 1990  4 11  5 35 19.420  1.33   1
   157462  37.285889 -121.663892     5.911      273.5     -315.2     1010.5    101.7     66.7    199.6 1990  5 10 16 43 48.520  3.18   1
   157486  37.284823 -121.662215     5.706      422.2     -433.5      805.6    112.0     96.2    230.1 1990  5 11 22 59 22.960  0.97   1
   157494  37.289827 -121.668986     4.170     -178.2      121.9     -730.5    108.1     85.8    142.8 1990  5 12  2 57 13.600  0.81   1
   157758  37.290352 -121.667586     5.786      -54.1      180.2      885.5     78.2     70.2    188.5 1990  5 16  4 10 37.430  1.59   1
   158154  37.291532 -121.671688     3.880     -417.8      311.1    -1020.3    128.3    120.9    274.8 1990  5 23 11 11 37.580  1.03   1
   158290  37.291862 -121.671509     3.819     -401.9      347.7    -1081.3    129.1    116.7    295.1 1990  5 23 16 30 36.550  0.82   1
 20091514  37.285616 -121.662703     6.436      378.9     -345.5     1535.9    105.2     85.8    199.4 1990  6 11  1 38 14.370  3.10   1
   159156  37.287614 -121.665202     5.919      157.3     -123.7     1018.4    133.4    114.4    211.7 1990  6 11  2 45 19.820  1.25   1
   160503  37.289974 -121.669466     3.883     -220.8      138.2    -1017.4    107.6     79.8    130.7 1990  7  5 20  4 42.800  1.71   1
   161358  37.290637 -121.669832     4.405     -253.3      211.8     -495.1    106.6     95.6    169.4 1990  7 20  5 51 45.700  0.96   1
 20092038  37.292110 -121.667318     6.768      -30.3      375.3     1867.9    106.9     72.6    210.8 1990  8 17  2 26 16.740  3.68   1
   163527  37.290833 -121.665788     6.255      105.4      233.5     1355.1     82.8     74.0    229.5 1990  9  1 17 25 25.320  0.96   1
   165437  37.290361 -121.667700     5.822      -64.2      181.1      922.0     79.3     73.3    192.7 1990 10 17  6 15 15.710  1.80   1
   204801  37.289884 -121.668262     4.374     -114.0      128.3     -526.3    143.7    122.5    310.8 1991  1 15 17 29 20.200  0.94   1
   205031  37.290523 -121.670581     3.521     -319.7      199.2    -1379.7    117.8     80.3    215.5 1991  1 20  5  0 30.930  1.17   1
   205737  37.287419 -121.666162     3.473       72.2     -145.4    -1427.5    118.9     91.3    182.7 1991  2  2  5 39  6.910  0.83   1
   206508  37.287472 -121.666732     3.690       21.6     -139.5    -1209.0    113.0     76.9    147.9 1991  2 13 19 31  5.060  1.22   1
   207043  37.288676 -121.669287     3.506     -204.9       -5.9    -1394.0    109.2     85.4    199.2 1991  2 22 15 51 34.750  2.28   1
   208364  37.291817 -121.671061     3.827     -362.3      342.8    -1073.5    115.3     95.4    158.1 1991  3 22 11 23 27.560  1.05   1
   208389  37.292004 -121.671509     3.852     -401.9      363.5    -1048.0    120.6     96.3    174.7 1991  3 22 11 34  4.350  0.81   1
   211885  37.285140 -121.662467     6.332      399.8     -398.3     1432.1    125.7    105.1    256.7 1991  5  4  6 30 12.620  0.94   1
   212119  37.285221 -121.662109     6.004      431.5     -389.3     1104.2    102.1     75.5    238.5 1991  5  9  0 14 24.910  1.22   1
   215747  37.288826 -121.670117     3.858     -278.5       10.8    -1042.6    109.0     68.9    155.2 1991  5 29  9 45 22.620  1.83   1
   220702  37.284623 -121.662183     5.673      425.1     -455.7      772.6    110.5     86.0    229.8 1991  6 22 16 36 38.560  1.21   1
   227435  37.290356 -121.669727     3.574     -243.9      180.6    -1326.0    112.7     80.6    188.2 1991  8 10 17  6  5.760  1.23   1
   227542  37.285307 -121.666561     3.347       36.8     -379.8    -1553.7    111.8     79.6    187.2 1991  8 12  9 56  3.630  1.43   1
   228484  37.288159 -121.665828     5.765      101.8      -63.2      865.0     91.8     72.4    207.2 1991  8 21 17  7 40.400  2.27   1
   229053  37.291125 -121.668652     5.706     -148.7      266.0      806.0     81.1     71.3    196.1 1991  8 28 14  4 22.080  2.05   1
   229871  37.290011 -121.668392     4.309     -125.6      142.3     -591.6    121.5     93.4    173.6 1991  9  6 16 39 27.620  0.93   1
   234881  37.285783 -121.666667     3.276       27.4     -327.0    -1624.0    110.7     78.5    189.0 1991 10 22 17  4 17.460  1.46   1
   238704  37.289958 -121.669116     3.755     -189.8      136.4    -1145.4    110.3     83.1    139.9 1991 12  3  5 24 24.980  2.01   1
   238790  37.289087 -121.669043     3.858     -183.3       39.7    -1041.9    110.2     73.5    146.6 1991 12  4  0  8 49.550  1.89   1
   238816  37.284973 -121.662166     6.217      426.5     -416.8     1317.0    100.0     78.0    205.5 1991 12  4 13 45 39.520  0.99   1
   241590  37.288387 -121.666089     5.756       78.7      -37.9      855.9     94.3     74.5    204.3 1991 12 23 12 33 19.250  1.22   1
   249781  37.290381 -121.666740     5.765       20.9      183.3      865.0     79.5     72.2    195.8 1992  2 10 12 31  5.020  1.61   1
   253921  37.285836 -121.666593     3.234       33.9     -321.1    -1666.2    111.3     80.2    186.3 1992  3  4 13 13  6.220  1.23   1
   261841  37.291630 -121.671533     3.601     -404.1      322.0    -1299.4    133.9    144.5    301.2 1992  4  6  9 39 49.410  0.92   1
   292015  37.286890 -121.667082     4.270       -9.4     -204.1     -630.4    112.3    107.2    150.9 1992  6  9 12 59 24.230  2.86   1
   303099  37.285726 -121.665234     4.789      154.4     -333.3     -111.2    118.8    110.7    152.8 1992  7  7  2 47 24.660  1.35   1
   304374  37.285706 -121.667179     3.273      -18.0     -335.5    -1627.1    114.0     83.9    193.7 1992  7 17  9 51 49.510  1.02   1
   312743  37.290267 -121.669458     3.622     -220.1      170.7    -1278.7    111.8    105.3    201.9 1992  8 29 17  4 29.020  1.64   1
   314921  37.288163 -121.668823     4.069     -163.8      -62.8     -831.5    112.3     85.3    158.1 1992  9 11  1 22 13.650  1.06   1
   322432  37.286918 -121.665869     4.461       98.1     -201.0     -439.7    111.4    109.6    147.5 1992 11  5 12 35  5.470  1.26   1
   327300  37.291817 -121.668880     5.859     -168.9      342.8      958.8     99.7     97.9    216.1 1992 11 29  5  3  2.720  1.73   1
   330647  37.290320 -121.669417     4.248     -216.5      176.6     -652.4    111.1     75.7    139.2 1993  1  2 11 32 10.020  1.10   1
   331552  37.291785 -121.671615     3.840     -411.3      339.1    -1060.6    131.0     95.2    266.9 1993  1  9 17 48 38.720  1.01   1
   331635  37.291203 -121.670768     3.606     -336.3      274.6    -1294.1    135.7     98.5    241.9 1993  1 10 22 13  9.440  1.20   1
   339439  37.285087 -121.661865     5.955      453.2     -404.2     1054.9    107.4     85.3    211.2 1993  3  7  1 47 38.410  1.22   1
   339511  37.285368 -121.663070     5.983      346.4     -373.0     1082.9    102.3     84.2    225.1 1993  3  8  9 25 39.610  1.01   1
   352620  37.289014 -121.667839     3.790      -76.5       31.6    -1110.4    111.0     87.0    182.5 1993  6  8  9 15  1.380  0.83   1
 30036393  37.291671 -121.670996     4.112     -356.5      326.5     -788.0    118.6    136.4    392.9 1993 12  1  0 25 49.530  0.98   1
   389286  37.289103 -121.669312     3.661     -207.1       41.5    -1239.5    106.2     78.3    178.1 1993 12 20 22 35  7.800  1.77   1
   391772  37.290438 -121.669287     4.298     -204.9      189.7     -602.6    109.8     70.0    151.0 1994  1 19  7 46 39.590  0.96   1
   391983  37.290133 -121.669604     4.428     -233.1      155.8     -472.5    113.4     88.4    180.7 1994  1 20  7 20 41.680  0.90   1
   399980  37.290226 -121.670272     3.528     -292.3      166.2    -1372.8    107.3     76.2    175.2 1994  4  6  4 11 34.960  1.38   1
   400563  37.285620 -121.666919     3.282        5.1     -345.0    -1617.8    113.8     81.5    187.1 1994  4 16 13 10 52.340  2.00   1
   401879  37.290019 -121.666455     5.617       46.2      143.2      717.1     96.7     71.6    204.0 1994  5  8 23  4 53.240  1.61   1
 30049085  37.287887 -121.665633     5.691      119.1      -93.5      790.5     99.8     74.5    215.6 1994  5 13 11 15 14.850  1.56   1
 30051942  37.290828 -121.667969     5.208      -88.0      233.0      307.4     91.1     75.5    231.0 1994  6 30 14 25 51.030  1.83   1
 30051943  37.291589 -121.668449     5.625     -130.6      317.5      725.0     89.5     83.3    214.5 1994  6 30 14 29 15.060  1.38   1
 30054274  37.293368 -121.673031     3.625     -536.9      514.8    -1275.3    138.4    126.0    311.0 1994  8  4 17 19  8.160  1.37   1
 30057908  37.285661 -121.664030     5.916      261.2     -340.5     1015.6     95.5     63.0    194.3 1994  9 17 17 57  1.520  2.38   1
 30058785  37.285791 -121.664250     5.857      241.8     -326.0      956.7     90.5     67.1    191.8 1994  9 25 23  4 28.000  2.36   1
 30062741  37.289832 -121.669889     3.620     -258.3      122.4    -1280.0    106.2     78.6    169.2 1994 11 16 16 50 58.150  2.01   1
 30062748  37.290080 -121.669637     3.730     -236.0      149.9    -1170.8    105.3     76.6    183.3 1994 11 16 18  3 42.360  1.27   1
 30069218  37.288334 -121.668042     4.072      -94.5      -43.8     -827.9    112.5     82.8    144.8 1995  3  3  9 38 49.200  1.20   1
 30069222  37.288851 -121.669466     3.972     -220.8       13.5     -928.7    109.1     68.7    151.9 1995  3  3 12 30 15.850  1.75   1
 30069457  37.289071 -121.669548     3.574     -228.0       37.9    -1326.6    111.5     86.3    181.6 1995  3  7 13 19 41.960  1.26   1
 30071053  37.285616 -121.662834     6.250      367.3     -345.5     1349.9     98.9     68.2    198.7 1995  4  5  7 55 21.350  2.80   1
 30072363  37.284847 -121.662044     5.786      437.3     -430.8      885.9    102.7     79.4    214.8 1995  4 26 17 54  9.660  1.14   1
 30073191  37.291781 -121.671712     3.797     -420.0      338.7    -1103.4    133.6    104.6    306.2 1995  5 14 11 18 47.000  1.02   1
 30074975  37.290617 -121.668774     4.448     -159.5      209.5     -452.8    109.5     85.8    172.1 1995  6 15 22 23  1.320  1.34   1
 30076454  37.290495 -121.670736     4.498     -333.4      196.0     -402.0     80.9     72.1    229.6 1995  7  4 11 20 49.790  2.65   1
 30077970  37.288045 -121.666064     5.690       80.8      -75.9      789.9    106.0    106.0    218.1 1995  7 24  8 37 43.620  1.26   1
 30090632  37.287004 -121.666821     4.107       13.7     -191.5     -793.3    114.0    110.3    164.2 1995 11 25 19 22  6.180  2.56   1
 30091051  37.287406 -121.665535     5.689      127.7     -146.8      788.5     89.7     74.9    200.9 1995 12  2  1 12 15.750  1.40   1
 30092060  37.289124 -121.669995     3.803     -267.7       43.8    -1097.4    109.5     75.1    150.4 1995 12 15 18 53 39.820  1.82   1
 30107700  37.293713 -121.672583     3.626     -497.2      553.2    -1274.5    132.8    113.7    315.1 1996  5 30 18 47 12.480  1.35   1
   478138  37.290027 -121.669198     3.712     -197.0      144.1    -1188.4    108.7     72.3    163.4 1996  9  2 20 27  0.360  1.99   1
   478141  37.291382 -121.669539     4.109     -227.3      294.4     -791.3    113.6     82.4    192.1 1996  9  2 20 36  3.960  1.38   1
   478159  37.288420 -121.668498     4.501     -134.9      -34.3     -399.1     94.5     92.1    180.8 1996  9  3  0  2  4.940  1.17   1
   482382  37.285046 -121.662158     5.693      427.2     -408.7      792.4     91.6     64.3    186.3 1996 10 19  4 32 38.790  1.30   1
   483500  37.287992 -121.666431     6.332       48.3      -81.7     1431.5    100.9     77.6    225.3 1996 11  2 12 22 52.340  2.29   1
   485145  37.285022 -121.666439     3.431       47.6     -411.4    -1469.7    110.9     77.6    183.1 1996 11 20 12 25 42.190  1.93   1
   502047  37.289876 -121.665739     6.446      109.7      127.3     1545.4    107.8     79.9    215.9 1997  4 20 17  8  1.560  1.79   1
   522670  37.286206 -121.663965     6.414      267.0     -280.0     1514.0    104.6     73.2    210.1 1997  9 26 19 58  2.480  3.09   1
   523141  37.289632 -121.667293     5.854      -28.1      100.3      954.1     76.6     71.8    198.0 1997  9 29  3  7 46.980  1.55   1
   529274  37.288590 -121.669312     3.846     -207.1      -15.4    -1054.6    109.9     77.5    141.5 1997 10 28 12  1 44.750  1.61   1
